600 1820 240

0 25 200
1 50 500
2 75 800
3 100 1200
4 125 1700
5 150 2300
6 175 3000
7 200 3800
8 225 4600
9 250 5500

0 1500
1 1500
2 1500
3 1500
4 1500
5 2000
6 2000
7 1500
8 2000
9 2000
10 1000
11 1000
12 1000
13 2000
14 1000
15 1500
16 2000
17 1500
18 2000
19 1000
20 1500
21 2000
22 1000
23 2000
24 1500
25 1500
26 1500
27 1500
28 2000
29 1000
30 1000
31 2000
32 2000
33 2000
34 2000
35 1500
36 1500
37 1500
38 2000
39 2000
40 1000
41 2000
42 1500
43 1000
44 1500
45 2000
46 2000
47 2000
48 1500
49 1000
50 1000
51 1500
52 500
53 2000
54 2000
55 1000
56 2000
57 1000
58 1500
59 2000
60 1500
61 1500
62 1500
63 1500
64 1500
65 2000
66 2000
67 2000
68 2000
69 2000
70 2000
71 2000
72 1500
73 2000
74 1000
75 2000
76 1500
77 2000
78 1000
79 1000
80 1000
81 2000
82 2000
83 2000
84 2000
85 1500
86 1500
87 1500
88 2000
89 1500
90 1000
91 1000
92 1000
93 2000
94 2000
95 2000
96 2000
97 1500
98 2000
99 2000
100 1500
101 1000
102 1000
103 1500
104 1500
105 1500
106 1000
107 2000
108 2000
109 1500
110 1000
111 1000
112 2000
113 2000
114 2000
115 1500
116 1500
117 500
118 500
119 2000
120 1000
121 1000
122 2000
123 1000
124 2000
125 2000
126 1000
127 2000
128 2000
129 1000
130 1500
131 1500
132 1500
133 1500
134 1500
135 2000
136 1500
137 2000
138 2000
139 2000
140 2000
141 2000
142 1500
143 1000
144 1000
145 1000
146 2000
147 2000
148 2000
149 2000
150 2000
151 2000
152 1000
153 1500
154 2000
155 1500
156 1500
157 1000
158 1500
159 1000
160 2000
161 1000
162 1000
163 2000
164 1500
165 1500
166 1500
167 1500
168 1500
169 1000
170 1500
171 1000
172 2000
173 1500
174 2000
175 1500
176 1000
177 2000
178 2000
179 2000
180 2000
181 1000
182 1000
183 1000
184 1500
185 1500
186 1500
187 1500
188 1500
189 1500
190 2000
191 2000
192 2000
193 2000
194 2000
195 1500
196 1500
197 2000
198 1000
199 1500
200 2000
201 2000
202 1500
203 2000
204 1500
205 1000
206 1500
207 1500
208 2000
209 2000
210 1500
211 1500
212 1500
213 2000
214 1000
215 1000
216 2000
217 1000
218 1000
219 1500
220 2000
221 2000
222 2000
223 1500
224 1000
225 1500
226 1500
227 2000
228 2000
229 2000
230 2000
231 1500
232 1000
233 2000
234 2000
235 1500
236 1500
237 1500
238 1500
239 1500
240 1500
241 1500
242 2000
243 1500
244 2000
245 1500
246 1500
247 2000
248 2000
249 1000
250 1000
251 1500
252 2000
253 1500
254 2000
255 2000
256 2000
257 1500
258 2000
259 2000
260 1000
261 2000
262 2000
263 2000
264 1500
265 1500
266 1000
267 2000
268 1000
269 1500
270 1500
271 2000
272 1000
273 1000
274 2000
275 1500
276 1000
277 1500
278 1500
279 1500
280 2000
281 1000
282 2000
283 1500
284 1500
285 2000
286 1000
287 2000
288 500
289 1000
290 2000
291 2000
292 1500
293 1000
294 2000
295 1000
296 2000
297 1000
298 1000
299 2000
300 1000
301 1500
302 1500
303 1500
304 1500
305 1500
306 1500
307 1500
308 2000
309 1000
310 2000
311 1000
312 2000
313 2000
314 1500
315 1000
316 2000
317 1500
318 2000
319 1500
320 1000
321 1500
322 1500
323 1500
324 1500
325 1500
326 1500
327 500
328 2000
329 2000
330 2000
331 2000
332 1000
333 2000
334 1500
335 1500
336 2000
337 1500
338 2000
339 2000
340 2000
341 2000
342 2000
343 1000
344 1500
345 1500
346 1500
347 1500
348 2000
349 1000
350 1500
351 1000
352 1500
353 2000
354 2000
355 1000
356 1000
357 1000
358 1000
359 1500
360 500
361 1000
362 1500
363 1000
364 2000
365 1500
366 1500
367 1500
368 1500
369 1500
370 2000
371 1000
372 1500
373 1000
374 2000
375 2000
376 2000
377 1500
378 1000
379 2000
380 2000
381 2000
382 2000
383 1000
384 1000
385 1000
386 2000
387 2000
388 1000
389 2000
390 1500
391 1500
392 1000
393 1500
394 1500
395 1500
396 1000
397 1500
398 2000
399 1500
400 2000
401 1500
402 1000
403 2000
404 1500
405 2000
406 1000
407 1500
408 2000
409 2000
410 1000
411 2000
412 1000
413 1500
414 1000
415 1500
416 2000
417 1500
418 2000
419 1000
420 2000
421 1000
422 1000
423 500
424 1000
425 1000
426 1000
427 1500
428 1500
429 2000
430 1500
431 2000
432 1000
433 2000
434 1500
435 1500
436 1500
437 1000
438 1500
439 1500
440 2000
441 1000
442 2000
443 2000
444 2000
445 1000
446 2000
447 1000
448 1000
449 2000
450 1500
451 1000
452 1500
453 2000
454 1000
455 1500
456 1000
457 1500
458 1500
459 2000
460 1500
461 1500
462 1500
463 1500
464 2000
465 2000
466 2000
467 1000
468 1000
469 1000
470 2000
471 1000
472 2000
473 1500
474 1000
475 1500
476 2000
477 1500
478 1000
479 2000
480 1000
481 1500
482 1500
483 1500
484 1500
485 1500
486 1500
487 1500
488 2000
489 2000
490 2000
491 2000
492 1500
493 2000
494 1500
495 2000
496 1000
497 2000
498 1500
499 2000
500 1500
501 2000
502 1500
503 1000
504 2000
505 1500
506 1000
507 2000
508 1000
509 1000
510 1500
511 1500
512 1000
513 1000
514 2000
515 1500
516 1500
517 1500
518 1500
519 1500
520 1500
521 2000
522 2000
523 1500
524 2000
525 2000
526 2000
527 2000
528 2000
529 2000
530 2000
531 1500
532 2000
533 2000
534 2000
535 2000
536 2000
537 1000
538 2000
539 2000
540 2000
541 2000
542 2000
543 2000
544 1000
545 1500
546 1500
547 1500
548 1000
549 2000
550 2000
551 1000
552 1500
553 2000
554 2000
555 2000
556 1000
557 2000
558 1000
559 1000
560 1500
561 1500
562 1500
563 1500
564 1500
565 1500
566 2000
567 2000
568 1500
569 1500
570 2000
571 2000
572 2000
573 1000
574 2000
575 2000
576 2000
577 2000
578 2000
579 1500
580 2000
581 2000
582 2000
583 2000
584 1500
585 1500
586 1500
587 1500
588 1000
589 1000
590 2000
591 1000
592 1000
593 1000
594 2000
595 1000
596 2000
597 1500
598 1000
599 2000

0 1 30 5
0 2 29 7
0 3 28 1
0 4 38 10
0 5 29 1
0 6 42 3
0 7 5 8
0 8 49 1
0 9 11 9
0 10 2 2
0 25 35 4
0 37 41 3
0 51 48 1
0 105 9 10
0 188 17 6
0 307 50 8
0 325 11 9
0 430 45 8
0 438 46 5
0 564 35 2
1 2 44 3
1 3 39 1
1 4 11 8
1 11 1 3
1 12 39 2
1 13 4 9
1 14 28 10
1 26 31 5
1 51 17 5
1 132 49 8
1 188 15 4
1 226 48 6
1 237 39 4
1 270 37 1
1 306 44 9
1 323 24 8
1 352 42 4
1 395 23 5
1 396 36 10
1 461 43 1
1 546 15 10
1 586 28 10
2 3 28 6
2 4 48 5
2 15 43 6
2 16 42 9
2 17 49 10
2 18 25 10
2 19 40 4
2 37 39 4
2 87 4 10
2 104 45 7
2 155 5 8
2 211 38 5
2 270 39 1
2 435 45 10
2 460 41 1
2 518 43 9
2 519 14 9
2 560 42 5
2 586 20 5
3 4 13 6
3 20 20 2
3 21 7 7
3 62 43 3
3 87 6 5
3 165 16 7
3 225 19 10
3 278 1 7
3 300 20 3
3 350 26 6
3 369 26 2
3 430 29 2
3 486 7 4
4 22 1 9
4 23 40 8
4 24 12 2
4 63 32 1
4 156 38 1
4 166 21 10
4 235 19 1
4 279 50 9
4 369 29 1
4 485 43 3
4 545 7 3
5 534 23 4
6 253 23 8
7 10 9 5
7 33 7 6
7 120 21 10
9 507 20 10
12 257 38 8
15 108 20 8
17 113 17 7
17 550 13 9
20 571 15 6
21 190 45 9
23 216 37 4
24 266 12 5
24 514 7 6
25 26 26 8
25 27 7 4
25 28 10 9
25 29 41 3
25 35 20 7
25 50 2 1
25 51 36 1
25 87 3 7
25 132 42 1
25 155 3 7
25 156 43 3
25 168 18 3
25 187 21 3
25 212 32 10
25 225 6 10
25 236 18 8
25 278 17 10
25 279 30 2
25 300 7 3
25 305 9 3
25 307 44 3
25 394 32 9
25 430 40 9
25 462 35 8
25 484 3 10
25 519 26 8
25 546 48 1
25 560 42 1
25 561 39 7
25 586 22 5
26 30 12 4
26 31 12 2
26 32 24 2
26 33 32 5
26 34 50 6
26 36 14 7
26 62 6 4
26 64 31 1
26 85 13 2
26 100 23 8
26 105 32 8
26 131 45 4
26 167 33 4
26 185 50 7
26 210 14 6
26 225 27 2
26 240 8 1
26 270 9 4
26 300 35 7
26 321 36 2
26 325 8 8
26 350 22 7
26 352 4 10
26 365 26 6
26 368 2 10
26 391 23 10
26 430 40 9
26 436 36 8
26 438 14 6
26 516 31 2
26 547 1 6
26 585 16 5
27 113 27 6
30 264 4 1
31 33 18 2
32 257 28 8
35 36 31 7
35 37 42 6
35 38 49 7
35 39 28 1
35 40 44 2
35 41 19 9
35 42 37 4
35 50 26 10
35 64 33 8
35 134 28 9
35 166 47 8
35 225 25 7
35 270 39 6
35 278 43 10
35 322 16 4
35 368 37 7
35 438 40 2
35 485 47 5
35 545 23 5
36 37 16 8
36 43 24 6
36 44 12 10
36 45 34 4
36 51 12 2
36 86 28 9
36 131 37 5
36 155 26 4
36 188 25 1
36 210 49 9
36 240 7 6
36 300 1 2
36 307 34 8
36 321 23 10
36 352 11 3
36 366 30 10
36 430 20 8
36 439 26 7
36 486 12 5
36 519 45 5
36 545 36 5
36 561 38 6
36 586 44 10
36 587 6 7
37 46 14 2
37 47 2 9
37 48 35 9
37 49 28 7
37 64 48 7
37 87 49 10
37 100 7 1
37 103 33 6
37 167 42 7
37 212 42 7
37 226 40 10
37 237 18 2
37 279 32 8
37 300 13 10
37 306 10 2
37 350 19 9
37 391 29 5
37 430 10 9
37 461 25 7
37 462 28 10
37 518 43 3
37 560 30 3
38 256 8 9
38 376 29 5
39 269 19 4
39 528 33 9
41 70 27 9
41 553 20 3
42 280 31 2
43 171 5 6
43 551 19 1
44 84 23 9
47 596 35 2
48 571 15 3
50 51 8 5
50 52 33 9
50 61 13 6
50 86 38 1
50 87 4 5
50 132 12 10
50 155 12 10
50 189 43 4
50 212 47 3
50 226 34 7
50 240 49 1
50 270 6 8
50 275 43 6
50 300 29 7
50 351 29 2
50 365 46 9
50 369 50 2
50 390 36 4
50 436 12 8
50 463 35 7
50 482 25 6
50 484 23 2
50 515 20 9
50 518 48 10
50 547 44 7
50 587 32 6
51 53 29 4
51 54 44 7
51 55 30 3
51 56 36 4
51 57 39 4
51 58 19 8
51 59 9 9
51 62 49 10
51 100 13 5
51 102 29 6
51 133 28 7
51 155 40 4
51 166 10 7
51 186 40 5
51 212 7 4
51 226 16 9
51 240 13 3
51 270 50 9
51 279 28 10
51 300 20 4
51 305 50 4
51 307 48 2
51 323 17 7
51 352 9 10
51 391 49 7
51 430 14 3
51 435 3 1
51 545 50 9
51 563 27 6
51 564 47 9
51 587 37 10
52 79 32 9
52 332 43 1
53 195 17 4
56 533 19 1
58 111 22 6
58 242 2 6
59 107 49 8
60 61 35 6
60 62 19 10
60 63 22 2
60 64 31 1
60 65 8 8
60 66 23 5
60 67 33 2
60 68 7 10
60 69 21 9
60 70 24 8
60 71 48 8
60 104 35 9
60 132 19 4
60 155 5 8
60 323 43 6
60 367 14 10
60 392 18 4
60 430 29 4
60 437 13 1
60 516 7 4
60 546 36 7
61 62 16 6
61 63 19 2
61 64 34 7
61 72 29 8
61 73 27 3
61 87 19 6
61 102 42 4
61 210 17 9
61 225 11 2
61 270 45 1
61 300 2 8
61 306 8 5
61 394 33 8
61 430 18 4
61 462 14 4
62 63 10 10
62 64 23 2
62 74 40 10
62 75 16 2
62 76 42 3
62 77 30 7
62 85 26 5
62 167 6 5
62 185 2 2
62 225 11 9
62 276 50 10
62 300 20 2
62 463 1 6
62 480 31 7
62 517 37 5
62 546 5 9
62 585 20 5
63 64 1 10
63 78 24 5
63 79 37 10
63 80 9 4
63 81 30 7
63 82 35 3
63 166 33 9
63 188 20 7
63 212 33 8
63 235 28 4
63 270 34 10
63 279 19 7
63 320 45 4
63 351 45 9
63 564 50 9
63 586 38 2
64 83 45 6
64 84 33 5
64 155 48 1
64 238 46 6
64 305 28 3
64 367 23 8
64 437 13 10
64 482 13 3
64 563 26 7
65 173 18 8
65 308 47 7
66 114 30 2
66 175 6 4
66 401 42 4
66 427 16 5
66 565 38 5
68 555 22 5
69 346 20 2
71 317 8 7
71 415 48 6
72 490 21 8
76 108 25 9
76 199 6 6
76 266 42 5
76 550 34 6
77 147 15 6
81 149 40 4
81 219 47 3
81 404 1 9
81 475 19 2
82 153 46 7
82 504 11 10
85 86 50 3
85 87 26 10
85 88 39 2
85 89 36 8
85 90 33 5
85 103 30 6
85 131 23 9
85 155 13 6
85 156 16 10
85 166 25 8
85 168 11 9
85 189 43 1
85 210 17 5
85 225 18 5
85 235 30 8
85 270 47 3
85 320 40 5
85 430 29 10
85 436 24 10
85 463 13 3
85 481 26 9
85 483 21 9
85 560 27 10
85 587 33 3
86 87 29 5
86 91 1 7
86 92 21 6
86 93 9 4
86 94 42 9
86 101 14 9
86 225 38 4
86 300 31 2
86 305 40 1
86 306 15 7
86 323 18 8
86 350 7 3
86 351 50 6
86 366 29 3
86 395 31 8
86 430 41 6
86 438 6 1
86 515 2 3
86 546 48 8
87 95 47 1
87 96 38 8
87 97 29 6
87 98 35 7
87 99 33 5
87 133 40 10
87 185 23 10
87 210 49 4
87 240 38 2
87 270 6 6
87 277 34 7
87 279 13 10
87 368 19 10
87 394 36 1
87 461 38 7
87 520 27 1
87 547 7 6
87 560 12 4
87 587 31 3
88 472 20 10
89 108 35 5
91 159 27 6
92 115 26 5
94 319 30 2
95 193 4 9
95 318 40 9
95 472 6 3
95 552 29 4
95 565 5 3
97 98 21 10
97 106 33 5
100 101 26 2
100 102 6 2
100 103 4 1
100 104 22 4
100 105 21 6
100 106 19 6
100 107 21 7
100 108 15 1
100 109 1 7
100 110 11 9
100 111 4 8
100 112 8 2
100 113 48 10
100 114 40 2
100 155 4 1
100 239 13 6
100 270 3 6
100 276 27 7
100 300 9 1
100 430 37 7
101 102 40 6
101 103 49 4
101 104 42 2
101 105 5 1
101 115 48 1
101 116 9 2
101 117 1 3
101 130 12 8
101 133 17 6
101 166 7 5
101 167 29 8
101 270 21 3
101 306 4 3
101 365 32 6
101 547 23 8
101 560 9 3
102 103 45 9
102 104 40 2
102 105 15 4
102 118 30 6
102 210 43 4
102 324 38 7
102 438 49 8
102 460 22 9
102 463 31 3
102 585 6 6
103 104 39 8
103 105 31 5
103 119 20 4
103 120 17 5
103 121 2 2
103 122 35 9
103 123 2 4
103 155 6 6
103 225 46 4
103 305 18 8
103 351 1 5
103 352 10 2
103 430 8 3
103 437 37 8
103 482 7 4
103 484 27 9
104 105 37 8
104 124 29 9
104 125 18 4
104 126 1 2
104 127 19 8
104 236 35 6
104 278 45 9
104 300 46 4
104 320 44 9
104 368 37 3
104 390 11 4
104 516 8 6
104 585 47 4
105 128 18 10
105 129 36 10
105 185 39 7
105 186 42 8
105 211 50 1
105 226 27 2
105 391 5 8
105 515 34 10
105 545 15 6
105 561 47 10
109 111 17 7
109 149 17 8
109 170 21 6
109 405 41 5
109 409 41 3
109 501 19 8
110 456 19 8
112 470 7 10
113 251 27 4
115 312 18 9
116 581 39 4
117 144 28 7
118 289 6 9
119 180 4 9
119 359 11 6
122 302 7 4
123 218 42 9
125 199 3 6
128 434 20 3
129 344 12 10
130 131 44 8
130 132 36 8
130 133 36 6
130 134 42 4
130 135 13 6
130 136 6 3
130 137 9 10
130 138 37 5
130 139 45 7
130 166 39 4
130 225 34 3
130 236 31 9
130 270 23 6
130 276 7 1
130 300 37 5
130 365 16 9
130 369 45 10
130 545 12 5
130 587 12 2
131 132 40 3
131 133 8 2
131 134 16 6
131 140 50 7
131 141 25 7
131 142 34 9
131 143 28 6
131 185 35 4
131 210 25 8
131 300 37 5
131 305 34 7
131 351 29 4
131 430 29 1
131 486 48 4
131 520 7 6
131 545 46 9
131 563 20 4
132 133 48 2
132 134 23 1
132 144 5 7
132 145 35 10
132 146 50 5
132 147 19 1
132 148 37 6
132 149 45 7
132 167 28 7
132 226 25 1
132 270 43 3
132 307 27 9
132 390 45 6
132 462 41 6
133 134 26 1
133 150 19 6
133 151 41 1
133 152 20 2
133 153 1 8
133 156 7 4
133 188 41 1
133 277 12 4
133 352 25 2
133 430 48 10
133 436 30 4
133 437 18 10
133 463 3 10
133 481 31 6
133 520 32 1
133 564 36 10
133 585 27 9
134 154 42 3
134 155 7 8
134 211 27 1
134 236 22 4
134 322 36 3
134 324 34 1
136 514 2 2
137 291 32 4
138 488 50 9
139 154 1 1
139 271 48 9
139 299 35 3
139 497 10 10
140 199 15 7
140 283 36 3
141 326 33 8
141 346 12 6
142 499 39 7
148 301 35 7
148 407 30 2
148 523 1 3
149 572 48 10
150 175 44 2
151 433 39 8
153 508 13 1
155 156 23 2
155 157 49 3
155 158 5 2
155 159 2 6
155 160 33 9
155 161 30 4
155 162 28 10
155 166 14 10
155 185 7 3
155 210 43 2
155 237 22 5
155 270 45 6
155 278 28 8
155 279 31 7
155 300 28 6
155 307 2 10
155 325 6 8
155 350 24 3
155 391 5 4
155 430 41 6
155 436 35 5
155 463 2 10
155 519 47 9
155 545 11 2
155 561 45 8
155 585 43 10
156 163 50 5
156 164 3 6
156 166 28 8
156 211 8 6
156 225 30 10
156 226 32 4
156 237 14 8
156 270 24 7
156 307 47 8
156 324 44 2
156 366 46 1
156 367 9 10
156 430 38 8
156 439 47 6
156 462 43 10
156 480 21 9
156 482 40 8
156 519 28 9
156 545 1 5
156 563 19 6
156 587 19 9
158 530 39 6
160 178 38 5
160 292 13 2
160 505 14 7
164 541 42 10
165 166 3 5
165 167 48 7
165 168 22 8
165 169 46 2
165 170 28 1
165 171 25 5
165 172 10 4
165 173 5 8
165 174 44 8
165 186 3 1
165 189 13 6
165 270 14 2
165 277 44 4
165 306 37 9
165 322 18 8
165 394 8 8
165 430 35 1
165 481 20 1
165 485 38 2
165 547 49 7
165 560 4 3
166 167 19 8
166 168 13 5
166 175 22 7
166 176 12 10
166 177 6 6
166 178 40 5
166 210 38 6
166 240 32 4
166 241 16 1
166 279 32 4
166 300 17 6
166 463 2 5
166 517 22 3
166 546 49 2
167 168 36 6
167 179 7 2
167 270 4 2
167 300 26 4
167 305 22 2
167 321 45 9
167 351 48 1
167 396 11 8
167 437 43 9
167 438 44 3
167 462 44 10
167 519 1 3
167 587 44 6
168 180 24 2
168 181 20 5
168 182 28 1
168 183 39 1
168 184 22 1
168 212 29 9
168 225 24 2
168 352 11 6
168 365 9 4
168 369 21 3
168 563 37 3
168 587 48 2
170 274 35 1
171 384 31 6
171 447 1 3
172 529 21 7
174 184 21 3
178 453 19 8
181 361 1 10
183 441 29 10
184 333 6 8
184 470 12 1
185 186 13 8
185 187 9 8
185 188 30 3
185 189 50 4
185 190 40 4
185 191 8 1
185 236 16 6
185 305 17 2
185 307 23 5
185 325 10 10
185 365 5 5
185 436 5 7
185 460 2 5
185 481 46 9
185 585 48 8
186 187 3 7
186 188 46 3
186 189 5 6
186 192 32 2
186 193 36 9
186 194 29 8
186 195 5 1
186 196 30 5
186 197 45 4
186 270 15 9
186 275 37 3
186 322 36 2
186 430 32 3
186 485 35 1
186 518 49 6
186 545 36 1
186 547 31 3
186 587 49 5
187 188 12 3
187 189 22 3
187 198 1 1
187 199 26 3
187 200 16 7
187 201 18 2
187 202 29 8
187 211 30 9
187 225 12 2
187 226 26 10
187 241 8 9
187 275 3 10
187 300 38 6
187 351 18 2
187 365 44 3
187 390 29 5
187 397 18 10
187 463 8 3
187 515 8 7
187 560 28 10
188 189 37 1
188 203 5 8
188 204 50 2
188 561 40 6
189 205 39 9
189 206 14 3
189 207 45 4
189 208 9 10
189 209 37 8
189 212 38 7
189 300 6 7
189 351 17 9
189 435 22 9
193 253 5 8
194 284 11 10
194 510 29 5
195 326 49 3
196 514 6 4
197 202 50 6
197 257 50 4
197 282 31 7
199 494 43 10
200 579 28 6
201 524 34 7
202 214 27 9
202 222 18 6
202 578 6 1
204 299 41 2
205 293 1 10
206 308 47 6
206 503 49 7
207 443 21 3
209 492 49 5
209 569 36 9
210 211 29 2
210 212 10 8
210 213 13 6
210 214 50 1
210 239 16 6
210 300 27 9
210 325 24 1
210 350 45 1
210 366 40 9
210 369 38 8
210 546 10 3
211 212 32 7
211 215 3 9
211 216 25 8
211 217 3 9
211 218 44 9
211 219 13 3
211 220 38 6
211 225 6 1
211 239 22 1
211 270 5 3
211 275 23 5
211 300 13 6
211 391 48 5
211 430 46 2
211 435 41 5
211 462 26 6
211 481 2 5
211 516 26 8
211 519 7 10
211 564 13 1
212 221 10 10
212 222 2 3
212 223 44 3
212 224 21 1
212 225 14 3
212 278 41 2
212 305 16 5
212 306 9 5
212 322 30 6
212 351 13 8
212 396 32 10
212 430 12 1
212 438 27 9
212 462 31 10
212 486 24 2
212 546 43 2
212 560 23 5
212 587 8 2
214 469 20 6
216 264 13 2
217 592 35 5
217 595 40 5
218 417 6 7
219 341 25 5
219 450 22 6
223 379 14 7
223 454 20 4
225 226 32 5
225 227 46 9
225 228 38 4
225 229 8 3
225 230 35 8
225 270 10 8
225 278 10 1
225 300 45 2
225 323 42 8
225 324 47 9
225 350 40 7
225 351 50 3
225 367 6 8
225 392 20 2
225 437 37 4
225 462 43 7
225 564 21 3
225 585 29 9
226 231 28 7
226 232 38 10
226 233 46 1
226 234 48 7
226 235 35 1
226 239 43 2
226 270 26 6
226 276 10 7
226 300 2 7
226 306 15 4
226 307 47 9
226 369 46 6
226 393 44 10
226 430 18 7
226 436 34 2
226 460 8 10
226 482 44 3
226 486 22 10
226 516 28 7
226 546 37 10
226 547 12 5
226 562 7 9
226 587 15 2
228 256 31 1
228 259 26 10
228 389 5 7
228 407 36 8
228 572 38 9
229 446 29 9
229 479 38 5
230 507 34 5
230 566 28 4
231 318 6 2
231 342 45 10
234 318 26 6
234 531 7 9
235 236 24 8
235 237 5 9
235 238 14 4
235 239 9 5
235 240 47 9
235 241 50 7
235 242 15 7
235 243 19 8
235 244 22 2
235 245 6 9
235 246 39 1
235 247 34 10
235 248 8 10
235 249 21 8
235 250 32 6
235 306 29 7
235 321 40 2
235 367 15 5
235 368 12 9
235 390 41 7
235 392 35 10
235 430 30 10
235 461 32 4
235 462 12 7
235 480 31 1
235 482 15 8
236 237 43 10
236 238 36 10
236 239 44 9
236 240 26 6
236 241 24 10
236 251 33 6
236 252 34 4
236 270 42 4
236 300 18 3
236 516 35 10
236 587 36 3
237 238 24 7
237 239 3 6
237 240 7 3
237 241 3 10
237 253 28 10
237 254 26 7
237 279 7 8
237 350 14 10
237 430 6 10
237 439 40 2
237 546 24 1
238 134 25 2
238 239 48 2
238 240 39 4
238 241 37 2
238 255 39 5
238 256 11 6
238 257 40 4
238 258 36 9
238 350 50 6
238 469 34 6
238 518 24 1
238 564 29 10
239 240 28 3
239 241 29 1
239 259 25 8
239 305 2 4
240 241 22 2
240 260 37 1
240 261 47 9
240 262 48 7
240 263 46 8
240 264 48 2
240 265 15 5
240 270 41 6
240 277 28 4
240 438 1 6
240 547 38 10
240 586 25 10
241 266 22 4
241 267 9 9
241 268 39 9
241 269 50 2
241 300 25 4
241 325 30 10
241 563 5 5
242 338 35 2
242 504 25 10
242 583 42 1
243 258 20 5
243 330 18 6
243 373 18 3
243 458 37 10
244 401 2 2
245 318 15 5
246 554 22 5
247 251 47 9
253 532 31 10
254 511 29 5
257 434 35 1
259 428 12 1
263 364 28 6
263 567 31 7
264 451 9 7
265 267 19 5
265 389 33 3
266 337 17 8
269 497 29 2
269 553 38 8
270 271 27 2
270 272 34 8
270 273 47 8
270 274 38 5
270 275 29 2
270 279 21 2
270 300 42 9
270 305 26 8
270 322 19 5
270 324 38 6
270 351 19 2
270 367 50 4
270 368 32 5
270 394 30 4
270 396 17 5
270 430 23 5
270 435 22 1
270 439 37 9
270 462 48 5
270 463 21 9
270 480 37 1
270 515 43 3
270 545 5 5
270 547 18 8
270 560 3 1
270 562 34 5
270 585 9 6
270 586 47 10
271 375 39 2
273 404 23 7
274 387 38 9
275 276 29 5
275 277 5 8
275 278 45 2
275 279 43 9
275 280 47 8
275 281 40 10
275 282 49 6
275 283 15 4
275 284 50 9
275 285 24 10
275 286 41 1
275 287 31 10
275 300 43 10
275 305 29 3
275 394 10 5
275 430 31 10
275 517 17 7
275 546 23 4
275 564 2 6
276 277 45 10
276 278 5 1
276 279 12 10
276 288 8 1
276 306 29 3
276 352 49 4
276 437 13 4
276 438 16 1
276 461 13 7
276 480 26 1
276 546 11 7
277 278 21 7
277 279 25 2
277 289 18 1
277 290 15 5
277 291 47 6
277 292 39 10
277 293 20 9
277 367 34 9
277 463 36 1
277 586 45 2
278 279 26 4
278 294 44 3
278 295 8 2
278 296 22 6
278 297 40 4
278 298 28 6
278 323 22 8
278 368 29 9
279 299 20 8
279 300 22 7
279 321 2 2
279 350 25 3
279 394 19 3
279 430 17 4
279 482 14 3
279 516 34 9
279 563 27 9
279 586 35 9
280 455 39 4
281 427 27 5
282 301 39 8
282 487 16 9
284 286 33 5
287 314 31 1
287 339 16 2
288 591 34 10
291 336 17 7
291 370 41 9
292 492 8 2
294 316 8 3
294 500 48 6
296 459 5 3
296 597 38 4
300 301 45 2
300 302 47 6
300 303 41 1
300 304 24 6
300 306 15 6
300 307 7 4
300 322 27 2
300 323 7 9
300 350 2 1
300 351 1 9
300 366 44 2
300 368 13 1
300 394 12 10
300 396 2 7
300 430 18 3
300 435 3 3
300 438 10 5
300 460 17 10
300 461 6 9
300 486 13 8
300 516 4 4
300 520 41 5
300 545 30 9
300 546 3 8
300 562 9 5
300 564 47 6
300 585 23 6
300 587 12 4
301 406 27 7
303 332 46 9
303 522 22 10
303 591 39 5
304 398 50 4
304 466 19 4
304 510 47 9
304 522 6 1
305 306 8 10
305 307 29 1
305 308 37 10
305 309 35 3
305 310 29 4
305 311 37 10
305 312 24 9
305 313 49 5
305 314 17 3
305 367 34 1
305 393 44 5
305 430 37 2
305 484 12 10
305 560 14 3
305 585 35 8
306 307 16 3
306 315 17 8
306 316 20 4
306 317 49 4
306 323 21 1
306 350 10 6
306 367 42 9
306 390 43 6
306 430 4 5
306 436 35 9
306 437 13 4
306 463 15 8
306 517 13 2
306 518 49 1
306 546 6 6
307 318 27 8
307 319 4 7
307 323 4 5
307 350 38 1
307 481 13 2
307 545 43 5
307 564 26 1
307 587 18 6
310 319 19 6
314 317 30 6
318 408 19 10
318 489 42 3
320 321 12 10
320 322 30 8
320 323 40 7
320 324 26 7
320 325 24 4
320 326 29 2
320 327 5 4
320 430 1 1
320 460 7 2
320 462 38 7
320 485 11 8
320 546 26 5
320 564 9 4
321 322 35 4
321 323 27 5
321 324 6 1
321 325 49 4
321 328 46 6
321 329 28 8
321 330 16 9
321 331 19 8
321 332 26 4
321 333 40 8
321 334 17 4
321 335 41 2
321 366 21 1
321 369 47 6
321 585 27 7
322 323 41 4
322 324 14 9
322 325 8 7
322 336 14 8
322 337 41 3
322 350 46 6
322 438 15 7
322 515 31 2
323 324 8 10
323 325 1 8
323 338 32 8
323 339 2 6
323 340 30 10
323 438 32 10
323 547 37 4
324 325 29 5
324 341 14 10
324 342 34 10
324 343 12 9
324 344 27 8
324 345 24 10
324 346 38 2
324 347 44 3
324 395 39 7
324 430 8 9
324 564 32 4
325 348 41 3
325 349 8 3
325 350 46 1
325 391 8 10
325 484 10 4
325 519 45 5
325 586 15 10
328 583 15 3
330 334 15 1
331 568 4 1
332 334 7 3
333 475 34 2
335 577 19 8
336 417 22 8
337 526 36 6
344 449 9 1
345 525 1 2
346 479 26 5
346 496 43 9
347 434 47 8
347 575 46 4
350 351 38 5
350 352 39 5
350 353 20 10
350 354 11 1
350 355 1 1
350 356 29 2
350 357 26 6
350 358 19 4
350 392 40 7
350 430 7 4
350 516 34 3
350 520 42 9
350 545 41 8
350 546 38 6
351 352 21 9
351 359 4 9
351 360 6 2
351 361 33 10
351 362 8 6
351 368 42 3
351 395 22 6
351 430 22 6
351 436 39 6
351 461 17 8
351 480 48 5
351 561 35 4
351 563 50 3
351 587 34 9
352 363 3 10
352 364 46 1
352 438 43 8
352 484 18 1
352 585 33 3
361 569 6 1
362 590 26 3
363 383 47 2
365 366 42 3
365 367 6 4
365 368 31 4
365 369 12 8
365 370 32 7
365 371 47 10
365 372 36 4
365 373 25 3
365 374 31 4
365 462 11 3
365 484 5 8
365 518 13 9
366 367 24 4
366 368 2 4
366 369 50 1
366 375 8 3
366 393 30 10
366 395 30 9
366 430 50 10
366 460 49 9
366 563 45 5
366 564 16 7
367 368 31 1
367 369 34 6
367 376 19 10
367 377 23 6
367 435 43 2
367 545 27 6
367 585 18 10
368 369 31 6
368 378 37 7
368 379 17 6
368 380 9 7
368 381 29 9
368 382 6 7
368 383 19 10
368 439 36 6
368 518 6 3
369 384 16 3
369 385 19 7
369 386 6 2
369 387 43 3
369 388 26 10
369 389 22 3
369 430 9 4
369 482 17 6
369 546 17 4
369 585 42 2
372 470 41 1
374 500 6 1
377 576 15 9
379 479 33 6
382 495 17 5
384 455 37 1
387 452 19 9
388 496 42 1
390 391 4 6
390 392 47 10
390 393 36 4
390 394 29 3
390 395 36 7
390 396 38 1
390 397 47 8
390 398 42 10
390 399 22 4
390 400 5 2
390 401 27 9
390 402 13 6
390 403 46 5
390 404 8 9
390 460 49 10
390 585 21 8
391 392 38 7
391 393 31 6
391 394 34 2
391 395 35 6
391 396 6 3
391 397 14 7
391 405 7 5
391 406 20 2
391 430 35 3
391 439 5 3
392 393 14 7
392 394 28 8
392 395 9 3
392 396 23 6
392 397 12 1
392 407 50 8
392 460 21 6
392 516 27 8
392 561 41 6
393 394 11 6
393 395 23 1
393 396 48 2
393 397 44 5
393 408 29 2
393 409 6 4
393 410 25 1
393 480 7 2
393 515 37 9
393 547 26 3
393 585 6 8
394 395 49 3
394 396 33 4
394 397 7 4
394 411 20 9
394 412 37 7
394 413 34 3
394 414 8 7
395 396 32 10
395 397 42 6
395 415 40 1
395 416 38 5
395 417 5 5
395 418 36 3
395 419 42 10
395 420 4 6
395 421 35 9
395 436 19 1
395 564 44 3
396 397 15 1
396 422 17 6
396 423 50 7
396 481 32 3
396 547 32 3
397 424 22 8
397 425 14 9
397 426 48 7
397 427 33 7
397 428 3 2
397 429 12 1
397 430 2 4
399 453 8 3
404 414 39 2
408 580 2 6
412 579 21 1
413 429 23 9
415 433 3 7
415 459 24 4
417 504 16 8
418 521 15 7
420 450 37 8
422 568 29 4
427 558 28 10
430 431 32 6
430 432 6 8
430 433 14 5
430 434 24 1
430 435 16 8
430 439 39 9
430 460 30 2
430 463 25 2
430 481 47 6
430 482 6 5
430 519 34 10
430 520 2 1
430 547 7 2
430 561 31 1
430 564 12 9
430 586 12 2
435 436 40 5
435 437 12 10
435 438 13 8
435 439 4 4
435 440 29 4
435 441 17 10
435 442 13 10
435 443 45 9
435 444 10 3
436 437 12 5
436 438 50 4
436 439 25 1
436 445 43 5
436 446 22 6
436 447 30 1
436 448 34 5
436 449 3 6
436 460 36 7
436 485 3 3
436 547 42 6
436 560 6 4
436 587 43 8
437 438 47 3
437 439 25 10
437 450 10 6
438 439 18 7
438 451 23 7
438 452 44 5
438 453 34 9
438 454 16 6
438 455 40 8
438 484 21 3
438 518 18 1
438 519 40 6
438 547 4 2
438 560 12 5
438 585 17 1
439 456 6 6
439 457 8 6
439 458 24 2
439 459 23 8
439 460 38 7
443 494 2 5
452 596 10 7
457 542 16 10
458 533 32 8
460 461 22 7
460 462 12 1
460 463 28 10
460 464 22 10
460 465 44 9
460 466 33 5
460 486 42 4
461 462 29 7
461 463 1 7
461 467 33 3
461 468 18 5
461 469 43 3
461 470 47 7
461 480 25 1
461 518 8 7
461 519 21 4
461 562 9 7
461 564 25 1
461 586 13 10
462 463 11 10
462 471 50 10
462 472 29 1
462 473 14 2
462 474 36 7
462 475 41 10
463 476 24 8
463 477 29 5
463 478 32 9
463 479 18 1
463 545 42 6
463 546 16 10
463 587 19 7
464 553 18 7
465 574 21 4
467 544 46 5
473 493 16 6
476 577 26 5
477 578 25 3
479 502 23 1
480 481 36 10
480 482 20 2
480 483 13 2
480 484 45 4
480 485 45 10
480 486 21 6
480 487 29 2
480 587 46 1
481 482 42 4
481 483 9 10
481 484 38 3
481 485 6 7
481 486 12 8
481 488 46 7
481 489 25 4
481 490 16 7
481 547 33 5
482 483 42 7
482 484 18 10
482 485 27 9
482 486 43 5
482 491 15 5
482 492 7 10
482 564 24 2
483 484 45 9
483 485 17 3
483 486 21 2
483 493 17 8
483 494 3 1
483 495 4 1
483 496 16 4
483 497 20 3
483 498 10 10
483 499 36 10
483 500 10 4
483 516 50 6
483 519 31 8
483 547 45 2
483 586 45 7
484 485 50 5
484 486 21 8
484 501 12 10
484 502 36 9
484 503 19 3
485 486 11 3
485 504 16 3
485 505 34 6
485 506 47 10
485 507 32 1
485 508 24 5
485 509 38 6
486 510 42 5
486 511 38 7
486 512 4 2
486 513 31 6
486 514 27 9
486 564 21 3
487 589 20 4
490 505 35 9
492 512 10 3
492 559 18 10
515 516 38 6
515 517 35 8
515 518 43 8
515 519 21 2
515 520 44 9
515 521 13 8
515 522 41 8
515 523 1 1
515 524 20 5
516 517 28 9
516 518 43 1
516 519 48 2
516 520 30 10
516 525 2 4
516 526 41 5
516 527 50 1
516 585 47 9
517 518 13 9
517 519 13 3
517 520 30 6
517 528 31 4
517 529 5 4
517 530 36 6
517 531 46 2
517 547 28 2
518 519 27 4
518 520 28 10
518 532 13 4
518 533 13 4
518 534 3 6
518 535 22 5
518 536 50 9
518 563 19 5
519 520 48 10
519 537 29 8
519 538 48 6
519 539 14 9
519 540 18 2
519 546 24 2
519 561 35 10
519 587 10 3
520 541 39 7
520 542 12 1
520 543 34 1
520 544 28 2
536 594 36 10
545 546 20 6
545 547 28 9
545 548 28 5
545 549 48 8
545 550 48 2
545 551 20 7
545 552 22 1
545 553 6 5
545 585 37 10
546 547 36 5
546 554 17 1
546 555 19 1
546 556 25 2
547 557 12 2
547 558 23 5
547 559 35 9
547 564 14 5
547 587 43 6
555 590 40 9
560 561 26 1
560 562 45 10
560 563 4 6
560 564 3 8
560 565 44 8
560 566 43 5
560 567 30 9
560 568 34 10
560 586 35 5
561 562 7 4
561 563 12 2
561 564 43 2
561 569 20 3
561 570 28 4
561 571 38 5
561 572 12 4
561 573 3 6
561 574 50 2
562 563 3 7
562 564 27 2
562 575 23 2
562 576 40 6
562 577 5 3
563 564 32 9
563 578 21 5
563 579 47 8
563 580 12 7
563 587 27 9
564 581 45 7
564 582 50 8
564 583 30 2
564 584 16 8
575 498 20 5
577 584 35 8
585 586 29 7
585 587 37 6
585 588 10 5
585 589 15 9
585 590 36 7
585 591 26 10
585 592 25 1
586 587 18 9
586 593 36 10
586 594 5 8
586 595 33 7
586 596 2 6
586 597 20 2
586 598 3 2
587 599 6 5
595 598 24 1

0 577 39
1 488 57
2 172 9
3 329 8
4 364 47
5 285 8
6 429 23
7 566 27
8 122 24
9 514 11
10 465 31
11 400 3
12 476 12
13 530 30
14 499 44
15 507 34
16 341 17
17 567 40
18 491 7
19 216 17
20 570 16
21 294 40
22 160 51
23 98 34
24 575 21
25 331 16
26 180 8
27 200 14
28 222 13
29 33 22
30 68 8
31 18 16
32 490 37
33 582 17
34 534 11
35 433 31
36 88 37
37 77 32
38 59 32
39 197 87
40 380 4
41 280 80
42 580 6
43 431 20
44 124 12
45 141 45
46 338 17
47 13 3
48 526 34
49 271 66
50 255 27
51 248 5
52 220 19
53 574 20
54 291 87
55 229 24
56 127 8
57 387 62
58 263 71
59 313 11
60 382 15
61 247 22
62 386 2
63 342 35
64 312 25
65 418 35
66 227 14
67 262 21
68 336 18
69 38 60
70 442 5
71 84 28
72 125 11
73 146 24
74 308 73
75 274 63
76 370 49
77 527 33
78 529 14
79 233 20
80 54 20
81 596 30
82 540 7
83 443 38
84 230 26
85 555 50
86 34 21
87 174 44
88 444 6
89 403 28
90 376 12
91 6 15
92 290 10
93 149 89
94 572 49
95 67 20
96 32 36
97 70 24
98 405 10
99 310 17
100 147 16
101 472 31
102 5 12
103 328 27
104 479 38
105 39 43
106 489 33
107 409 13
108 549 29
109 470 30
110 112 9
111 599 2
112 420 13
113 557 6
114 296 40
115 522 42
116 96 21
117 81 93
118 398 50
119 416 12
120 576 12
121 107 31
122 453 35
123 493 21
124 128 27
125 581 21
126 353 8
127 244 9
128 550 49
129 389 37
130 497 20
131 379 23
132 578 15
133 8 23
134 46 9
135 554 13
136 73 9
137 178 61
138 190 24
139 464 26
140 23 22
141 93 3
142 252 9
143 354 7
144 177 2
145 333 41
146 99 12
147 543 16
148 148 49
149 191 2
150 21 25
151 466 23
152 213 4
153 541 18
154 459 33
155 208 2
156 192 19
157 524 22
158 221 4
159 532 17
160 140 49
161 135 6
162 95 56
163 521 10
164 528 26
165 228 53
166 495 14
167 504 32
168 538 21
169 94 28
170 47 24
171 119 23
172 340 17
173 194 41
174 151 17
175 16 25
176 535 9
177 234 19
178 201 13
179 71 37
180 203 3
181 66 107
182 113 63
183 525 2
184 179 5
185 114 45
186 282 93
187 583 57
188 154 15
189 138 32
190 65 35
191 41 16
192 299 24
193 449 5
194 261 24
195 150 40
196 259 26
197 408 15
198 82 36
199 242 45
200 446 27
201 267 10
202 318 98
203 533 15
204 330 18
205 28 6
206 339 8
207 163 24
208 411 6
209 571 17
210 536 51
211 594 18
212 69 16
213 256 29
214 137 27
215 31 19
216 75 5
217 139 38
218 193 29
219 316 7
220 53 18
221 254 34
222 108 50
223 542 18
224 83 15
225 440 13
226 374 24
227 9 22
228 539 6
229 348 21
230 287 45
231 553 40
232 209 81
233 501 7
234 590 53
235 381 20
236 258 25
237 375 29
238 56 23
239 45 21
