1           5
2           4
17          4
22          4
31          2
38          4
51          4
52          3
64          4
86          2
94          4
95          3
97          4
113         3
126         4
128         4
160         4
170         4
205         3
208         4
215         4
263         4
285         4
290         4
298         5
304         3
322         4
337         5
340         4
351         5
365         4
370         4
389         4
396         4
427         4
428         4
455         4
456         4
487         4
488         3
505         4
514         4
540         3
542         4
556         4
560         3
567         1
