0           5
35          4
50          5
64          5
66          5
81          5
85          4
87          5
101         4
102         4
107         2
132         5
133         5
178         4
190         2
209         3
228         5
242         4
257         4
263         4
269         4
271         5
275         5
276         4
282         4
291         5
300         4
304         3
308         4
318         5
320         4
321         5
324         5
351         4
365         4
382         1
392         3
395         4
396         4
430         5
437         4
480         4
485         5
488         3
516         5
529         0
536         3
545         4
555         4
561         5
596         2
