19          4
47          3
50          5
53          4
64          3
75          4
79          4
99          3
103         4
111         5
124         4
150         4
152         4
173         5
180         5
194         2
204         4
205         4
235         4
251         5
253         4
254         4
261         2
283         4
302         4
303         0
304         3
305         4
308         4
321         1
324         2
325         4
330         1
340         5
346         4
347         4
348         4
370         4
371         3
393         3
404         3
406         2
426         4
455         5
470         4
482         4
514         3
521         4
526         4
537         3
548         4
572         1
575         4
599         4
