6           5
8           4
30          4
34          4
39          4
56          4
67          3
71          4
90          5
91          4
97          3
100         5
108         1
116         0
150         2
156         3
182         4
192         5
203         4
225         5
245         4
262         3
269         3
280         4
291         5
294         2
311         4
320         5
342         3
350         4
364         4
386         3
406         4
407         4
422         3
427         4
428         5
434         5
452         2
455         4
461         3
462         2
473         1
475         4
476         5
491         3
521         4
543         4
548         3
561         4
576         5
