481

384 79 31 1
384 319 70 19 1
385 548 560 160 9 4
385 516 544 173 24 4
385 397 428 34 8 4
385 387 222 17 4
385 386 9 14 4
385 353 370 123 25 4
385 283 298 38 27 4
385 283 298 77 15 1 4
389 467 457 469 133 14 1
389 385 577 589 41 6 1
389 385 548 560 160 5 1
389 228 220 257 270 18 3 1
389 228 220 257 269 522 474 19 8 1
389 36 528 206 9 1
389 36 363 303 62 5 1
6 80 76 3
6 586 135 12 3
6 360 351 361 182 12 3
135 495 499 113 3 3
135 495 310 313 101 1 3
135 495 166 170 56 6 3
135 323 339 82 10 3
135 323 337 235 1 3
135 323 336 58 2 3
135 323 320 329 175 12 3
135 136 158 72 12 3
135 136 133 151 24 1 3
135 133 151 24 1 3
135 133 150 149 4 3
135 133 147 33 8 3
135 133 0 5 61 2 3
135 133 0 2 13 194 2 3
135 131 140 289 71 1 3
135 130 468 192 3 3
135 130 131 140 289 71 14 3
135 130 27 41 586 135 3 3
135 60 514 540 40 32 14 3
392 405 411 219 238 4 3
392 397 428 34 19 3
392 396 421 386 9 10 3
392 394 578 594 57 7 3
392 394 414 142 6 3
392 394 413 50 8 3
392 394 412 119 3 3
392 394 411 219 238 3 3
392 394 396 421 386 9 4 3
392 394 166 170 56 8 3
392 394 4 20 6 1 3
392 393 409 5 1 3
392 393 408 161 1 3
392 391 350 180 202 169 1 3
392 390 393 408 161 13 3
392 390 393 407 198 1 3
392 390 176 190 460 231 10 3
523 176 46 2
523 510 522 474 19 4 2
523 510 520 11 19 2
523 158 72 6 2
141 221 70 3
141 336 58 30 3
398 138 19 2
398 574 134 23 2
398 574 526 131 9 2
398 489 164 21 2
398 489 477 490 185 2 2
398 390 399 37 1 2
271 128 20 1
271 533 60 12 1
271 533 513 535 83 190 2 1
271 331 65 8 1
271 257 269 522 474 19 7 1
144 571 144 26 1
144 571 550 320 329 175 2 1
144 335 323 339 82 1 1
144 132 146 59 6 1
401 86 24 1
401 391 403 370 123 2 1
401 391 350 180 202 169 1 1
401 186 236 14 1
401 151 24 9 1
145 291 29 22 2
145 291 282 60 514 540 40 32 1 2
145 132 146 59 11 2
145 52 66 32 2
530 55 21 1
530 512 510 526 131 3 1
530 512 510 522 474 19 3 1
530 21 172 18 1
530 21 4 22 199 2 1
530 21 4 20 6 3 1
402 204 44 1
402 276 479 96 6 1
282 310 549 566 8 12 4
282 310 315 2 12 4
282 310 313 101 1 4
282 294 21 19 4
282 293 151 3 4
282 292 157 47 4
282 280 286 13 8 4
282 60 577 589 41 10 4
282 60 577 579 598 81 5 4
282 60 514 540 51 2 4
282 60 514 540 40 32 6 4
539 4 57 3
539 525 510 526 131 2 3
539 525 329 175 8 3
539 514 541 218 4 3
539 514 540 51 6 3
539 406 137 21 3
539 406 393 409 5 2 3
29 385 179 197 223 17 4
29 385 98 111 77 1 4
29 85 72 81 97 4 4
29 48 292 157 39 4
29 28 45 150 28 4
29 27 41 586 135 3 4
29 27 40 32 2 4
29 27 39 180 15 4
29 27 25 35 152 4 4
29 27 25 30 167 12 4
546 549 569 111 16 3
546 549 568 16 10 3
546 549 567 186 7 3
546 548 564 39 30 3
546 515 542 146 8 3
546 515 510 526 131 9 3
546 391 403 370 123 11 3
546 310 549 567 186 8 3
546 310 549 566 8 1 3
290 7 31 1
290 281 289 71 4 1
290 281 288 93 2 1
290 112 156 12 1
290 82 72 476 487 78 1 1
423 170 32 1
423 580 215 4 1
423 331 65 14 1
431 430 436 165 8 4
431 430 433 449 191 25 4
431 430 433 447 123 196 9 4
431 430 433 445 183 1 4
431 177 193 14 10 4
431 177 192 313 101 1 4
431 166 173 8 184 18 4
431 166 170 56 14 4
431 98 116 195 8 4
431 85 351 366 232 9 4
431 85 351 365 75 7 4
431 85 89 95 15 4
47 87 79 5
47 462 456 463 46 3 5
47 462 456 71 75 68 16 5
47 28 180 202 169 1 5
47 28 180 200 162 12 5
47 28 45 150 5 5
47 7 148 29 5
47 7 1 9 213 5 5
49 249 83 38 2
49 249 13 194 7 2
49 29 385 283 298 77 15 2 2
49 29 385 283 297 216 107 7 2
49 8 184 11 2
51 497 509 202 32 6
51 397 425 226 1 6
51 310 313 101 1 6
51 165 457 466 103 125 1 6
51 165 256 266 159 5 6
51 165 168 153 98 9 6
51 165 167 73 6 6
51 121 575 578 592 91 8 6
51 121 257 268 201 6 6
51 121 127 20 8 6
51 121 71 76 228 13 6
51 90 94 43 9 6
51 90 91 471 124 35 1 6
51 58 555 99 27 6
51 56 200 25 6
51 54 114 23 6
182 163 18 0
182 365 75 7 0
314 26 11 0
314 413 50 14 0
187 1 69 4
187 499 113 8 4
187 445 183 8 4
187 175 185 139 15 4
187 139 208 25 4
60 514 3 19 63 4 9
60 514 3 16 140 3 9
60 514 3 15 67 8 9
60 477 490 185 31 9
60 476 487 78 1 9
60 476 487 592 91 8 9
60 476 484 105 24 9
60 356 382 89 4 9
60 356 98 112 156 4 9
60 356 98 111 77 3 9
60 301 305 233 1 9
60 257 268 201 10 9
60 64 40 15 9
60 63 132 7 9
60 62 121 30 9
60 61 116 9 9
60 61 211 147 33 9 9
60 50 53 38 147 16 9
60 50 52 66 28 9
60 4 20 6 17 9
60 4 2 13 194 11 9
60 4 1 9 213 7 9
321 512 510 520 11 2 4
321 512 301 305 233 18 4
321 434 454 216 11 4
321 432 442 109 13 4
321 432 441 115 13 4
321 432 440 12 4 4
321 330 416 217 16 4
321 324 351 364 207 7 4
321 324 351 362 177 16 4
321 324 351 361 182 9 4
321 324 343 120 16 4
65 545 551 45 3 9
65 475 479 96 9 9
65 475 96 103 125 1 9
65 475 1 9 213 5 9
65 457 466 47 19 9
65 457 466 103 125 5 9
65 434 454 216 14 9
65 434 451 64 7 9
65 432 440 12 7 9
65 432 433 445 183 9 9
65 432 433 444 44 14 9
65 396 421 386 9 2 9
65 396 420 90 11 9
65 396 416 217 2 9
65 325 322 97 106 30 5 9
65 324 342 155 22 9
65 257 268 201 4 9
65 206 213 229 18 9
65 206 50 53 143 12 9
65 206 50 53 38 147 4 9
65 177 192 313 101 2 9
65 120 123 196 1 9
65 120 122 94 1 9
65 71 80 178 23 9
65 71 78 580 215 14 9
65 71 77 15 11 9
65 71 76 228 1 9
65 66 76 24 9
196 85 46 1
196 179 198 118 4 1
70 576 578 592 91 8 8
70 550 1 10 216 107 3 8
70 550 1 9 213 9 8
70 549 566 8 11 8
70 458 457 469 133 8 8
70 458 457 468 192 8 8
70 458 457 466 47 2 8
70 458 310 313 101 3 8
70 458 207 217 42 10 8
70 458 26 38 147 14 8
70 323 320 329 175 5 8
70 323 320 329 555 99 6 8
70 323 320 328 598 81 10 8
70 323 320 327 225 4 8
70 323 320 326 237 4 8
70 323 25 35 152 3 8
70 280 286 13 10 8
70 280 284 212 9 8
70 207 217 42 13 8
70 207 216 107 20 8
70 179 198 118 4 8
70 175 185 139 10 8
70 175 185 303 62 2 8
70 175 183 124 4 8
70 132 146 59 8 8
70 132 133 0 2 13 194 2 8
70 73 327 225 27 8
70 2 13 194 8 8
205 281 288 93 5 4
205 281 97 109 49 11 4
205 281 97 108 106 3 4
205 211 147 33 14 4
205 208 272 217 42 12 4
205 176 190 460 231 2 4
205 176 190 83 190 6 4
205 176 188 103 13 4
205 166 170 56 2 4
205 136 575 580 215 2 4
205 136 160 127 27 4
205 136 158 72 13 4
205 121 575 580 215 12 4
205 121 575 578 592 91 3 4
590 102 64 5
590 577 589 41 17 5
590 498 328 598 81 5 5
590 359 209 30 5
590 234 154 18 5
590 234 221 351 366 232 5 5
590 188 103 9 5
590 37 88 2 5
334 429 481 220 36 2
334 322 393 407 198 1 2
334 322 333 141 30 2
595 74 14 2
595 578 594 57 9 2
595 387 222 44 2
84 27 60 3
84 537 422 397 427 166 12 3
84 537 168 153 98 1 3
84 162 237 227 7 3
84 72 81 97 20 3
214 454 216 46 4
214 206 225 322 332 153 15 4
214 206 225 322 331 65 1 4
214 206 225 322 97 109 49 9 4
214 206 213 229 2 4
214 76 228 45 4
599 579 598 81 16 2
599 479 96 10 2
599 436 165 34 2
599 411 366 232 1 2
599 411 219 238 12 2
344 0 58 3
344 483 92 35 3
344 410 436 165 7 3
88 48 44 3
88 377 174 10 3
88 377 355 351 361 182 3 3
88 377 215 160 127 4 3
88 94 43 12 3
88 85 87 482 193 1 3
88 85 87 122 94 18 3
88 85 72 81 97 6 3
345 561 54 14 2
345 502 188 39 2
345 325 349 187 5 2
345 325 349 362 177 4 2
345 325 322 393 407 198 6 2
90 545 551 45 6 4
90 458 473 23 10 4
90 458 457 469 133 5 4
90 430 433 445 183 1 4
90 430 176 188 103 2 4
90 311 300 303 62 12 4
90 257 269 522 474 19 3 4
90 220 72 476 487 78 16 4
90 220 72 83 190 7 4
90 220 72 81 97 7 4
90 120 545 551 45 15 4
90 120 207 219 238 9 4
90 120 207 217 42 3 4
90 120 126 181 12 4
90 120 124 35 1 4
90 120 123 196 2 4
90 97 106 30 6 4
90 94 43 8 4
478 514 540 51 21 5
478 494 573 210 14 5
478 476 487 78 2 5
478 475 482 193 23 5
478 475 481 220 13 5
478 458 548 564 39 6 5
478 458 548 561 54 15 5
478 458 548 560 160 6 5
478 458 474 19 7 5
478 458 473 23 1 5
478 354 374 230 1 5
478 350 358 126 6 5
478 350 180 202 169 3 5
478 301 497 509 202 3 5
478 301 308 203 3 5
478 301 305 233 9 5
478 134 154 374 230 1 5
478 134 153 98 1 5
478 1 11 25 7 5
478 1 10 216 107 8 5
223 576 586 135 17 9
223 576 583 234 7 9
223 576 581 108 17 9
223 576 578 594 57 7 9
223 576 578 594 275 219 1 9
223 576 578 592 91 1 9
223 475 481 220 12 9
223 475 481 564 39 9 9
223 475 479 96 5 9
223 311 577 579 598 81 2 9
223 311 476 487 78 7 9
223 311 319 70 1 9
223 311 300 303 62 20 9
223 256 267 10 10 9
223 256 266 159 23 9
223 240 52 18 9
223 239 122 20 9
223 226 550 573 210 3 9
223 226 550 320 578 592 91 1 9
223 226 253 20 6 17 9
223 226 252 189 2 9
223 226 221 233 211 17 9
223 226 221 25 37 88 2 9
223 222 237 227 23 9
223 221 25 37 88 3 9
223 221 25 35 152 5 9
224 280 286 13 2 5
224 246 239 17 5
224 244 104 5 5
224 243 130 37 5
224 243 509 202 8 5
224 242 359 209 8 5
224 242 359 153 98 4 5
224 222 238 168 2 5
224 222 237 227 2 5
224 221 235 16 140 13 5
224 221 233 211 11 5
224 220 257 269 522 474 19 1 5
224 220 229 214 7 5
224 220 227 371 197 7 5
224 98 116 195 21 5
224 98 116 238 168 2 5
224 98 112 156 3 5
355 380 205 15 3
355 379 84 10 3
355 378 53 11 3
355 376 145 6 3
355 375 224 20 3
355 354 374 230 6 3
355 354 373 117 5 3
355 352 367 81 97 3 3
355 351 365 75 16 3
355 351 364 207 8 3
236 179 40 2
236 222 238 168 10 2
236 159 100 25 2
119 69 75 5
119 582 246 239 32 5
119 558 171 21 5
119 558 547 555 99 6 5
119 99 97 106 30 7 5
119 99 50 53 143 9 5
254 28 54 3
254 376 145 12 3
254 373 117 31 3
254 91 471 124 35 3 3
511 528 206 35 5
511 527 22 21 5
511 527 436 165 4 5
511 527 375 224 9 5
511 516 544 173 17 5
511 515 510 520 11 15 5
511 513 536 560 160 15 5
511 513 536 469 133 4 5
511 513 535 83 190 1 5
511 351 366 232 4 5
511 95 100 158 15 5
511 95 97 109 49 5 5
511 50 53 143 5 5
383 31 78 4
383 243 130 11 4
383 18 3 19 63 36 4
255 496 545 551 45 5 9
255 496 508 112 26 9
255 393 407 198 22 9
255 265 17 36 9
255 264 136 29 9
255 264 451 64 7 9
255 263 3 4 9
255 261 110 13 9
255 260 129 22 9
255 259 456 464 452 374 230 10 9
255 259 456 463 46 8 9
255 259 283 298 77 15 6 9
255 259 276 479 96 6 9
255 259 275 219 2 9
255 259 50 53 143 3 9
255 258 354 373 117 6 9
255 258 354 371 197 17 9
255 258 273 36 13 9
255 258 272 217 42 1 9
255 257 269 522 474 19 3 9
255 0 5 61 11 9
