600 1819 240

0 25 200
1 50 500
2 75 800
3 100 1200
4 125 1700
5 150 2300
6 175 3000
7 200 3800
8 225 4600
9 250 5500

0 1500
1 1500
2 1500
3 2000
4 2000
5 1500
6 2000
7 2000
8 2000
9 1000
10 2000
11 2000
12 1000
13 1000
14 2000
15 1500
16 1500
17 1000
18 1500
19 1500
20 1500
21 2000
22 2000
23 1000
24 1500
25 1000
26 2000
27 2000
28 1500
29 2000
30 1500
31 2000
32 1000
33 500
34 500
35 1000
36 2000
37 2000
38 1500
39 2000
40 1500
41 1500
42 1500
43 1500
44 1500
45 2000
46 2000
47 2000
48 2000
49 2000
50 2000
51 2000
52 2000
53 1000
54 1500
55 1500
56 1500
57 1000
58 2000
59 1500
60 1500
61 1500
62 2000
63 2000
64 2000
65 1500
66 1500
67 1500
68 1500
69 1500
70 1500
71 2000
72 2000
73 2000
74 1500
75 2000
76 1000
77 1000
78 1500
79 2000
80 2000
81 2000
82 2000
83 2000
84 2000
85 2000
86 2000
87 2000
88 2000
89 1000
90 1500
91 1500
92 2000
93 1000
94 1500
95 2000
96 2000
97 1500
98 2000
99 1500
100 1500
101 1000
102 1500
103 1500
104 1000
105 1500
106 1500
107 2000
108 1500
109 1000
110 1000
111 1000
112 1500
113 1000
114 1500
115 1500
116 1000
117 2000
118 1500
119 2000
120 1500
121 1500
122 1500
123 1000
124 1000
125 1000
126 1500
127 1500
128 2000
129 1000
130 1500
131 1500
132 1500
133 1500
134 2000
135 1500
136 1500
137 1500
138 2000
139 1000
140 1000
141 2000
142 2000
143 1500
144 1500
145 1000
146 2000
147 2000
148 2000
149 1500
150 1500
151 1500
152 1500
153 1500
154 1500
155 2000
156 1000
157 2000
158 1500
159 2000
160 1000
161 2000
162 1000
163 2000
164 1000
165 2000
166 2000
167 2000
168 1500
169 2000
170 1000
171 1500
172 2000
173 1000
174 1500
175 1500
176 1500
177 1500
178 1500
179 2000
180 1500
181 2000
182 1000
183 2000
184 1000
185 1500
186 2000
187 1000
188 1500
189 1000
190 1500
191 1500
192 1500
193 1000
194 1500
195 1000
196 1500
197 1500
198 2000
199 1500
200 1500
201 1000
202 2000
203 1000
204 2000
205 1500
206 1500
207 1500
208 500
209 1500
210 2000
211 2000
212 2000
213 2000
214 1500
215 1500
216 1500
217 1500
218 1500
219 1500
220 1500
221 1500
222 2000
223 2000
224 2000
225 2000
226 1000
227 2000
228 1000
229 2000
230 2000
231 2000
232 2000
233 1000
234 1500
235 2000
236 2000
237 1000
238 2000
239 1000
240 2000
241 2000
242 1500
243 1000
244 2000
245 2000
246 1000
247 1500
248 2000
249 1000
250 1500
251 1500
252 1500
253 1500
254 1500
255 1500
256 1000
257 2000
258 2000
259 1000
260 1000
261 1000
262 2000
263 1000
264 1000
265 2000
266 2000
267 2000
268 2000
269 1000
270 1500
271 1500
272 2000
273 1000
274 2000
275 1500
276 2000
277 2000
278 1000
279 1500
280 1500
281 1500
282 1500
283 1000
284 2000
285 2000
286 2000
287 1000
288 1500
289 1000
290 1000
291 2000
292 1500
293 1500
294 2000
295 2000
296 2000
297 1000
298 1500
299 1500
300 1500
301 1500
302 1500
303 1000
304 2000
305 2000
306 2000
307 1000
308 1000
309 2000
310 1000
311 2000
312 1500
313 2000
314 1500
315 2000
316 1000
317 2000
318 2000
319 1500
320 1500
321 1000
322 1500
323 1500
324 1500
325 2000
326 1500
327 2000
328 2000
329 1000
330 2000
331 1500
332 2000
333 1000
334 2000
335 1500
336 2000
337 1500
338 2000
339 2000
340 1000
341 1000
342 1500
343 1000
344 2000
345 1500
346 1500
347 1500
348 1500
349 2000
350 2000
351 2000
352 1000
353 2000
354 2000
355 1500
356 1500
357 1500
358 1500
359 1500
360 1000
361 1000
362 2000
363 1000
364 2000
365 1000
366 1000
367 1500
368 2000
369 1500
370 2000
371 2000
372 2000
373 1500
374 2000
375 2000
376 2000
377 2000
378 2000
379 2000
380 1500
381 1500
382 1500
383 1500
384 1500
385 2000
386 2000
387 1000
388 2000
389 2000
390 1000
391 1000
392 2000
393 2000
394 2000
395 1500
396 1000
397 1500
398 1000
399 2000
400 2000
401 1500
402 1500
403 1000
404 1000
405 1500
406 1500
407 2000
408 1500
409 2000
410 1000
411 2000
412 2000
413 1000
414 1000
415 1000
416 1500
417 1500
418 1500
419 1000
420 1500
421 1500
422 2000
423 2000
424 1000
425 2000
426 2000
427 2000
428 1000
429 2000
430 1500
431 1500
432 1500
433 1500
434 2000
435 1000
436 2000
437 1000
438 1500
439 2000
440 1000
441 2000
442 2000
443 1000
444 2000
445 1500
446 1500
447 1000
448 2000
449 2000
450 1000
451 2000
452 2000
453 1000
454 2000
455 2000
456 2000
457 1000
458 500
459 1000
460 1500
461 1500
462 2000
463 2000
464 1000
465 1000
466 1000
467 2000
468 1000
469 2000
470 1500
471 2000
472 2000
473 1000
474 2000
475 1500
476 1500
477 1500
478 1500
479 1500
480 2000
481 2000
482 2000
483 1500
484 2000
485 1500
486 2000
487 2000
488 2000
489 1500
490 1500
491 2000
492 1000
493 2000
494 1000
495 2000
496 1000
497 2000
498 1500
499 1500
500 1500
501 1500
502 2000
503 1500
504 1500
505 2000
506 2000
507 2000
508 2000
509 2000
510 1500
511 1500
512 1500
513 2000
514 2000
515 1000
516 1000
517 1500
518 2000
519 1500
520 1500
521 2000
522 2000
523 1000
524 2000
525 1500
526 1000
527 1000
528 1500
529 1500
530 1500
531 1500
532 2000
533 2000
534 1000
535 2000
536 1000
537 1500
538 1000
539 500
540 2000
541 2000
542 1500
543 1000
544 1500
545 1000
546 2000
547 1500
548 2000
549 2000
550 1500
551 2000
552 1000
553 1000
554 2000
555 1500
556 1500
557 1500
558 1500
559 2000
560 1000
561 2000
562 1000
563 1000
564 1500
565 1000
566 2000
567 2000
568 1000
569 2000
570 1000
571 1500
572 2000
573 2000
574 1000
575 1500
576 1500
577 1000
578 1500
579 1500
580 1500
581 1500
582 2000
583 2000
584 2000
585 2000
586 1000
587 2000
588 1000
589 500
590 2000
591 2000
592 2000
593 2000
594 1000
595 1000
596 2000
597 1000
598 2000
599 1000

0 1 41 10
0 2 45 1
0 3 29 4
0 4 32 3
0 5 14 1
0 6 44 4
0 7 15 10
0 65 12 3
0 104 28 10
0 136 12 2
0 153 6 5
0 175 29 3
0 190 6 7
0 217 12 8
0 218 34 2
0 281 24 10
0 430 18 8
0 460 31 2
0 476 38 10
0 501 43 7
0 530 9 9
0 555 19 1
1 2 37 7
1 8 14 8
1 9 11 3
1 10 44 10
1 11 46 2
1 12 3 7
1 42 39 1
1 44 27 4
1 65 17 7
1 90 34 6
1 151 37 3
1 175 28 9
1 190 36 6
1 252 41 8
1 280 15 7
1 303 18 3
1 321 9 4
1 345 25 2
1 346 5 7
1 357 19 7
1 359 23 2
1 380 15 1
1 406 15 10
1 445 35 7
1 446 17 9
1 470 16 3
1 501 50 3
1 510 19 8
1 555 45 2
1 577 1 4
2 13 3 10
2 14 41 2
2 15 42 6
2 19 32 3
2 91 21 6
2 100 2 1
2 135 11 5
2 250 18 7
2 302 15 4
2 322 34 3
2 380 33 5
2 405 15 2
2 415 14 10
2 417 6 4
2 430 36 1
2 460 37 6
2 479 45 2
2 529 38 2
3 351 28 4
4 378 10 10
5 247 12 5
5 389 35 6
7 498 27 9
7 514 21 4
8 580 14 7
9 289 16 7
10 549 32 10
11 114 37 7
15 16 8 8
15 17 37 6
15 18 18 4
15 19 35 6
15 20 33 3
15 21 28 8
15 22 8 2
15 23 32 6
15 24 41 2
15 42 48 6
15 91 23 6
15 282 41 2
15 303 13 9
15 346 21 7
15 382 3 1
15 406 11 4
15 415 17 7
15 460 31 1
15 501 15 8
16 17 38 10
16 18 26 1
16 19 13 6
16 25 49 3
16 26 2 10
16 27 18 6
16 28 43 4
16 29 38 6
16 30 44 5
16 31 6 3
16 32 44 6
16 65 28 7
16 136 40 10
16 177 49 8
16 355 19 8
16 405 21 7
16 475 11 10
16 510 43 8
17 18 37 5
17 19 1 6
17 33 12 9
17 34 35 5
17 43 44 7
17 250 29 2
17 431 36 9
17 461 31 2
17 470 36 9
17 475 8 5
17 558 17 4
17 579 31 10
18 19 10 7
18 35 2 1
18 36 33 6
18 37 24 10
18 135 34 7
18 150 46 4
18 153 23 10
18 177 10 1
18 191 27 9
18 217 27 6
18 254 30 7
18 302 39 3
18 322 1 9
18 324 12 1
18 345 18 5
18 417 37 5
18 432 20 1
18 446 16 8
18 510 1 5
18 526 44 1
18 578 47 10
19 38 24 2
19 39 27 7
19 65 6 2
19 91 4 6
19 100 25 5
19 103 41 9
19 190 2 1
19 216 43 6
19 280 29 1
19 358 38 9
19 384 45 4
19 447 50 8
19 470 5 3
19 500 24 5
19 525 10 6
19 555 23 9
20 83 24 7
20 245 4 7
20 269 11 2
20 588 18 8
21 293 2 9
22 78 44 5
22 488 19 5
22 542 34 7
24 491 11 1
24 517 38 5
28 311 24 10
29 364 24 2
30 49 23 8
30 456 29 2
30 597 11 5
31 331 49 9
33 366 5 3
36 99 9 3
36 535 23 9
38 172 14 10
38 439 25 2
40 41 3 3
40 42 20 6
40 43 29 4
40 44 27 7
40 45 29 4
40 65 35 2
40 68 19 1
40 252 40 8
40 345 43 5
40 355 22 3
40 447 40 8
40 556 43 4
41 42 14 8
41 43 29 1
41 44 39 9
41 46 31 4
41 47 10 10
41 48 8 7
41 49 8 3
41 50 16 8
41 51 14 6
41 103 40 8
41 150 16 2
41 152 41 9
41 175 13 4
41 193 24 6
41 283 32 3
41 300 4 8
41 301 25 7
41 323 46 1
41 417 35 7
41 431 28 10
41 501 19 7
41 510 34 1
41 511 21 3
41 529 24 6
41 579 49 2
42 43 15 3
42 44 22 3
42 52 8 9
42 53 43 2
42 54 34 4
42 55 38 3
42 56 21 6
42 101 9 1
42 137 19 5
42 177 14 1
42 190 42 4
42 220 2 7
42 252 50 10
42 346 27 10
42 380 39 2
42 382 3 3
42 406 33 6
42 477 33 2
42 500 48 2
43 44 36 10
43 57 48 8
43 58 40 4
43 59 11 1
43 60 1 8
43 281 9 6
43 405 12 6
43 417 19 6
43 432 30 9
43 460 5 2
43 461 42 7
43 470 30 2
43 555 9 8
44 61 31 8
44 62 42 10
44 63 8 1
44 64 47 4
44 90 37 6
44 135 41 6
44 216 30 8
44 320 9 8
44 356 7 2
44 447 47 6
44 470 30 9
44 476 38 4
44 530 3 1
44 577 5 7
47 234 41 1
47 532 4 1
49 84 22 6
49 112 43 6
49 342 39 7
50 166 44 4
51 270 13 2
52 114 32 10
52 238 9 4
53 133 34 7
54 276 22 10
55 80 29 2
55 113 24 4
56 82 16 4
56 214 35 10
56 271 48 4
56 288 27 1
56 541 7 2
57 402 17 9
57 536 35 9
59 128 33 1
60 463 49 10
61 454 12 10
61 538 48 5
62 131 27 1
62 213 39 8
62 344 11 10
62 559 33 5
65 66 40 1
65 67 11 1
65 68 49 10
65 69 23 5
65 70 43 1
65 71 2 3
65 72 40 8
65 73 14 7
65 152 28 1
65 254 45 2
65 283 3 1
65 300 1 3
65 355 5 9
65 381 23 1
65 416 6 4
65 430 6 6
65 445 35 4
65 500 11 4
65 579 9 9
66 67 41 5
66 68 20 8
66 69 3 8
66 74 5 1
66 75 36 10
66 76 38 10
66 77 1 3
66 177 43 7
66 383 33 6
66 446 16 1
66 460 2 1
66 461 22 7
66 500 26 6
66 555 24 3
66 577 50 2
67 68 1 5
67 69 49 1
67 78 15 6
67 79 25 2
67 80 16 6
67 81 39 9
67 82 49 8
67 91 35 3
67 176 34 8
67 193 23 8
67 217 17 7
67 345 34 6
67 356 12 10
67 405 35 7
67 432 34 9
67 470 28 5
67 475 1 6
68 69 32 8
68 83 22 8
68 84 39 6
68 85 20 2
68 91 19 8
68 100 11 6
68 101 15 8
68 135 14 5
68 137 47 1
68 190 48 8
68 216 28 2
68 282 1 3
68 302 16 7
68 322 36 3
68 345 8 3
68 510 20 10
68 558 19 10
69 86 11 7
69 87 22 3
69 88 24 9
69 89 20 2
69 150 46 3
69 322 5 1
69 405 43 9
69 417 33 4
69 479 22 1
69 510 42 8
69 527 44 8
69 528 4 8
70 311 4 5
70 538 18 6
71 223 26 6
71 271 4 5
72 87 48 7
74 313 11 7
75 161 44 2
76 553 22 6
77 466 11 4
77 550 47 1
78 259 22 5
80 206 46 4
80 353 3 3
83 92 11 9
84 319 49 10
84 463 25 5
85 449 20 7
86 222 30 5
86 488 22 5
87 212 28 5
90 91 5 10
90 92 20 6
90 93 4 9
90 94 13 10
90 102 36 7
90 136 20 6
90 154 16 7
90 175 24 10
90 176 28 2
90 190 28 8
90 221 29 1
90 303 32 8
90 345 23 10
90 380 12 4
90 406 41 8
90 417 3 1
90 430 31 9
90 447 49 4
90 461 30 8
90 470 13 8
90 476 28 7
90 510 46 9
90 558 41 5
91 95 22 7
91 96 48 4
91 97 17 3
91 98 41 6
91 99 6 6
91 105 19 8
91 136 10 8
91 152 41 1
91 191 18 8
91 220 35 4
91 254 47 9
91 255 38 3
91 282 27 8
91 324 2 10
91 346 18 10
91 355 33 10
91 359 40 10
91 380 46 6
91 405 46 7
91 417 29 8
91 430 25 3
91 446 27 6
91 461 39 7
91 470 33 6
91 475 2 9
91 500 27 1
91 501 38 8
91 510 12 4
91 529 45 7
91 530 41 9
91 555 24 9
91 577 44 4
91 578 2 10
92 371 17 1
94 132 12 3
94 535 27 2
95 513 22 1
97 385 28 7
98 426 40 5
98 483 30 7
98 531 16 8
100 101 36 8
100 102 48 5
100 103 44 1
100 104 15 9
100 105 43 5
100 106 1 8
100 107 1 10
100 108 9 6
100 109 24 6
100 110 14 8
100 111 16 4
100 320 33 5
100 322 32 2
100 381 31 9
100 446 15 7
100 470 15 5
100 479 39 1
100 556 26 6
100 578 10 6
101 102 37 10
101 103 17 8
101 104 21 3
101 105 45 8
101 106 38 6
101 112 9 2
101 137 26 7
101 282 19 5
101 461 35 5
101 501 15 10
101 529 32 9
102 103 11 3
102 104 25 5
102 105 37 6
102 106 45 2
102 113 32 4
102 114 16 10
102 115 9 8
102 116 44 3
102 117 33 10
102 118 12 5
102 190 32 1
102 384 23 3
102 406 27 7
102 447 13 5
103 104 37 2
103 105 3 1
103 106 17 6
103 119 7 6
103 120 31 8
103 121 40 2
103 122 47 9
103 123 32 8
103 124 3 6
103 136 45 5
103 250 29 6
103 280 46 2
103 357 39 2
103 430 10 9
103 470 35 2
103 526 25 4
104 105 19 6
104 106 34 2
104 125 16 5
104 126 28 2
104 127 49 2
104 150 49 9
104 152 17 10
104 177 29 9
104 221 13 6
104 302 36 7
104 345 21 3
104 405 2 8
104 512 8 3
105 106 21 2
105 128 28 9
105 129 9 8
105 130 9 9
105 131 35 2
105 132 22 4
105 194 36 7
105 216 24 9
105 252 41 4
105 345 41 10
105 355 45 4
105 475 50 8
105 501 39 7
105 558 44 5
106 133 25 7
106 134 16 4
106 177 1 3
106 301 50 1
106 415 12 3
106 416 35 2
106 432 2 5
106 460 38 4
106 510 4 5
106 578 2 7
107 331 17 10
107 337 19 8
108 362 15 4
114 179 16 6
114 444 16 10
115 540 26 8
116 208 49 10
118 273 6 4
118 378 39 10
119 178 19 1
119 267 29 2
120 484 46 10
121 596 36 6
122 147 7 9
122 394 48 9
125 298 11 3
125 360 4 3
126 174 2 7
126 522 14 1
127 495 43 4
130 463 24 9
130 524 32 4
132 163 45 6
132 456 3 8
133 386 20 7
134 207 21 9
135 136 50 1
135 137 1 6
135 138 21 4
135 151 33 6
135 153 49 7
135 175 39 4
135 253 27 7
135 345 44 3
135 432 6 7
135 460 13 5
135 470 39 10
135 479 37 3
135 501 26 6
135 512 40 1
135 575 24 6
136 137 44 3
136 139 12 6
136 140 38 7
136 141 22 8
136 142 27 10
136 143 33 6
136 144 21 7
136 215 31 3
136 281 6 10
136 324 50 9
136 345 47 1
136 355 50 6
136 356 47 4
136 383 19 8
136 416 45 9
136 430 31 8
136 446 4 7
136 447 8 10
136 460 14 2
136 470 17 7
136 478 7 3
136 500 27 7
136 525 50 10
136 557 49 6
136 578 48 10
137 145 16 3
137 146 5 1
137 147 19 2
137 148 10 1
137 149 40 6
137 190 34 8
137 192 38 8
137 218 14 10
137 251 33 7
137 281 40 3
137 300 35 1
137 303 38 7
137 381 41 9
137 405 10 9
137 416 36 9
137 526 20 8
137 556 20 8
138 503 28 5
140 536 25 2
141 214 8 9
143 394 36 7
144 335 9 4
144 379 35 2
144 434 10 2
149 295 8 1
150 151 8 6
150 152 35 5
150 153 23 5
150 154 27 3
150 155 9 5
150 156 37 10
150 176 27 2
150 301 21 1
150 417 17 1
150 430 26 8
150 476 35 8
150 512 10 10
150 528 35 8
150 557 13 6
151 101 42 10
151 152 12 4
151 153 13 9
151 154 45 5
151 157 7 3
151 158 7 5
151 159 35 3
151 160 28 5
151 161 46 4
151 251 16 3
151 283 35 2
151 406 4 9
151 416 22 8
151 467 25 4
151 470 23 7
151 511 23 10
151 578 24 6
152 153 50 7
152 154 42 8
152 162 22 3
152 163 49 6
152 164 28 5
152 165 13 6
152 166 33 6
152 177 8 7
152 356 50 7
152 357 3 9
152 381 20 1
152 382 7 6
152 405 33 4
152 431 15 7
152 445 5 8
153 154 27 7
153 167 48 6
153 168 47 9
153 190 48 7
153 218 11 10
153 221 18 5
153 283 30 1
153 345 18 9
153 470 47 6
153 501 44 8
153 530 45 6
153 576 30 7
154 169 18 6
154 170 37 10
154 171 26 6
154 172 32 5
154 173 39 10
154 174 46 6
154 193 49 5
154 252 27 9
154 302 38 9
154 321 23 8
154 345 4 4
154 447 24 6
154 460 35 2
154 461 39 10
154 479 45 3
154 557 43 2
155 240 14 8
156 297 43 1
156 599 15 4
157 247 37 5
158 186 41 10
159 584 33 4
162 538 1 3
163 395 10 6
165 209 47 5
165 389 7 9
166 402 17 1
168 235 25 9
168 392 23 3
169 489 8 8
171 456 40 8
173 331 10 5
174 267 48 2
175 176 33 1
175 177 34 10
175 178 37 7
175 179 35 10
175 180 39 4
175 193 43 8
175 221 47 6
175 255 26 9
175 301 50 6
175 322 16 5
175 346 23 9
175 382 22 2
175 406 12 8
175 415 38 2
175 430 6 10
175 445 29 4
175 460 14 2
175 470 27 8
175 475 4 1
175 477 43 4
176 177 42 9
176 181 20 1
176 182 1 3
176 183 35 4
176 184 35 9
176 185 22 5
176 193 39 3
176 281 33 9
176 300 38 3
176 345 13 3
176 445 3 4
176 511 9 7
177 186 24 1
177 187 47 10
177 188 30 8
177 189 14 9
177 215 5 4
177 250 37 1
177 282 5 4
177 321 36 8
177 355 44 5
177 357 12 6
177 383 27 6
177 405 14 1
177 416 24 9
177 430 31 8
177 470 33 2
177 501 17 3
177 511 32 6
177 526 31 7
177 529 9 2
177 558 19 8
177 575 30 5
177 579 4 2
178 245 32 3
178 351 43 6
179 482 3 3
180 234 21 2
180 375 22 2
183 350 42 4
184 365 29 5
185 315 49 1
188 259 48 10
188 354 25 3
190 191 48 7
190 192 49 8
190 193 5 1
190 194 39 5
190 195 24 7
190 196 50 6
190 197 22 2
190 198 46 9
190 199 34 6
190 200 17 6
190 201 50 9
190 280 47 4
190 357 22 6
190 384 45 1
190 406 16 4
190 416 29 10
190 447 13 7
190 470 1 10
190 500 45 1
190 501 40 2
190 530 46 8
191 192 39 10
191 193 46 8
191 194 35 7
191 202 5 6
191 254 36 9
191 303 38 6
191 460 18 7
191 461 18 7
192 193 13 1
192 194 20 6
192 203 11 3
192 204 18 9
192 205 45 5
192 301 49 1
192 345 15 8
192 431 20 2
192 445 11 3
192 511 2 1
192 528 20 2
192 576 16 2
192 577 49 7
193 194 36 6
193 206 49 5
193 207 34 3
193 208 19 6
193 217 32 10
193 251 10 7
193 282 17 10
193 346 39 4
193 356 45 5
193 475 43 10
193 556 21 3
193 557 47 2
194 209 45 4
194 210 40 1
194 211 8 5
194 212 15 3
194 213 48 10
194 214 43 2
194 215 23 7
194 320 28 10
194 322 15 3
194 380 18 3
194 416 49 5
194 432 15 4
194 478 25 3
194 512 21 5
196 451 48 7
197 231 44 1
199 231 13 10
199 389 40 4
199 457 30 9
200 232 36 8
200 459 6 4
204 265 44 5
204 550 4 4
205 436 12 6
205 485 15 8
206 299 48 3
209 234 50 3
210 349 44 9
211 292 17 2
211 389 30 9
211 448 19 2
211 520 48 4
213 400 39 3
215 216 18 8
215 217 44 5
215 218 34 6
215 219 6 6
215 220 15 2
215 221 25 6
215 222 38 5
215 470 37 10
215 501 8 2
215 511 3 8
216 217 7 7
216 218 41 3
216 219 21 3
216 220 14 10
216 221 49 4
216 223 31 10
216 224 27 2
216 225 35 5
216 226 25 5
216 227 31 7
216 251 9 9
216 283 33 5
216 321 25 5
216 470 21 8
216 477 26 4
216 530 46 3
216 576 5 7
217 218 47 9
217 219 6 9
217 220 50 9
217 221 48 3
217 228 19 5
217 229 15 8
217 230 47 8
217 346 43 10
217 384 50 3
217 461 17 5
218 219 27 8
218 220 16 9
218 221 9 7
218 231 40 10
218 232 24 3
218 233 3 6
218 234 42 7
218 235 25 7
218 300 47 7
218 406 7 5
218 432 40 6
218 445 48 4
218 510 41 5
218 555 16 10
218 577 28 4
219 220 34 6
219 221 8 4
219 236 34 5
219 237 30 2
219 238 16 9
219 239 49 3
219 240 12 4
219 241 33 5
219 345 8 10
219 356 6 10
219 416 9 8
219 478 47 8
219 500 25 8
220 221 50 7
220 242 7 10
220 243 48 7
220 244 34 2
220 245 16 7
220 246 41 1
220 283 12 10
220 303 31 10
220 405 16 5
220 415 50 9
220 430 13 7
220 460 15 5
220 530 32 1
221 247 40 10
221 248 35 8
221 249 22 2
221 252 34 1
221 320 24 8
221 355 38 2
221 384 31 8
221 447 13 6
222 318 17 3
223 483 21 2
224 427 32 1
225 314 4 5
226 489 20 1
228 329 34 8
229 334 39 1
229 486 12 1
234 503 10 9
234 506 33 8
234 531 34 5
236 517 15 10
239 273 38 8
240 257 31 5
242 340 18 2
242 590 22 5
243 391 14 8
245 309 36 5
245 537 40 10
245 581 31 3
246 307 7 7
248 285 32 4
248 507 30 2
249 341 2 9
249 503 48 1
250 251 26 2
250 252 33 6
250 253 7 10
250 254 35 2
250 255 16 4
250 256 47 10
250 257 35 3
250 258 30 3
250 259 35 8
250 260 13 9
250 345 18 10
250 416 43 8
250 432 11 6
250 447 2 5
250 527 38 1
250 558 40 8
251 252 33 8
251 253 12 6
251 254 16 7
251 255 45 5
251 261 13 3
251 262 20 6
251 263 10 6
251 264 30 6
251 320 2 3
251 359 30 3
251 447 13 6
251 460 46 7
251 461 6 6
251 477 5 4
251 500 49 5
252 253 10 10
252 254 11 7
252 255 12 10
252 265 48 2
252 266 21 6
252 267 39 9
252 302 34 8
252 303 28 6
252 384 9 7
252 405 4 8
252 406 38 10
252 417 12 1
252 470 4 1
252 477 34 10
252 511 50 5
252 579 45 8
253 254 46 10
253 255 14 3
253 268 24 1
253 269 39 4
253 280 36 3
253 500 17 6
254 255 37 5
254 270 15 7
254 271 10 5
254 272 21 8
254 381 17 3
254 470 33 5
254 528 12 6
254 555 36 3
254 576 1 9
255 273 33 6
255 274 45 4
255 275 50 3
255 276 29 5
255 277 32 8
255 278 26 2
255 279 8 8
255 280 24 7
255 324 7 6
255 345 35 8
255 430 45 9
255 510 47 7
257 504 45 8
258 587 41 6
262 274 3 5
262 401 28 3
262 418 48 2
266 395 20 2
268 288 20 6
268 348 3 3
270 392 39 2
271 287 12 1
271 396 45 6
271 407 36 8
272 421 22 1
273 499 27 1
274 376 17 8
274 427 7 6
275 409 19 4
275 452 43 6
276 433 38 3
276 549 13 10
277 369 10 10
277 373 10 3
279 399 21 10
279 443 28 3
280 281 20 8
280 282 40 1
280 283 19 5
280 284 48 6
280 285 24 5
280 286 38 6
280 287 2 4
280 288 2 2
280 302 9 4
280 323 18 5
280 345 50 2
280 356 28 6
280 417 20 5
280 431 32 6
280 445 29 9
280 470 24 6
280 476 42 6
280 500 10 10
280 501 37 6
280 555 7 5
281 282 22 4
281 283 23 1
281 289 10 8
281 290 44 1
281 291 12 1
281 292 44 5
281 293 39 5
281 294 32 7
281 460 22 3
281 476 19 4
281 529 5 5
281 530 6 5
281 578 24 10
281 579 20 7
282 283 37 6
282 295 22 10
282 296 25 9
282 297 37 6
282 346 38 3
282 359 43 8
282 381 14 10
282 405 18 3
282 406 13 6
282 511 3 3
283 298 3 2
283 299 9 8
283 320 34 8
283 382 48 2
283 416 9 6
283 430 38 1
283 445 2 1
283 460 17 4
283 470 8 7
283 511 37 4
286 572 21 4
288 568 44 10
294 491 42 1
295 433 28 5
296 313 35 1
296 377 24 7
296 506 9 10
298 394 4 3
299 306 4 8
300 301 4 4
300 302 7 7
300 303 22 1
300 304 29 6
300 305 2 10
300 306 34 4
300 307 45 1
300 308 12 10
300 346 50 10
300 356 24 2
300 383 32 1
300 406 34 10
300 470 36 1
300 511 1 1
300 512 28 9
300 528 17 1
301 302 12 6
301 303 12 3
301 309 32 9
301 310 12 4
301 311 46 5
301 324 24 9
301 415 25 10
301 432 37 4
301 447 10 10
301 575 18 6
302 303 25 10
302 312 45 3
302 313 16 10
302 314 14 3
302 315 24 8
302 316 16 9
302 317 30 2
302 318 11 6
302 324 33 6
302 345 25 1
302 383 19 6
302 461 45 1
302 479 8 8
302 500 6 9
302 501 47 7
302 558 8 3
302 575 16 1
303 319 21 2
303 359 1 6
303 405 26 8
303 416 40 7
303 431 30 5
303 445 26 3
303 470 46 3
303 525 30 7
303 556 26 8
307 410 47 5
312 472 41 10
312 493 33 5
315 420 10 5
315 436 16 6
318 439 26 4
319 502 25 10
320 321 6 4
320 322 12 4
320 323 18 1
320 324 25 3
320 325 26 3
320 326 8 1
320 327 27 7
320 328 7 2
320 329 12 3
320 330 39 4
320 406 46 1
320 415 46 7
320 447 25 1
320 461 2 6
320 477 2 10
320 556 1 9
320 557 45 5
321 322 12 5
321 323 47 2
321 324 27 5
321 331 21 6
321 381 10 3
321 430 37 5
321 446 32 2
321 470 21 4
321 501 2 10
321 525 19 1
321 575 40 7
322 323 15 3
322 324 25 6
322 332 40 8
322 333 34 9
322 334 8 8
322 335 9 6
322 346 46 2
322 380 27 4
322 406 30 4
322 500 4 4
323 324 36 10
323 336 35 1
323 337 16 8
323 338 48 7
323 339 44 8
323 340 30 7
323 341 16 8
323 345 32 9
323 358 29 8
323 417 7 5
323 432 16 8
323 478 38 3
323 510 12 2
323 511 46 8
323 528 31 7
323 578 13 7
324 342 34 2
324 343 33 8
324 344 50 2
324 355 17 5
324 460 34 7
324 470 47 3
326 392 29 5
326 424 50 8
326 444 18 9
327 544 12 5
328 337 44 3
330 347 48 5
330 439 38 10
334 397 19 3
334 522 22 9
335 462 19 3
339 504 19 7
342 420 10 7
345 346 9 5
345 347 12 2
345 348 45 9
345 349 4 8
345 350 29 10
345 351 15 4
345 352 32 2
345 381 34 2
345 416 30 2
345 470 3 9
345 500 49 2
345 511 25 6
345 530 36 3
345 556 23 3
346 353 13 9
346 354 31 2
346 355 18 8
346 359 11 10
346 382 50 1
346 405 44 5
346 406 1 6
346 416 22 1
346 430 24 1
346 445 47 10
346 447 31 3
346 460 9 1
346 461 3 4
346 475 11 4
346 477 21 1
346 500 3 1
346 512 46 9
346 530 16 5
346 555 24 7
346 576 16 2
346 579 45 10
351 367 1 3
352 366 30 5
354 456 36 3
355 356 15 8
355 357 29 5
355 358 33 5
355 359 7 1
355 360 12 9
355 361 21 4
355 362 18 1
355 363 30 4
355 364 35 5
355 365 23 3
355 366 42 3
355 367 47 7
355 368 46 9
355 415 50 3
355 470 34 8
356 357 28 3
356 358 35 6
356 359 49 4
356 369 22 4
356 370 5 8
356 371 9 8
356 382 29 5
356 384 42 8
356 405 25 4
356 415 40 7
356 430 4 3
356 447 2 1
356 479 39 5
356 510 6 7
356 528 2 8
357 358 50 10
357 359 36 6
357 372 45 9
357 373 26 7
357 374 36 9
357 375 50 8
357 405 29 2
357 445 32 2
357 479 6 6
357 500 36 9
357 557 33 6
358 359 21 4
358 376 12 5
358 470 42 2
358 500 12 10
358 512 15 6
358 526 13 6
358 575 22 5
358 576 37 7
359 377 6 2
359 378 28 6
359 379 50 4
359 431 26 7
359 460 6 8
359 461 11 6
359 556 21 2
363 499 39 5
365 545 40 6
369 397 44 7
371 499 49 6
371 566 1 1
372 564 28 6
375 449 12 7
377 408 16 3
378 471 47 4
380 381 21 5
380 382 35 8
380 383 13 6
380 384 17 3
380 385 8 3
380 386 19 6
380 405 14 4
380 460 11 4
380 461 17 4
380 470 48 7
380 479 22 6
380 555 33 3
380 579 10 10
381 382 39 7
381 383 34 7
381 384 16 2
381 387 35 4
381 388 4 2
381 389 17 4
381 390 29 2
381 391 28 6
381 501 21 1
381 512 12 1
381 529 47 7
382 383 10 7
382 384 36 2
382 392 49 5
382 393 37 1
382 416 12 6
382 470 18 6
382 500 37 2
382 510 33 6
382 527 43 6
382 557 43 4
383 384 7 3
383 394 44 9
383 395 32 9
383 396 31 9
383 405 33 5
383 417 38 7
383 477 27 1
383 577 6 7
384 397 8 1
384 398 15 1
384 399 35 8
384 400 47 8
384 401 10 7
384 402 38 8
384 403 44 6
384 404 5 2
384 430 2 3
384 431 31 6
384 445 35 1
397 543 5 4
400 593 10 6
402 516 36 2
405 406 11 10
405 407 7 5
405 408 41 4
405 409 6 10
405 446 44 1
405 460 32 6
405 479 5 8
405 500 50 1
405 501 12 8
405 511 29 10
405 530 26 7
405 557 27 9
405 576 42 7
406 410 27 4
406 411 3 8
406 412 49 2
406 413 25 5
406 414 38 10
406 416 33 1
406 417 40 8
406 431 39 5
406 432 37 1
406 445 37 7
406 460 9 8
406 470 3 1
406 477 25 10
406 510 32 4
406 558 13 1
406 577 9 3
409 491 45 6
410 537 39 5
414 531 4 10
415 416 8 7
415 417 15 1
415 418 4 7
415 419 12 6
415 432 5 10
415 461 41 7
415 475 18 3
415 501 29 4
415 512 29 9
415 525 33 7
415 527 41 3
415 557 36 7
416 417 45 5
416 420 35 1
416 421 37 6
416 422 5 8
416 423 4 6
416 424 11 7
416 470 20 7
416 501 41 4
416 512 40 2
416 576 31 3
417 425 50 2
417 426 33 7
417 427 50 3
417 428 13 7
417 429 18 1
417 430 41 9
417 447 27 5
417 476 9 9
417 557 33 8
417 577 9 1
419 485 20 2
430 431 14 7
430 432 44 8
430 433 17 4
430 434 14 9
430 435 22 5
430 436 37 1
430 437 25 2
430 438 2 8
430 461 12 1
430 512 16 4
430 579 34 10
431 432 13 5
431 439 40 10
431 440 49 7
431 441 13 1
431 442 17 7
431 478 2 1
431 500 14 7
431 512 43 1
431 526 18 6
431 576 19 3
432 443 8 9
432 444 30 9
432 445 5 5
432 446 35 8
432 460 15 7
432 470 5 9
432 478 3 8
432 500 16 4
432 526 36 9
432 556 2 9
432 558 5 10
434 490 35 3
438 559 50 4
443 453 27 3
443 544 7 10
444 585 44 2
445 446 27 10
445 447 45 5
445 448 26 4
445 470 19 1
445 479 8 1
445 500 39 3
445 525 46 1
445 557 31 8
445 578 49 10
446 447 1 5
446 449 38 8
446 450 19 6
446 451 17 7
446 452 11 7
446 453 13 5
446 454 8 1
446 455 30 4
446 456 21 9
446 461 43 10
446 500 22 1
446 578 48 2
447 457 17 1
447 458 26 3
447 459 5 2
447 461 33 9
447 470 28 1
447 477 50 1
447 512 8 8
447 529 5 7
447 556 42 1
448 547 12 6
449 485 25 1
454 521 31 2
456 463 47 9
457 560 36 10
458 560 44 4
460 461 40 3
460 462 50 5
460 463 31 6
460 470 19 6
460 478 30 8
460 501 11 2
460 511 29 5
460 512 18 8
460 526 35 10
460 556 30 9
461 464 20 1
461 465 47 3
461 466 48 6
461 467 9 4
461 468 22 6
461 469 25 8
461 470 29 9
461 528 2 1
461 557 17 1
461 576 35 6
461 579 30 6
465 517 13 4
467 491 42 1
469 566 7 1
469 572 30 9
470 471 16 7
470 472 29 8
470 473 11 1
470 474 4 4
470 476 20 6
470 500 27 1
470 511 4 8
470 529 28 8
470 530 46 9
470 555 1 3
470 558 23 4
470 577 28 4
470 578 50 5
473 531 12 2
474 520 2 2
475 476 41 10
475 477 42 9
475 478 49 6
475 479 17 1
475 480 42 10
475 481 13 8
475 482 49 1
475 483 30 3
475 484 10 2
475 485 15 2
475 486 45 2
475 487 28 1
475 501 35 5
476 477 6 1
476 478 8 6
476 479 24 2
476 488 28 9
476 489 7 1
476 510 20 9
476 511 42 1
476 526 28 1
476 555 4 1
476 578 48 5
477 478 7 7
477 479 39 9
477 490 39 5
477 491 47 6
477 492 11 7
477 493 37 6
477 494 25 8
478 479 31 9
478 495 13 3
478 496 43 2
478 577 34 4
479 497 13 5
479 498 34 3
479 499 9 7
479 501 20 3
479 527 26 3
479 556 2 6
490 513 44 7
490 520 17 1
500 501 11 4
500 502 40 1
500 510 29 4
500 558 44 7
501 503 16 8
501 504 36 10
501 505 48 2
501 506 7 8
501 507 2 1
501 508 33 1
501 509 2 3
501 512 36 2
501 526 13 5
501 528 13 9
501 558 7 6
501 578 49 1
501 579 19 5
504 538 24 4
505 571 43 4
506 542 34 3
510 511 37 7
510 512 50 3
510 513 15 10
510 514 11 9
510 515 39 7
510 516 8 7
510 529 4 7
510 556 16 2
510 557 1 6
510 578 35 4
510 579 7 2
511 512 27 8
511 517 13 6
511 518 27 1
511 519 49 9
511 526 23 2
512 520 40 10
512 521 15 6
512 522 19 10
512 523 47 5
512 524 20 1
517 560 43 6
518 590 7 10
519 531 45 2
519 546 11 4
520 538 39 1
525 526 33 8
525 527 43 5
525 528 13 4
525 529 32 2
525 530 20 8
525 531 27 4
525 532 46 5
525 533 38 9
525 534 26 3
525 535 41 1
525 536 26 10
526 527 21 2
526 528 40 4
526 529 6 9
526 530 37 10
526 537 7 9
527 528 14 9
527 529 38 1
527 530 40 9
527 538 27 7
527 539 33 8
527 558 14 1
527 575 33 6
528 529 11 4
528 530 38 4
528 540 32 2
528 541 41 1
528 542 34 10
528 543 9 7
529 530 16 3
529 544 22 9
529 545 41 4
529 546 37 8
529 547 37 2
529 548 31 3
529 549 3 4
529 550 48 5
529 551 15 9
529 552 1 4
529 575 33 8
530 553 11 5
530 554 18 5
537 544 5 2
540 572 19 2
540 580 46 1
555 556 13 5
555 557 3 6
555 558 50 8
555 559 14 5
555 560 7 1
555 561 27 6
556 557 16 8
556 558 13 3
556 562 42 9
556 563 35 9
556 564 36 2
556 565 30 2
556 566 46 6
557 558 28 9
557 567 18 4
557 568 20 7
557 569 9 2
557 578 28 9
558 570 14 4
558 571 17 7
558 572 11 6
558 573 29 6
558 574 20 2
573 495 32 4
575 576 23 5
575 577 23 1
575 578 31 2
575 579 10 10
575 580 39 1
575 581 13 8
575 582 37 2
575 583 32 1
576 577 16 6
576 578 25 1
576 579 4 6
576 584 18 7
576 585 37 10
576 586 8 10
576 587 48 8
577 578 6 5
577 579 30 8
577 588 33 2
577 589 31 8
578 579 5 6
578 590 39 1
578 591 23 10
578 592 5 6
578 593 25 5
579 594 15 1
579 595 38 6
579 596 47 3
579 597 5 8
579 598 13 1
579 599 5 8

0 63 4
1 584 20
2 26 1
3 276 58
4 317 12
5 46 10
6 467 17
7 582 13
8 349 12
9 374 14
10 389 37
11 235 31
12 593 9
13 211 82
14 386 23
15 117 16
16 142 11
17 497 7
18 370 2
19 474 3
20 362 16
21 385 18
22 590 27
23 506 53
24 334 60
25 436 40
26 167 29
27 284 22
28 45 14
29 309 18
30 379 48
31 332 16
32 85 10
33 548 19
34 213 36
35 248 43
36 73 10
37 224 40
38 210 25
39 472 35
40 80 61
41 364 39
42 47 27
43 425 14
44 285 23
45 328 12
46 411 2
47 128 40
48 454 20
49 455 7
50 202 2
51 482 16
52 10 44
53 585 49
54 344 19
55 463 67
56 427 47
57 439 59
58 240 17
59 204 30
60 532 32
61 546 30
62 79 17
63 521 12
64 493 22
65 262 45
66 87 25
67 148 4
68 7 28
69 311 21
70 330 49
71 409 43
72 186 14
73 95 13
74 422 2
75 227 17
76 376 15
77 313 22
78 244 8
79 554 12
80 469 30
81 448 39
82 392 46
83 277 35
84 51 14
85 371 21
86 267 74
87 229 24
88 452 26
89 296 43
90 146 4
91 98 44
92 241 13
93 327 18
94 159 36
95 212 25
96 541 18
97 372 19
98 429 11
99 81 15
100 569 6
101 258 47
102 268 27
103 181 11
104 155 9
105 518 8
106 147 8
107 375 29
108 222 39
109 82 24
110 350 37
111 502 18
112 351 26
113 138 31
114 368 26
115 119 21
116 36 34
117 505 59
118 533 25
119 107 15
120 134 15
121 596 27
122 27 8
123 426 25
124 509 1
125 37 17
126 407 11
127 272 29
128 62 66
129 514 18
130 64 23
131 507 17
132 491 47
133 484 32
134 50 32
135 587 37
136 21 8
137 291 9
138 169 15
139 495 40
140 442 8
141 295 25
142 400 49
143 165 27
144 304 7
145 52 31
146 86 25
147 441 7
148 3 36
149 462 17
150 598 8
151 31 15
152 29 37
153 225 27
154 83 16
155 471 32
156 583 10
157 325 15
158 48 4
159 592 3
160 96 21
161 305 2
162 230 20
163 231 66
164 166 59
165 540 86
166 434 23
167 266 10
168 393 25
169 141 10
170 315 63
171 444 56
172 456 64
173 336 9
174 378 84
175 354 40
176 232 31
177 22 63
178 338 26
179 157 22
180 11 53
181 72 53
182 88 12
183 551 5
184 561 11
185 566 36
186 508 17
187 14 12
188 183 35
189 513 39
190 535 32
191 179 18
192 353 12
193 238 8
194 265 52
195 339 23
196 8 13
197 388 3
198 394 43
199 75 28
200 172 29
201 486 15
202 92 31
203 591 11
204 573 27
205 423 2
206 488 40
207 286 14
208 449 41
209 567 5
210 257 77
211 236 30
212 84 84
213 49 58
214 163 67
215 198 18
216 399 32
217 39 15
218 294 41
219 6 28
220 274 29
221 71 12
222 306 15
223 549 18
224 451 27
225 480 10
226 223 28
227 487 10
228 559 65
229 245 94
230 481 9
231 58 10
232 572 32
233 318 26
234 377 27
235 522 14
236 161 33
237 4 24
238 524 27
239 412 15
