600 1798 240

0 25 200
1 50 500
2 75 800
3 100 1200
4 125 1700
5 150 2300
6 175 3000
7 200 3800
8 225 4600
9 250 5500

0 1500
1 1500
2 1500
3 1000
4 1500
5 1500
6 2000
7 1000
8 1000
9 1500
10 1000
11 2000
12 1000
13 1000
14 2000
15 1000
16 2000
17 2000
18 500
19 1000
20 2000
21 1000
22 1000
23 2000
24 2000
25 1500
26 1500
27 2000
28 1500
29 1500
30 1500
31 1500
32 1500
33 1500
34 1500
35 1000
36 1000
37 2000
38 1500
39 2000
40 2000
41 2000
42 2000
43 2000
44 2000
45 2000
46 1000
47 1000
48 1500
49 1500
50 2000
51 2000
52 2000
53 2000
54 1000
55 1500
56 500
57 1500
58 1500
59 1500
60 1500
61 1500
62 1500
63 2000
64 1500
65 2000
66 1500
67 2000
68 1000
69 2000
70 2000
71 1000
72 2000
73 2000
74 2000
75 1500
76 1500
77 1500
78 2000
79 1000
80 1500
81 1000
82 2000
83 2000
84 2000
85 2000
86 1000
87 2000
88 1000
89 2000
90 1000
91 1500
92 1500
93 1000
94 2000
95 2000
96 1000
97 1000
98 2000
99 2000
100 2000
101 1500
102 2000
103 1000
104 2000
105 1500
106 1500
107 1500
108 1500
109 1000
110 1000
111 2000
112 1500
113 2000
114 2000
115 2000
116 1500
117 2000
118 2000
119 2000
120 1500
121 2000
122 1000
123 1500
124 1500
125 1500
126 1500
127 1500
128 2000
129 1000
130 1500
131 1500
132 1500
133 1000
134 1500
135 1500
136 1500
137 1500
138 2000
139 1000
140 2000
141 1500
142 2000
143 1000
144 2000
145 1000
146 2000
147 1500
148 500
149 2000
150 2000
151 1000
152 2000
153 2000
154 1500
155 1000
156 2000
157 1000
158 1500
159 2000
160 1500
161 1500
162 1000
163 1500
164 1500
165 2000
166 2000
167 1000
168 1500
169 2000
170 2000
171 1000
172 1000
173 2000
174 2000
175 1000
176 1000
177 1000
178 2000
179 1000
180 2000
181 2000
182 2000
183 2000
184 2000
185 1500
186 1500
187 2000
188 1000
189 2000
190 1000
191 2000
192 1500
193 2000
194 2000
195 1000
196 1500
197 1500
198 1500
199 500
200 500
201 2000
202 2000
203 1500
204 1000
205 2000
206 2000
207 1000
208 1500
209 2000
210 1000
211 2000
212 1000
213 1000
214 2000
215 1500
216 1500
217 1000
218 1500
219 2000
220 1500
221 2000
222 2000
223 1500
224 1000
225 1500
226 1500
227 1500
228 1500
229 2000
230 2000
231 1000
232 2000
233 2000
234 2000
235 1000
236 2000
237 2000
238 2000
239 2000
240 1500
241 1000
242 1500
243 1500
244 2000
245 1500
246 1500
247 1000
248 2000
249 1500
250 500
251 2000
252 1000
253 2000
254 1000
255 2000
256 1500
257 2000
258 2000
259 2000
260 1500
261 1500
262 1500
263 1000
264 1500
265 2000
266 2000
267 2000
268 2000
269 2000
270 2000
271 1500
272 1000
273 2000
274 1000
275 1500
276 1500
277 1500
278 1500
279 1500
280 2000
281 2000
282 2000
283 1000
284 2000
285 1000
286 2000
287 1000
288 1000
289 1500
290 2000
291 2000
292 2000
293 2000
294 2000
295 2000
296 1000
297 1000
298 1500
299 2000
300 1500
301 1000
302 2000
303 2000
304 2000
305 1500
306 1500
307 2000
308 2000
309 1500
310 1500
311 2000
312 2000
313 1500
314 1500
315 1500
316 1500
317 1500
318 1500
319 1000
320 2000
321 2000
322 1000
323 2000
324 2000
325 1500
326 1000
327 1000
328 1500
329 2000
330 1500
331 2000
332 2000
333 1000
334 1000
335 1500
336 1500
337 1500
338 1500
339 2000
340 2000
341 2000
342 2000
343 1500
344 1000
345 2000
346 2000
347 1500
348 1500
349 2000
350 2000
351 1500
352 1000
353 1000
354 2000
355 1000
356 1500
357 1500
358 1000
359 500
360 1500
361 2000
362 2000
363 1500
364 1000
365 2000
366 1000
367 1500
368 2000
369 1000
370 2000
371 2000
372 2000
373 500
374 1500
375 1500
376 1000
377 1500
378 1500
379 1000
380 2000
381 2000
382 1000
383 2000
384 500
385 2000
386 1000
387 1000
388 1000
389 1000
390 2000
391 1000
392 2000
393 2000
394 1500
395 1500
396 1000
397 1500
398 2000
399 2000
400 1500
401 2000
402 2000
403 1000
404 2000
405 2000
406 1000
407 1000
408 1500
409 1000
410 1500
411 1500
412 1500
413 1500
414 1500
415 1500
416 2000
417 2000
418 1000
419 2000
420 1500
421 1500
422 1500
423 2000
424 2000
425 1500
426 1500
427 2000
428 1000
429 2000
430 1000
431 1000
432 1500
433 1500
434 2000
435 2000
436 1500
437 2000
438 1500
439 2000
440 1500
441 1500
442 1000
443 2000
444 2000
445 2000
446 1000
447 2000
448 2000
449 1000
450 1000
451 2000
452 1000
453 2000
454 1500
455 1000
456 1500
457 1500
458 1500
459 1500
460 1500
461 500
462 500
463 2000
464 1500
465 1000
466 1000
467 1000
468 1000
469 2000
470 1500
471 2000
472 2000
473 1000
474 2000
475 2000
476 2000
477 2000
478 2000
479 2000
480 2000
481 1000
482 2000
483 1000
484 1500
485 1500
486 1500
487 1500
488 1500
489 2000
490 1000
491 1000
492 2000
493 1500
494 2000
495 2000
496 2000
497 2000
498 1500
499 2000
500 1500
501 2000
502 1500
503 2000
504 1000
505 1000
506 1500
507 1500
508 1500
509 1500
510 1500
511 1500
512 1500
513 1500
514 500
515 500
516 2000
517 1000
518 1000
519 2000
520 2000
521 2000
522 1500
523 1000
524 2000
525 1500
526 1000
527 1000
528 2000
529 2000
530 2000
531 2000
532 1500
533 1000
534 1500
535 1500
536 2000
537 2000
538 1000
539 1500
540 1000
541 2000
542 2000
543 1000
544 2000
545 1500
546 1500
547 1500
548 1500
549 1500
550 1000
551 1500
552 2000
553 1000
554 2000
555 2000
556 2000
557 2000
558 1000
559 2000
560 1000
561 2000
562 1500
563 2000
564 1500
565 2000
566 1000
567 2000
568 1500
569 1500
570 1000
571 1500
572 1000
573 1500
574 1000
575 1500
576 1500
577 500
578 1500
579 2000
580 1500
581 1500
582 500
583 1000
584 1500
585 1500
586 1500
587 2000
588 1000
589 2000
590 2000
591 500
592 500
593 1000
594 1000
595 2000
596 2000
597 2000
598 2000
599 1000

0 1 6 8
0 2 19 3
0 3 32 10
0 4 21 7
0 5 36 5
0 6 12 7
0 7 39 8
0 8 33 4
0 9 1 9
0 32 17 10
0 262 29 4
0 305 7 10
0 317 50 7
0 318 15 6
0 355 4 6
0 378 4 1
0 397 6 6
0 485 46 10
0 549 28 6
1 2 36 6
1 3 2 8
1 4 34 1
1 5 26 9
1 10 19 5
1 11 15 2
1 12 10 5
1 60 50 10
1 61 5 10
1 77 49 4
1 107 2 3
1 215 22 8
1 216 31 2
1 357 13 10
1 376 15 2
1 397 17 2
2 3 2 9
2 4 24 8
2 5 21 5
2 13 8 2
2 14 14 4
2 15 5 5
2 16 14 10
2 17 7 7
2 76 38 8
2 92 37 1
2 130 40 5
2 226 20 3
2 275 10 9
2 336 15 3
2 411 21 9
3 4 10 6
3 5 24 8
3 18 4 2
3 125 33 1
3 160 5 7
3 198 32 8
3 227 22 10
3 260 3 9
3 336 14 10
3 410 13 6
3 441 15 1
3 507 23 5
3 546 2 7
3 570 48 7
4 5 4 7
4 19 37 8
4 20 33 2
4 21 11 8
4 22 33 2
4 23 39 9
4 24 50 7
4 25 43 8
4 26 44 7
4 35 30 5
4 105 14 6
4 132 43 8
4 162 37 4
4 185 18 8
4 198 42 8
4 242 7 4
4 300 11 7
4 487 18 6
5 27 16 9
5 28 21 10
5 29 31 9
5 90 2 8
5 241 19 5
5 279 21 7
5 306 38 5
5 442 20 4
5 455 13 4
5 458 37 9
5 512 33 2
5 571 29 3
6 168 9 7
9 177 37 3
9 490 17 4
9 597 33 8
10 576 36 3
10 588 1 4
15 330 47 3
16 534 25 7
18 171 16 10
19 122 27 7
21 103 38 6
21 203 3 10
21 210 38 9
24 137 50 9
25 214 27 2
26 404 50 2
27 228 13 7
28 127 17 10
28 194 26 5
29 113 7 2
30 31 34 6
30 32 4 10
30 33 24 5
30 34 41 6
30 35 6 4
30 36 31 4
30 37 38 2
30 77 10 9
30 160 12 4
30 162 25 6
30 185 45 4
30 215 48 1
30 216 16 2
30 275 7 7
30 335 28 7
30 395 6 6
30 486 35 4
30 575 37 4
31 32 33 8
31 33 21 10
31 34 34 2
31 35 36 1
31 38 10 2
31 39 34 9
31 40 41 8
31 41 44 3
31 42 20 7
31 243 31 7
31 262 2 1
31 306 42 4
31 357 49 5
31 376 3 1
31 441 32 2
31 457 22 2
31 485 27 7
32 33 29 3
32 34 26 9
32 35 11 3
32 43 28 9
32 44 4 6
32 92 17 3
32 105 19 5
32 130 10 6
32 318 15 7
32 412 34 1
32 549 17 6
33 34 1 9
33 35 42 10
33 45 34 1
33 46 12 9
33 47 11 1
33 48 6 2
33 62 37 9
33 125 43 1
33 197 42 1
33 275 21 6
33 300 17 4
33 375 41 6
33 512 42 1
33 548 1 8
34 35 38 5
34 49 37 4
34 50 40 8
34 51 13 7
34 52 10 8
34 53 14 9
34 54 31 9
34 105 49 4
34 196 21 4
34 396 18 3
34 442 36 1
34 455 18 10
34 506 48 6
35 55 36 6
35 56 36 8
35 57 19 8
35 58 33 2
35 59 38 1
35 60 14 9
35 77 45 5
35 91 45 5
35 125 3 6
35 130 37 9
35 185 7 9
35 226 50 3
35 227 40 3
35 261 25 9
35 300 29 7
35 305 22 1
35 317 11 4
35 338 30 10
35 358 9 5
35 413 43 2
35 575 21 10
37 218 3 10
38 385 22 6
38 425 16 1
39 267 29 9
40 426 34 10
42 347 13 10
42 581 16 2
44 138 22 4
44 293 21 1
44 401 4 1
46 583 16 6
47 158 38 4
47 190 3 7
48 158 29 8
48 559 13 8
49 51 4 6
49 428 44 3
50 380 35 8
50 436 38 9
51 101 31 2
52 519 11 9
53 266 36 8
54 122 36 1
55 329 7 7
55 532 28 10
57 416 9 7
58 476 12 3
59 294 25 5
59 473 14 10
60 61 24 6
60 62 32 9
60 63 48 1
60 64 43 4
60 65 22 9
60 66 19 1
60 67 28 3
60 75 8 6
60 90 41 10
60 125 29 10
60 162 34 7
60 195 17 8
60 197 9 7
60 241 25 5
60 260 37 10
60 305 3 4
60 318 46 2
60 337 38 7
60 358 23 8
60 377 21 2
60 378 43 5
60 397 18 8
60 459 35 5
61 62 46 5
61 68 43 1
61 69 48 4
61 70 45 4
61 71 2 2
61 72 7 8
61 75 6 5
61 90 13 6
61 107 48 9
61 125 2 10
61 135 15 3
61 185 3 4
61 215 50 3
61 225 12 1
61 278 30 9
61 300 12 4
61 335 8 2
61 395 28 10
61 412 21 6
61 414 17 9
61 441 7 1
61 442 35 4
61 486 3 1
61 487 25 7
61 506 10 5
61 510 4 5
61 547 27 1
61 570 5 4
62 73 36 8
62 74 50 1
62 105 6 1
62 131 31 9
62 162 28 9
62 216 21 5
62 225 26 9
62 240 37 6
62 262 20 9
62 275 48 4
62 300 33 2
62 315 35 2
62 358 11 1
62 548 4 4
62 570 8 10
63 312 15 4
63 552 12 6
63 569 48 10
64 255 30 10
66 167 7 4
66 221 4 8
67 70 16 3
67 165 30 3
67 502 44 4
67 551 6 4
71 577 6 3
72 595 45 6
73 154 33 10
73 223 37 6
73 271 3 10
74 586 22 1
75 76 12 2
75 77 40 7
75 78 21 5
75 79 2 5
75 80 47 9
75 81 34 3
75 82 24 2
75 125 6 6
75 163 1 8
75 164 2 1
75 186 23 5
75 196 1 7
75 279 48 10
75 300 24 9
75 316 15 2
75 317 13 1
75 395 7 2
75 411 46 10
75 441 10 6
75 485 30 5
75 548 31 7
76 77 3 2
76 83 47 5
76 84 30 9
76 90 16 4
76 92 29 10
76 105 1 9
76 108 20 4
76 134 1 5
76 186 4 7
76 216 1 8
76 227 3 4
76 260 2 4
76 261 6 9
76 278 40 8
76 300 39 9
76 306 19 9
76 338 43 1
76 358 16 10
76 375 23 6
76 378 16 2
76 414 2 8
76 440 24 8
76 456 46 6
76 486 34 4
76 573 41 7
76 574 25 9
77 85 44 3
77 86 8 2
77 87 10 2
77 88 17 3
77 89 19 2
77 125 47 8
77 132 7 3
77 196 17 10
77 216 24 9
77 226 41 3
77 242 3 7
77 306 17 10
77 337 33 2
77 357 21 1
77 395 11 7
77 459 24 10
77 507 35 5
77 546 13 9
78 289 36 7
80 362 19 10
80 427 27 2
81 465 5 2
82 117 45 5
83 99 41 5
85 569 31 4
87 443 3 2
87 470 15 10
87 497 18 10
88 176 25 6
88 433 28 2
90 91 24 4
90 92 13 10
90 93 10 6
90 105 41 10
90 130 16 1
90 195 28 2
90 198 12 7
90 215 21 4
90 242 44 5
90 262 24 5
90 277 27 8
90 278 29 3
90 300 19 1
90 317 21 7
90 378 14 4
90 395 6 10
90 548 33 1
91 92 15 4
91 94 3 3
91 95 15 4
91 96 28 4
91 97 25 6
91 98 36 2
91 99 24 4
91 108 37 7
91 125 45 10
91 215 1 5
91 300 26 5
91 336 32 1
91 396 35 4
91 411 35 1
91 441 20 1
91 442 30 7
91 457 28 9
91 460 32 2
91 487 15 8
91 488 22 8
91 511 17 3
91 572 29 3
92 100 5 8
92 101 27 4
92 102 1 3
92 103 14 10
92 104 20 6
92 161 33 2
92 164 4 6
92 185 37 9
92 226 4 2
92 227 10 6
92 241 21 8
92 260 34 7
92 305 3 4
92 306 19 2
92 316 50 9
92 337 10 10
92 356 30 6
92 377 25 5
92 415 46 10
92 510 40 7
92 571 13 5
93 426 4 3
100 113 19 2
101 165 49 4
105 106 28 1
105 107 47 6
105 108 22 5
105 109 28 3
105 110 40 7
105 111 26 7
105 112 23 6
105 113 42 1
105 114 2 5
105 115 5 3
105 125 26 2
105 133 18 2
105 164 31 9
105 195 27 5
105 215 39 7
105 225 17 9
105 261 22 4
105 300 29 3
105 355 24 1
105 358 33 7
105 488 40 9
105 505 36 5
105 570 39 2
106 107 9 6
106 108 4 1
106 116 13 5
106 117 49 1
106 118 37 8
106 125 42 5
106 215 48 1
106 226 5 4
106 241 18 10
106 306 13 3
106 316 41 8
106 457 21 2
106 488 23 2
106 547 41 4
106 548 17 5
107 108 42 7
107 119 11 5
107 120 27 1
107 130 16 1
107 164 1 10
107 185 1 5
107 300 31 2
107 336 42 7
107 378 38 7
107 397 44 1
107 415 48 3
107 571 32 2
108 121 17 4
108 122 45 8
108 123 8 6
108 124 5 5
108 186 25 8
108 196 27 10
108 240 33 7
108 262 17 5
108 275 4 2
108 279 15 3
108 305 50 5
108 377 38 1
108 395 15 4
108 412 37 8
108 440 29 7
108 442 35 2
108 460 32 6
109 228 4 7
112 145 38 1
112 380 44 6
112 568 21 2
114 158 14 4
115 496 11 7
116 228 7 7
116 435 12 6
117 348 33 1
117 433 11 2
118 311 37 8
119 232 14 10
119 426 31 7
120 204 9 9
120 312 44 9
120 403 30 5
121 479 16 9
121 493 16 2
121 552 40 6
123 346 46 10
124 129 22 1
124 222 10 7
124 293 32 2
124 534 3 10
124 587 1 9
125 126 33 3
125 127 33 4
125 128 3 6
125 129 49 2
125 130 43 4
125 135 50 10
125 162 7 10
125 164 31 10
125 186 16 10
125 195 50 9
125 198 10 2
125 215 29 8
125 226 17 1
125 227 41 10
125 240 9 3
125 260 25 7
125 262 6 9
125 276 49 8
125 278 19 1
125 300 20 1
125 306 26 10
125 316 12 7
125 335 39 5
125 337 38 10
125 357 23 1
125 376 5 6
125 378 30 2
125 396 1 8
125 397 12 4
125 411 4 2
125 415 8 5
125 440 17 5
125 441 31 8
125 457 35 9
125 459 48 7
125 487 36 2
125 488 26 5
125 510 19 5
125 511 29 5
125 546 38 8
125 549 39 3
125 571 42 9
125 573 44 8
126 270 21 3
126 329 5 4
127 248 8 4
128 182 19 4
128 470 9 9
129 348 8 1
129 360 12 1
129 422 12 6
130 131 4 2
130 132 13 9
130 133 1 2
130 134 5 3
130 135 41 9
130 136 2 10
130 137 14 3
130 138 37 6
130 163 8 1
130 225 23 9
130 241 15 4
130 260 15 2
130 486 4 4
130 487 7 1
131 132 5 9
131 133 42 5
131 134 32 6
131 135 25 4
131 139 30 8
131 140 22 5
131 141 40 9
131 142 38 8
131 143 6 5
131 161 35 10
131 195 26 3
131 197 26 3
131 305 40 7
131 306 19 4
131 377 28 4
131 440 16 2
131 512 4 2
131 547 49 8
131 573 22 5
132 133 8 5
132 134 30 2
132 135 31 3
132 144 15 9
132 145 41 6
132 146 43 2
132 186 44 6
132 226 33 1
132 275 14 8
132 316 10 7
132 358 20 1
132 397 42 8
132 413 28 10
132 455 5 7
132 547 16 4
133 134 17 3
133 135 21 5
133 147 10 10
133 148 6 3
133 215 36 10
133 216 10 9
133 242 2 5
133 318 8 5
133 338 21 9
133 397 37 5
133 411 24 3
133 456 38 5
133 511 32 10
134 135 15 8
134 149 7 2
134 150 4 2
134 151 29 5
134 152 23 7
134 153 42 6
134 154 48 10
134 260 37 9
134 300 15 2
134 338 32 10
134 358 41 8
134 575 47 8
135 155 19 10
135 156 28 10
135 157 24 6
135 158 43 4
135 159 28 2
135 185 41 6
135 276 35 3
135 375 25 9
136 499 1 2
137 258 37 3
137 558 16 9
141 329 13 1
142 208 26 8
143 433 36 4
143 580 45 9
147 361 29 3
149 421 26 1
149 534 9 1
150 346 50 1
150 598 37 6
152 381 37 6
152 474 42 6
155 473 21 6
156 347 26 3
159 579 38 3
160 161 9 2
160 162 34 5
160 163 2 3
160 164 11 1
160 165 44 7
160 166 5 3
160 167 20 8
160 195 15 6
160 198 14 1
160 300 3 2
160 318 9 8
160 413 31 6
160 506 10 10
160 509 31 5
160 545 7 6
161 162 31 8
161 163 45 10
161 164 17 2
161 168 38 4
161 169 31 2
161 170 5 8
161 171 5 5
161 172 22 9
161 173 48 9
161 174 19 5
161 215 3 7
161 216 33 7
161 278 22 3
161 306 36 4
161 358 17 3
161 375 20 10
161 377 42 9
161 397 2 7
161 458 5 8
161 546 19 5
162 163 49 6
162 164 35 1
162 175 44 4
162 176 27 6
162 177 24 7
162 185 42 9
162 227 21 6
162 243 26 10
162 262 26 9
162 335 1 6
162 414 28 1
162 442 46 4
162 486 41 3
163 164 27 6
163 178 18 1
163 179 17 6
163 185 10 10
163 260 23 6
163 300 3 2
163 442 3 4
163 488 24 7
164 180 44 8
164 181 4 2
164 182 19 1
164 183 21 9
164 184 30 10
164 226 9 3
164 242 27 6
164 279 17 10
164 336 42 9
164 358 24 3
164 396 37 4
164 460 40 10
164 572 26 10
164 574 46 6
165 392 17 10
166 236 50 3
166 238 48 5
166 516 9 2
167 493 6 10
168 364 17 7
169 249 17 10
175 310 17 10
176 367 11 5
176 586 46 4
177 319 11 1
177 387 44 6
178 251 18 7
178 310 21 1
180 289 10 6
182 346 35 5
183 564 36 4
185 186 11 8
185 187 21 3
185 188 5 7
185 189 27 1
185 190 1 3
185 197 9 9
185 198 32 1
185 215 10 5
185 216 21 3
185 225 20 3
185 260 22 2
185 279 12 7
185 300 22 1
185 306 41 6
185 316 22 3
185 318 33 3
185 337 46 7
185 377 26 6
185 395 19 4
185 397 35 5
185 411 16 4
185 414 9 9
185 441 47 7
185 455 10 6
185 487 16 9
185 547 21 1
185 571 16 3
186 191 2 5
186 192 19 2
186 193 45 8
186 194 16 9
186 226 22 1
186 242 19 1
186 243 34 1
186 260 4 1
186 276 15 8
186 300 31 6
186 305 2 8
186 337 20 7
186 356 38 8
186 357 13 1
186 378 15 3
186 442 41 6
186 457 13 2
186 488 11 2
186 508 44 6
186 512 27 9
186 549 2 5
186 573 27 8
192 590 48 3
193 551 15 7
195 196 31 9
195 197 34 10
195 198 37 3
195 199 11 7
195 200 44 8
195 215 30 3
195 225 39 2
195 276 9 7
195 277 44 6
195 305 33 4
195 316 7 2
195 456 37 8
195 546 7 5
195 571 38 1
196 197 45 8
196 198 3 4
196 201 12 1
196 202 28 1
196 227 42 3
196 262 46 3
196 337 12 4
196 356 12 4
196 411 37 7
196 415 40 4
196 442 40 9
196 459 24 7
197 198 23 3
197 203 17 8
197 204 20 1
197 205 12 6
197 206 39 2
197 215 19 7
197 242 24 1
197 243 19 4
197 260 46 3
197 355 29 4
197 396 50 5
197 442 6 8
197 485 14 9
197 486 20 7
197 508 23 7
197 509 34 3
198 207 10 9
198 208 46 7
198 209 15 8
198 210 4 2
198 211 33 5
198 212 45 8
198 213 29 4
198 214 19 7
198 300 9 1
198 305 31 10
198 315 17 6
198 377 36 5
198 378 41 3
198 396 23 8
198 546 12 3
198 570 36 8
200 297 7 9
201 228 23 3
201 340 34 2
203 257 46 8
203 394 28 8
204 254 30 10
204 360 7 10
205 236 48 1
205 343 28 1
210 584 5 7
211 579 39 6
214 310 46 9
215 216 35 10
215 217 21 6
215 218 17 8
215 219 2 6
215 220 41 2
215 225 8 8
215 241 2 4
215 260 27 5
215 276 22 4
215 300 45 6
215 305 10 1
215 318 3 1
215 335 29 5
215 357 12 5
215 377 43 7
215 395 42 6
215 397 11 9
215 410 20 7
215 412 14 3
215 456 46 7
215 459 38 5
215 487 42 10
215 507 3 9
215 509 6 8
215 570 42 9
216 221 17 9
216 222 30 8
216 223 43 4
216 224 46 8
216 227 31 4
216 240 36 2
216 260 43 10
216 300 30 4
216 318 24 9
216 335 50 5
216 357 44 6
216 377 47 3
216 441 29 7
216 442 33 7
216 486 12 2
216 546 8 2
216 548 4 2
216 574 21 7
218 319 44 3
219 245 26 7
219 495 40 5
220 237 8 7
223 476 12 4
225 226 10 5
225 227 23 1
225 228 12 8
225 229 12 6
225 230 31 3
225 231 22 6
225 232 40 8
225 233 25 5
225 241 8 2
225 261 12 3
225 275 25 5
225 278 26 4
225 300 39 4
225 315 37 3
225 337 7 10
225 358 24 2
225 376 18 7
225 457 48 4
225 512 7 5
225 574 20 2
226 227 5 1
226 234 5 3
226 235 27 8
226 236 29 4
226 237 36 5
226 241 27 7
226 261 41 5
226 300 5 5
226 305 17 4
226 335 47 3
226 357 23 6
226 395 1 1
226 547 41 4
227 238 43 7
227 239 9 6
227 306 19 8
227 317 34 7
227 375 40 1
227 397 14 2
227 410 49 6
227 440 46 3
227 457 46 4
227 485 22 10
227 488 23 6
227 505 31 2
227 547 1 3
227 570 46 5
228 236 37 9
228 398 18 3
229 323 19 1
229 367 7 3
232 448 42 7
234 238 10 4
234 293 13 6
235 564 10 4
236 343 45 10
238 245 5 5
239 399 32 6
239 497 18 1
239 587 11 2
240 241 3 1
240 242 18 9
240 243 34 5
240 244 26 9
240 245 41 9
240 246 43 2
240 247 16 4
240 248 1 7
240 300 46 7
240 338 20 3
240 358 49 9
240 376 39 1
240 395 18 8
240 512 27 7
240 545 45 6
241 242 8 8
241 243 20 9
241 249 39 9
241 250 41 10
241 305 4 2
241 318 24 1
241 355 9 3
241 414 42 8
241 441 29 1
241 456 29 10
242 243 22 4
242 251 26 6
242 252 17 5
242 253 28 1
242 261 22 4
242 275 42 5
242 276 1 3
242 305 24 4
242 318 50 9
242 376 2 10
242 411 3 1
242 441 38 2
242 486 23 8
242 488 4 1
242 512 44 6
242 548 49 7
242 575 2 7
243 254 49 1
243 255 33 8
243 256 43 3
243 257 33 4
243 258 5 5
243 259 21 3
243 262 22 1
243 300 11 5
243 335 35 5
243 396 7 10
243 459 2 3
243 574 43 9
245 453 4 3
245 491 49 5
246 248 42 2
249 481 38 10
250 491 19 7
250 566 34 1
255 330 36 8
255 400 13 1
256 516 6 3
257 345 43 7
260 261 3 2
260 262 6 8
260 263 13 2
260 264 28 5
260 265 42 9
260 266 44 3
260 267 37 7
260 268 10 8
260 269 39 3
260 306 42 4
260 318 25 6
260 377 17 3
260 396 21 3
260 397 15 4
260 410 35 7
260 442 22 8
260 459 9 1
260 571 11 8
261 262 29 3
261 270 2 10
261 305 45 7
261 315 48 7
261 335 19 7
261 337 8 10
261 356 20 4
261 377 42 4
261 410 20 6
261 441 3 5
261 486 23 10
261 506 6 9
261 545 43 6
261 549 13 4
262 271 22 8
262 272 48 6
262 273 44 10
262 274 41 8
262 278 27 7
262 279 11 3
262 300 31 7
262 356 9 10
262 458 24 3
262 506 17 4
262 570 5 7
263 384 26 8
264 425 4 4
264 434 37 10
264 494 31 6
270 314 48 4
273 351 1 10
273 398 38 7
275 276 37 2
275 277 37 10
275 278 42 4
275 279 43 8
275 280 1 3
275 281 41 7
275 282 2 1
275 283 7 6
275 284 37 6
275 285 11 3
275 286 20 7
275 287 46 4
275 358 6 9
275 377 40 10
275 413 13 2
275 442 7 7
275 457 45 7
275 570 39 3
276 277 24 2
276 278 8 1
276 279 9 6
276 288 9 3
276 289 46 1
276 290 38 1
276 300 25 5
276 315 1 6
276 355 27 10
276 412 27 2
276 547 37 6
277 278 4 10
277 279 2 8
277 291 50 4
277 292 19 6
277 293 37 10
277 294 14 6
277 318 13 3
277 488 42 6
277 508 24 8
278 279 49 9
278 295 42 9
278 296 25 6
278 297 50 2
278 298 48 10
278 300 21 5
278 305 37 6
278 376 5 9
278 397 17 7
278 455 17 6
278 570 43 4
279 299 34 1
279 305 3 8
279 335 1 3
279 338 46 7
279 395 44 4
279 441 45 4
279 487 13 7
279 508 49 2
281 453 23 8
282 498 15 7
283 525 37 8
283 569 26 5
284 432 45 1
285 518 43 1
286 302 44 10
286 444 36 7
286 580 17 8
289 492 40 3
290 438 37 8
293 394 47 4
293 531 43 1
298 482 47 2
300 301 17 9
300 302 48 10
300 303 35 1
300 304 23 3
300 305 7 1
300 306 27 4
300 315 2 8
300 335 9 1
300 355 35 10
300 358 9 8
300 377 33 4
300 378 44 9
300 395 29 8
300 397 47 7
300 411 48 6
300 413 18 8
300 441 44 2
300 442 25 4
300 455 21 5
300 486 35 7
300 487 31 4
300 511 3 2
300 512 42 4
300 545 39 2
300 546 46 6
300 570 49 1
301 498 48 4
302 309 4 3
302 532 46 10
305 306 3 7
305 307 48 2
305 308 39 6
305 309 26 2
305 316 33 6
305 355 2 10
305 378 6 10
305 396 6 6
305 397 48 7
305 414 2 7
305 415 5 2
305 457 44 3
305 488 45 2
305 505 27 4
305 506 29 9
305 547 5 9
306 310 18 2
306 311 38 6
306 312 8 3
306 313 16 4
306 314 20 2
306 318 20 2
306 336 14 10
306 337 46 9
306 358 6 8
306 375 16 1
306 440 35 10
306 457 26 2
306 486 30 2
306 548 6 3
306 574 1 5
308 399 11 7
311 404 20 2
313 323 15 7
314 550 18 1
315 316 38 6
315 317 16 4
315 318 39 3
315 319 20 5
315 320 50 4
315 321 6 8
315 322 13 5
315 338 21 8
315 377 1 4
315 488 1 1
316 317 7 5
316 318 11 10
316 323 9 1
316 336 14 2
316 355 36 6
316 377 10 9
316 415 35 3
316 442 39 10
316 457 3 6
316 488 32 2
317 318 50 5
317 324 45 7
317 325 23 2
317 326 41 1
317 327 44 9
317 328 23 7
317 329 42 7
317 358 25 5
317 396 33 8
317 414 32 9
317 459 45 10
317 510 43 2
317 548 44 7
317 575 4 7
318 330 23 7
318 331 8 1
318 332 50 9
318 333 36 10
318 334 12 7
318 395 35 4
318 441 18 9
318 509 4 7
318 547 37 7
318 570 26 1
320 328 23 2
325 423 47 4
331 464 14 7
335 336 44 8
335 337 45 1
335 338 31 5
335 339 20 2
335 340 5 8
335 341 46 10
335 342 13 6
335 357 34 1
335 377 13 9
335 378 10 8
335 395 44 4
335 412 25 2
335 441 26 6
335 442 17 10
335 459 45 9
335 570 25 5
336 337 47 6
336 338 37 5
336 343 28 10
336 344 16 2
336 345 2 10
336 346 44 5
336 357 26 8
336 511 14 4
337 338 41 1
337 347 32 3
337 348 1 5
337 349 47 5
337 350 1 6
337 351 15 5
337 410 11 5
337 487 28 7
337 548 36 4
337 574 4 3
338 352 19 7
338 353 43 7
338 354 49 7
338 396 45 10
338 456 47 6
338 486 28 6
338 505 40 4
338 545 44 8
339 360 17 2
339 513 31 9
340 562 17 3
340 586 4 10
342 535 23 2
343 503 46 4
349 422 47 5
355 356 34 4
355 357 2 3
355 358 27 8
355 359 17 9
355 360 8 6
355 376 50 9
355 415 13 5
355 458 22 4
355 506 27 4
355 512 9 10
355 547 48 5
355 574 35 5
356 357 20 5
356 358 25 9
356 361 26 7
356 362 23 8
356 363 43 3
356 364 2 10
356 365 41 3
356 366 46 4
356 367 24 5
356 396 11 2
356 459 35 8
356 487 20 2
356 549 21 6
357 358 47 8
357 368 11 2
357 369 39 4
357 370 3 9
357 371 44 7
357 372 26 3
357 397 7 8
357 410 35 7
357 441 31 7
358 373 3 9
358 374 16 8
358 376 44 2
358 442 34 6
358 488 6 9
358 572 34 10
363 383 4 4
365 408 19 1
366 452 23 8
367 541 2 5
368 586 20 8
370 433 19 2
371 542 43 8
374 519 8 3
374 576 4 2
375 376 16 6
375 377 20 7
375 378 42 6
375 379 28 5
375 380 14 5
375 381 37 7
375 382 20 2
375 383 13 3
375 460 1 9
375 570 46 5
376 377 2 2
376 378 36 1
376 384 39 2
376 412 22 6
376 442 34 3
376 507 40 2
376 510 20 4
376 545 21 5
377 378 25 7
377 385 6 2
377 386 29 2
377 387 15 10
377 388 25 9
377 389 39 9
377 397 14 7
377 455 45 10
377 485 18 7
377 545 29 7
378 390 11 9
378 391 37 4
378 392 33 4
378 393 2 4
378 394 42 5
378 396 25 8
378 412 27 3
378 442 30 9
378 487 11 8
378 574 7 6
382 534 15 3
383 448 9 3
384 491 9 1
386 430 50 5
386 535 42 7
394 560 24 8
395 396 23 4
395 397 40 3
395 398 28 4
395 399 7 2
395 413 37 5
395 441 40 5
395 456 12 7
395 459 17 6
395 506 9 5
395 546 30 8
395 548 1 4
395 572 15 9
395 574 26 5
396 397 11 10
396 400 49 1
397 401 18 1
397 402 47 9
397 403 9 7
397 404 39 7
397 405 18 1
397 406 40 5
397 407 23 9
397 408 11 9
397 409 5 4
397 413 49 9
397 441 27 4
397 487 29 2
397 488 9 6
397 506 9 7
398 524 21 6
399 501 40 1
410 411 6 9
410 412 25 4
410 413 15 5
410 414 6 3
410 415 43 9
410 416 21 10
410 417 50 1
410 470 40 8
410 545 26 10
410 549 23 8
411 412 13 6
411 413 6 1
411 414 35 6
411 415 32 5
411 418 30 7
411 419 46 1
411 420 20 9
411 421 20 9
411 422 26 7
411 423 13 5
411 549 19 8
411 575 28 3
412 413 34 5
412 414 47 5
412 415 31 1
412 424 49 6
412 425 18 4
412 426 1 8
412 427 21 10
412 428 9 6
412 487 30 2
412 509 5 8
413 414 25 8
413 415 11 9
413 429 19 4
413 430 27 3
413 431 8 7
413 432 28 4
413 441 26 10
413 458 16 8
413 510 9 4
414 415 17 10
414 433 12 6
414 434 24 5
414 435 44 1
414 436 26 5
414 437 6 9
414 438 23 1
414 488 47 9
415 439 23 3
415 456 30 10
415 572 10 7
420 529 19 6
425 587 50 2
438 468 45 7
439 484 22 6
439 513 31 6
440 441 12 1
440 442 10 10
440 443 11 2
440 444 49 8
440 445 12 8
440 446 25 1
440 507 6 4
440 570 26 10
441 442 50 4
441 447 3 7
441 448 21 6
441 449 44 4
441 450 46 7
441 451 3 5
441 452 10 8
441 453 21 4
441 458 23 3
441 459 21 7
441 486 19 9
441 508 28 6
441 549 46 4
442 454 1 2
442 486 33 3
442 545 6 7
442 571 7 1
444 529 30 1
447 541 20 7
449 535 32 9
450 588 30 6
451 568 38 9
454 520 16 7
455 456 14 5
455 457 12 1
455 458 20 2
455 459 9 7
455 460 47 7
455 461 37 9
455 462 43 2
455 570 29 7
456 457 31 4
456 458 10 5
456 459 21 10
456 460 1 9
456 463 25 6
456 464 26 6
456 465 49 8
457 458 13 8
457 459 12 5
457 460 48 8
457 466 28 7
457 467 19 2
457 468 42 3
457 469 17 4
457 470 35 8
457 471 13 2
457 472 25 9
457 574 13 1
458 459 39 1
458 460 25 8
458 473 37 3
458 474 34 10
458 547 11 5
459 460 46 8
459 475 27 8
459 476 5 10
459 477 29 4
459 509 14 1
459 546 7 6
460 478 28 7
460 479 11 3
460 480 3 7
460 481 6 2
460 482 34 6
460 483 31 2
460 484 12 5
460 485 48 10
460 488 23 3
460 511 38 10
465 500 37 6
469 584 42 4
471 477 17 7
475 581 45 9
485 486 2 4
485 487 33 3
485 488 16 7
485 489 1 10
485 490 30 4
485 491 16 2
485 572 14 5
486 487 32 2
486 488 29 5
486 492 48 10
486 493 7 3
486 494 12 7
486 548 16 9
486 575 16 10
487 488 21 4
487 495 37 6
487 496 42 2
487 497 21 10
487 498 18 2
487 509 18 9
487 512 29 9
487 545 7 8
488 499 9 7
488 500 31 8
488 501 3 10
488 502 19 1
488 503 37 1
488 504 10 9
495 565 39 10
496 522 1 5
499 503 47 2
500 587 8 9
505 506 32 10
505 507 6 8
505 508 14 1
505 509 35 4
505 510 12 4
505 511 17 7
505 512 17 9
505 513 17 3
505 514 34 10
505 515 1 2
506 507 45 2
506 508 50 10
506 509 42 3
506 510 16 5
506 511 37 1
506 512 5 5
506 516 2 6
506 517 17 6
506 518 22 1
506 519 24 1
507 508 44 3
507 509 43 1
507 510 9 2
507 511 47 5
507 512 7 7
507 520 37 2
508 509 5 6
508 510 2 2
508 511 13 3
508 512 38 2
508 521 34 7
508 522 6 5
508 523 12 7
508 575 47 9
509 510 47 5
509 511 30 2
509 512 38 9
509 524 20 1
509 525 46 9
509 526 44 7
509 527 24 1
509 528 49 8
509 529 15 3
509 530 47 3
509 531 48 6
509 549 34 10
510 511 1 1
510 512 27 10
510 532 27 8
510 533 17 9
510 534 48 1
510 535 1 1
510 536 37 9
510 546 40 4
511 512 9 7
511 537 32 6
511 538 10 1
511 539 32 3
511 540 50 1
511 571 44 3
512 541 35 10
512 542 23 9
512 543 38 7
512 544 15 9
521 597 27 3
525 567 44 6
530 585 45 3
531 539 41 10
544 576 12 9
545 546 38 10
545 547 20 4
545 548 33 1
545 549 19 3
545 550 19 10
545 551 11 5
545 552 44 8
545 553 6 5
545 554 18 3
545 555 22 2
546 547 11 3
546 548 35 7
546 549 40 9
546 556 7 3
546 557 27 6
546 558 22 5
547 548 46 5
547 549 38 6
547 559 12 10
547 560 23 7
547 561 21 2
548 549 9 8
548 562 25 1
548 563 27 3
548 564 14 2
548 565 50 10
548 575 21 6
549 566 9 1
549 567 49 7
549 568 16 2
549 569 33 1
549 571 34 8
564 588 26 7
570 571 19 10
570 572 28 1
570 573 27 4
570 574 17 8
570 575 2 4
570 576 46 9
570 577 44 2
571 572 50 10
571 573 45 8
571 574 7 3
571 575 15 3
571 578 8 7
571 579 16 2
571 580 8 4
572 573 31 6
572 574 8 5
572 575 2 8
572 581 26 1
572 582 48 6
573 574 20 4
573 575 14 9
573 583 31 9
573 584 3 10
573 585 2 3
573 586 11 10
573 587 12 3
573 588 23 6
573 589 40 10
573 590 43 6
574 575 41 5
574 591 37 5
574 592 20 6
575 593 18 7
575 594 32 4
575 595 4 5
575 596 9 6
575 597 10 7
575 598 48 3
575 599 19 6
578 496 43 1

0 555 6
1 561 11
2 345 25
3 524 26
4 255 35
5 11 7
6 472 12
7 269 9
8 529 38
9 259 10
10 14 4
11 16 11
12 530 47
13 291 28
14 222 27
15 257 52
16 73 23
17 43 13
18 371 41
19 424 22
20 45 24
21 144 6
22 173 15
23 83 30
24 37 10
25 102 1
26 138 40
27 350 1
28 67 28
29 94 1
30 590 48
31 542 16
32 445 4
33 492 39
34 229 23
35 205 43
36 211 50
37 52 11
38 232 31
39 104 6
40 187 9
41 349 47
42 39 29
43 434 42
44 437 4
45 416 12
46 417 18
47 307 33
48 180 38
49 308 22
50 193 32
51 476 18
52 267 29
53 304 15
54 401 9
55 165 46
56 214 42
57 253 12
58 119 21
59 40 33
60 114 5
61 85 31
62 183 12
63 419 19
64 95 10
65 480 1
66 346 52
67 372 17
68 478 9
69 579 45
70 174 5
71 342 15
72 51 12
73 519 23
74 118 39
75 69 25
76 159 21
77 189 12
78 370 5
79 528 28
80 24 44
81 280 1
82 554 10
83 70 40
84 50 36
85 496 45
86 321 3
87 587 38
88 286 78
89 184 8
90 475 47
91 142 20
92 191 1
93 405 6
94 495 78
95 303 9
96 463 15
97 489 1
98 444 44
99 234 19
100 140 13
101 552 67
102 273 47
103 146 14
104 537 16
105 453 14
106 329 29
107 541 24
108 230 20
109 153 14
110 385 8
111 74 49
112 557 9
113 383 10
114 258 14
115 521 34
116 482 18
117 282 6
118 23 12
119 559 15
120 238 67
121 380 52
122 221 12
123 87 26
124 237 29
125 332 28
126 503 70
127 596 6
128 312 22
129 331 5
130 598 38
131 399 40
132 597 21
133 266 23
134 182 24
135 244 11
136 392 28
137 72 11
138 239 38
139 474 33
140 354 28
141 42 33
142 340 28
143 469 19
144 149 13
145 202 13
146 169 33
147 6 15
148 447 7
149 219 22
150 381 22
151 115 9
152 201 21
153 393 1
154 156 16
155 295 22
156 299 18
157 265 12
158 479 8
159 423 36
160 302 50
161 448 31
162 113 45
163 365 20
164 233 17
165 270 32
166 89 7
167 497 23
168 565 42
169 178 20
170 324 25
171 368 8
172 536 19
173 477 22
174 290 26
175 435 24
176 209 8
177 501 13
178 341 18
179 294 14
180 281 14
181 429 12
182 439 28
183 27 13
184 121 39
185 293 55
186 320 34
187 117 30
188 390 6
189 589 12
190 194 17
191 20 22
192 251 15
193 451 28
194 292 11
195 531 28
196 82 16
197 520 20
198 44 11
199 311 30
200 362 24
201 595 13
202 17 4
203 339 19
204 427 25
205 443 9
206 544 19
207 63 50
208 361 26
209 236 50
210 471 20
211 53 32
212 152 48
213 98 13
214 41 22
215 78 39
216 284 34
217 84 9
218 563 12
219 248 28
220 206 24
221 181 3
222 65 15
223 567 39
224 516 11
225 166 68
226 268 4
227 499 20
228 556 2
229 100 11
230 150 39
231 128 16
232 323 13
233 404 23
234 99 21
235 111 13
236 494 9
237 402 18
238 398 39
239 170 2
