600 1788 240

0 25 200
1 50 500
2 75 800
3 100 1200
4 125 1700
5 150 2300
6 175 3000
7 200 3800
8 225 4600
9 250 5500

0 1500
1 1500
2 1500
3 1000
4 1000
5 2000
6 2000
7 1000
8 2000
9 2000
10 1000
11 2000
12 1000
13 1500
14 1000
15 1500
16 1500
17 1500
18 1500
19 1000
20 1500
21 1500
22 1000
23 2000
24 2000
25 1000
26 2000
27 1500
28 1500
29 2000
30 2000
31 1000
32 2000
33 1500
34 1000
35 2000
36 1500
37 500
38 1500
39 2000
40 2000
41 2000
42 2000
43 2000
44 2000
45 1000
46 1000
47 2000
48 1000
49 1000
50 1500
51 1500
52 1500
53 1000
54 2000
55 2000
56 2000
57 2000
58 2000
59 1000
60 2000
61 1500
62 2000
63 1500
64 2000
65 1000
66 1500
67 2000
68 500
69 500
70 1500
71 1500
72 1500
73 1000
74 2000
75 2000
76 1000
77 2000
78 1500
79 2000
80 1000
81 2000
82 1500
83 1000
84 2000
85 1500
86 1500
87 1500
88 2000
89 2000
90 2000
91 1000
92 1000
93 2000
94 2000
95 1500
96 2000
97 1500
98 1000
99 1500
100 1500
101 1500
102 1500
103 1000
104 1500
105 1500
106 2000
107 2000
108 2000
109 1000
110 1000
111 1500
112 2000
113 1000
114 2000
115 1000
116 1500
117 1500
118 500
119 1500
120 1500
121 1500
122 1500
123 1500
124 1000
125 1500
126 2000
127 2000
128 1000
129 1500
130 2000
131 1000
132 2000
133 2000
134 2000
135 2000
136 2000
137 1000
138 1500
139 1000
140 1000
141 1000
142 500
143 1500
144 2000
145 2000
146 1000
147 1500
148 2000
149 2000
150 1000
151 1500
152 1000
153 1500
154 1500
155 1500
156 1500
157 1000
158 1500
159 2000
160 2000
161 1000
162 1500
163 500
164 1500
165 500
166 1000
167 1000
168 1500
169 2000
170 2000
171 2000
172 2000
173 2000
174 2000
175 1000
176 2000
177 1000
178 2000
179 2000
180 1500
181 1500
182 1500
183 1500
184 2000
185 2000
186 2000
187 2000
188 2000
189 2000
190 2000
191 1000
192 1500
193 2000
194 2000
195 1000
196 2000
197 2000
198 2000
199 1000
200 1500
201 1500
202 1500
203 1500
204 1000
205 1000
206 1500
207 1500
208 1500
209 1500
210 2000
211 2000
212 2000
213 2000
214 1000
215 2000
216 2000
217 2000
218 2000
219 2000
220 1500
221 2000
222 1500
223 2000
224 1500
225 500
226 1500
227 1000
228 1500
229 1000
230 1000
231 2000
232 2000
233 2000
234 1500
235 2000
236 1000
237 2000
238 2000
239 1000
240 2000
241 1000
242 2000
243 1000
244 2000
245 2000
246 1000
247 2000
248 1000
249 1000
250 1500
251 1500
252 1500
253 1000
254 1000
255 1500
256 1500
257 2000
258 1000
259 1500
260 1500
261 2000
262 1000
263 1500
264 1000
265 2000
266 2000
267 1000
268 1000
269 2000
270 2000
271 1000
272 1500
273 2000
274 1000
275 500
276 1500
277 500
278 1000
279 2000
280 1500
281 1500
282 1500
283 1500
284 1500
285 2000
286 1500
287 2000
288 2000
289 1000
290 2000
291 1000
292 2000
293 2000
294 1000
295 1500
296 1000
297 1000
298 1500
299 1500
300 1500
301 2000
302 2000
303 2000
304 2000
305 1500
306 1500
307 1500
308 1000
309 1000
310 2000
311 2000
312 1000
313 2000
314 2000
315 2000
316 1000
317 2000
318 1000
319 1500
320 1000
321 2000
322 1500
323 1500
324 1500
325 1000
326 1500
327 1500
328 500
329 500
330 500
331 2000
332 2000
333 1000
334 2000
335 2000
336 1500
337 2000
338 1500
339 2000
340 1500
341 1000
342 2000
343 1000
344 2000
345 1500
346 1000
347 1500
348 1000
349 1500
350 2000
351 2000
352 2000
353 2000
354 1500
355 1000
356 2000
357 1500
358 2000
359 1000
360 1500
361 2000
362 2000
363 1000
364 500
365 1500
366 2000
367 2000
368 1000
369 1000
370 1000
371 1000
372 1500
373 1500
374 1500
375 1500
376 500
377 1000
378 2000
379 2000
380 2000
381 2000
382 2000
383 2000
384 1500
385 1000
386 1000
387 2000
388 2000
389 2000
390 1500
391 1500
392 1500
393 1000
394 1500
395 1500
396 1000
397 2000
398 1000
399 2000
400 1000
401 1000
402 1000
403 1000
404 2000
405 1000
406 2000
407 1500
408 2000
409 2000
410 1000
411 500
412 1500
413 2000
414 1000
415 2000
416 1000
417 1000
418 2000
419 2000
420 1500
421 1000
422 1000
423 2000
424 1500
425 1500
426 1000
427 1500
428 2000
429 1500
430 1000
431 1500
432 2000
433 2000
434 500
435 1500
436 2000
437 2000
438 2000
439 1000
440 1500
441 1500
442 1500
443 2000
444 1000
445 2000
446 1000
447 1000
448 2000
449 2000
450 1500
451 2000
452 2000
453 2000
454 2000
455 1500
456 1500
457 1000
458 2000
459 1500
460 2000
461 1500
462 2000
463 1000
464 2000
465 1500
466 2000
467 2000
468 1500
469 1500
470 1000
471 1500
472 1500
473 1500
474 1500
475 500
476 500
477 2000
478 2000
479 1500
480 2000
481 2000
482 2000
483 2000
484 2000
485 1000
486 1000
487 2000
488 1500
489 1000
490 1500
491 1000
492 1500
493 1500
494 1500
495 1500
496 1500
497 1500
498 1500
499 2000
500 500
501 2000
502 1000
503 2000
504 1000
505 1500
506 1500
507 2000
508 1000
509 1500
510 1000
511 2000
512 1500
513 1000
514 2000
515 1500
516 2000
517 2000
518 2000
519 1000
520 1500
521 1500
522 1500
523 1500
524 1500
525 1500
526 2000
527 2000
528 2000
529 2000
530 2000
531 1000
532 2000
533 2000
534 2000
535 1500
536 2000
537 2000
538 2000
539 1500
540 2000
541 2000
542 1000
543 1500
544 2000
545 1500
546 1500
547 1500
548 1500
549 1500
550 1500
551 2000
552 1000
553 1000
554 1500
555 1500
556 2000
557 2000
558 1000
559 1500
560 2000
561 1500
562 1500
563 1500
564 2000
565 1500
566 2000
567 2000
568 1000
569 1500
570 2000
571 1000
572 2000
573 1000
574 2000
575 1500
576 1500
577 1500
578 1500
579 1500
580 2000
581 2000
582 1000
583 2000
584 2000
585 2000
586 2000
587 2000
588 2000
589 2000
590 2000
591 1500
592 1000
593 2000
594 1500
595 2000
596 1000
597 1500
598 2000
599 2000

0 1 14 5
0 2 48 10
0 3 24 8
0 4 49 9
0 5 50 9
0 52 46 6
0 95 28 8
0 100 21 1
0 124 41 2
0 183 9 10
0 209 22 10
0 253 16 8
0 254 11 2
0 284 2 1
0 326 21 9
0 340 47 5
0 373 3 6
0 394 9 6
0 420 13 10
0 456 43 1
0 515 4 5
0 576 3 4
1 2 37 6
1 6 18 1
1 7 1 9
1 8 37 7
1 9 7 5
1 10 35 3
1 21 3 6
1 72 41 10
1 86 22 3
1 151 21 9
1 181 50 10
1 280 32 4
1 307 28 6
1 340 43 10
1 349 13 3
1 420 8 4
1 455 10 1
1 465 50 2
1 470 18 6
1 546 41 10
1 550 31 4
2 11 47 6
2 12 20 1
2 13 37 1
2 14 16 2
2 16 20 10
2 51 25 8
2 71 31 10
2 86 43 9
2 95 28 8
2 121 45 2
2 150 18 4
2 200 31 7
2 306 27 9
2 325 12 8
2 346 41 8
2 372 28 8
2 426 9 10
2 427 1 5
2 441 21 8
2 442 28 10
2 465 22 3
2 470 31 9
2 492 31 9
2 494 2 1
2 515 6 5
2 520 18 1
2 575 29 10
4 597 47 10
6 78 46 9
6 301 22 9
9 428 28 1
11 469 26 2
13 572 5 1
15 16 36 9
15 17 42 6
15 18 29 10
15 19 42 9
15 20 6 8
15 21 43 4
15 22 19 3
15 23 37 4
15 24 34 9
15 53 11 5
15 95 19 8
15 151 25 8
15 280 10 10
15 281 21 1
15 305 44 2
15 372 40 10
15 440 18 1
16 17 25 3
16 18 29 2
16 19 23 3
16 20 1 7
16 21 28 6
16 25 7 9
16 26 48 4
16 27 37 2
16 28 41 1
16 52 41 4
16 326 22 1
16 346 48 4
16 420 39 10
16 455 46 8
16 490 25 7
17 18 15 10
17 19 26 6
17 20 3 6
17 21 27 8
17 29 29 6
17 30 48 6
17 95 42 4
17 124 38 2
17 207 47 10
17 426 34 7
17 465 6 9
17 471 24 8
17 491 13 5
17 546 4 7
18 19 30 5
18 20 10 3
18 21 13 1
18 31 41 8
18 32 38 5
18 33 38 10
18 34 16 1
18 35 21 1
18 102 46 4
18 182 32 3
18 308 3 2
18 347 28 9
18 371 21 2
18 427 33 9
18 465 30 7
18 550 10 3
18 576 11 1
19 20 37 9
19 21 46 4
19 36 18 6
19 37 21 1
19 38 48 4
19 70 40 3
19 85 11 2
19 251 17 4
19 394 25 5
19 515 4 10
19 520 11 3
19 579 31 8
20 21 46 3
20 39 3 3
20 40 2 6
20 41 45 1
20 42 27 2
20 43 19 8
20 71 11 8
20 86 28 3
20 123 16 8
20 152 25 6
20 182 1 8
20 326 46 1
20 340 25 10
20 470 9 10
20 515 24 4
20 521 36 3
21 44 42 1
21 45 10 2
21 46 31 4
21 47 25 2
21 48 26 6
21 49 49 8
21 103 30 9
21 208 45 5
21 250 11 1
21 390 25 3
21 441 46 10
24 498 48 2
26 193 32 4
26 388 41 7
27 219 40 10
28 233 38 9
30 286 33 6
32 478 14 9
33 99 23 3
33 292 44 8
34 422 18 8
35 324 30 3
36 482 8 3
38 518 18 8
40 496 5 6
40 561 47 4
43 197 8 1
43 300 14 2
43 315 1 7
45 131 10 7
45 596 9 1
46 411 41 3
47 367 6 5
47 588 36 4
49 364 16 2
49 468 44 8
50 51 29 7
50 52 45 1
50 53 46 8
50 54 20 9
50 55 26 1
50 56 20 3
50 57 20 3
50 58 45 2
50 59 33 6
50 71 32 10
50 102 44 1
50 123 37 3
50 200 33 6
50 284 10 10
50 307 26 1
50 370 38 8
50 420 46 3
50 427 31 3
50 442 22 1
50 465 9 9
50 546 38 4
51 52 44 6
51 53 19 7
51 60 44 10
51 61 45 2
51 62 3 8
51 85 5 9
51 95 34 7
51 183 37 9
51 281 46 2
51 325 36 5
51 346 43 10
51 427 8 10
51 456 20 10
51 465 50 10
51 490 28 9
51 523 41 8
52 53 31 10
52 63 15 7
52 64 16 6
52 65 9 1
52 66 33 5
52 67 9 3
52 86 22 1
52 102 33 6
52 209 26 10
52 254 36 10
52 307 5 3
52 391 48 6
52 393 7 7
52 420 1 9
52 442 39 2
52 473 18 9
52 492 9 2
52 515 16 6
52 548 4 10
52 575 33 5
53 68 9 4
53 69 44 9
53 95 50 9
53 125 6 4
53 154 23 3
53 183 27 3
53 254 28 2
53 325 42 9
53 340 36 6
53 348 24 7
53 372 3 2
53 472 14 4
53 522 31 5
53 576 47 4
54 172 17 3
55 435 46 9
60 75 44 2
60 245 3 1
60 415 3 5
60 495 18 4
60 581 21 6
61 104 30 7
61 211 44 1
63 109 8 5
63 149 7 4
63 363 38 1
64 112 45 8
64 217 19 10
66 380 2 9
66 531 37 4
68 146 43 4
70 71 17 1
70 72 12 5
70 73 27 10
70 74 28 8
70 75 50 7
70 76 20 3
70 95 44 4
70 120 42 6
70 155 23 1
70 181 41 9
70 251 40 10
70 253 39 3
70 349 11 1
70 371 24 10
70 394 14 2
70 455 40 9
70 456 22 8
70 465 42 5
70 493 19 7
70 515 4 1
70 524 18 2
71 72 3 9
71 77 50 7
71 78 38 8
71 79 31 1
71 80 29 6
71 81 39 2
71 82 36 3
71 83 19 5
71 86 37 8
71 95 10 7
71 100 7 5
71 120 15 4
71 206 8 6
71 284 31 2
71 325 26 2
71 340 3 3
71 371 23 2
71 390 17 8
71 420 1 6
71 441 2 8
71 465 34 7
71 473 25 10
71 515 10 9
71 545 17 7
72 84 41 4
72 86 31 7
72 181 38 1
72 206 50 9
72 284 13 10
72 306 31 1
72 325 7 3
72 345 40 3
72 420 49 4
72 425 45 5
72 427 36 6
72 440 11 10
72 472 15 2
72 492 21 6
72 524 30 10
72 550 18 6
72 576 39 8
72 577 13 7
73 256 6 5
73 268 7 10
74 293 45 3
75 450 44 1
76 267 25 9
79 240 20 10
79 265 35 4
79 478 19 7
82 580 5 8
83 162 2 5
84 272 28 1
84 358 7 6
85 86 18 8
85 87 28 7
85 88 8 4
85 89 1 3
85 90 45 2
85 91 19 3
85 92 13 10
85 93 18 7
85 95 40 1
85 100 11 5
85 120 24 10
85 121 20 9
85 182 27 8
85 202 34 3
85 204 31 9
85 253 23 2
85 307 50 10
85 326 41 6
85 340 40 9
85 370 27 9
85 420 36 9
85 442 5 7
85 465 48 3
85 471 8 1
85 473 36 3
85 493 39 3
85 515 7 6
85 524 30 8
85 576 7 9
86 94 46 5
86 95 3 1
86 102 47 6
86 150 47 3
86 152 19 8
86 183 23 7
86 251 11 9
86 283 48 9
86 308 19 4
86 340 43 8
86 346 1 4
86 347 41 2
86 371 20 10
86 394 40 4
86 395 13 8
86 420 9 7
86 425 39 2
86 427 30 3
86 440 28 6
86 455 16 3
86 456 36 6
86 494 27 6
86 545 21 8
86 547 19 10
86 578 18 1
87 173 48 6
87 464 18 10
88 116 48 7
88 164 35 10
89 429 12 3
90 196 5 4
90 526 38 10
92 286 4 6
93 572 44 10
94 450 37 6
95 96 10 5
95 97 6 9
95 98 49 3
95 99 12 1
95 100 43 3
95 101 46 2
95 121 18 2
95 122 21 9
95 152 31 4
95 154 29 10
95 180 34 1
95 182 27 4
95 202 45 5
95 208 35 6
95 251 40 7
95 252 23 1
95 280 14 8
95 281 24 5
95 306 50 8
95 307 46 7
95 325 5 3
95 327 42 4
95 340 29 10
95 347 36 4
95 349 16 2
95 372 2 4
95 390 37 3
95 391 15 5
95 420 48 2
95 425 15 8
95 440 1 1
95 441 42 10
95 456 37 3
95 465 10 7
95 471 44 5
95 472 24 3
95 490 10 1
95 493 14 3
95 515 27 10
95 522 22 1
95 524 42 1
95 546 33 3
95 547 20 2
95 576 12 10
96 104 44 2
97 357 19 2
97 537 33 6
99 144 18 10
99 269 50 1
99 302 33 6
100 101 44 3
100 102 21 2
100 103 45 8
100 104 20 4
100 105 34 8
100 106 10 5
100 372 16 10
100 420 21 10
100 455 27 2
100 465 8 6
100 579 38 2
101 102 43 3
101 103 32 5
101 107 26 5
101 108 6 10
101 109 14 6
101 110 15 3
101 111 23 1
101 112 8 10
101 153 5 4
101 155 11 8
101 182 48 3
101 203 11 1
101 206 17 2
101 254 1 10
101 284 12 9
101 307 33 1
101 326 20 7
101 340 5 2
101 348 28 2
101 392 4 2
101 470 42 10
101 471 49 2
101 492 23 3
101 515 18 7
101 520 46 1
101 523 24 3
101 546 24 7
101 579 34 6
102 103 35 7
102 113 17 8
102 114 35 4
102 115 39 3
102 116 7 8
102 120 48 9
102 255 23 7
102 282 16 8
102 326 34 10
102 340 5 1
102 346 21 2
102 372 18 7
102 420 6 8
102 493 1 2
102 545 31 2
103 117 29 9
103 118 7 5
103 119 31 9
103 124 4 4
103 180 27 9
103 306 31 5
103 390 17 4
103 425 22 7
103 426 27 6
103 440 20 5
103 441 46 2
103 456 23 1
103 465 38 1
104 258 8 1
104 299 8 1
105 415 50 2
107 260 44 4
111 148 47 5
111 321 4 2
111 417 16 8
111 478 42 6
111 480 46 1
111 531 30 2
112 378 23 8
113 291 24 6
114 505 25 2
115 479 39 10
116 184 11 2
117 138 27 8
117 487 15 4
119 293 40 10
119 488 48 8
120 121 50 9
120 122 9 10
120 123 15 4
120 124 46 7
120 125 16 6
120 126 1 9
120 127 5 7
120 128 17 5
120 152 3 8
120 155 46 5
120 306 7 5
120 420 39 1
120 425 31 8
120 549 7 1
121 122 40 8
121 123 26 8
121 124 32 10
121 125 31 1
121 129 47 9
121 130 39 4
121 131 30 5
121 181 5 8
121 202 34 5
121 325 33 5
121 340 24 2
121 420 17 1
121 442 17 7
121 455 26 7
121 465 35 8
121 520 24 5
122 123 22 7
122 124 25 10
122 125 32 8
122 132 10 5
122 133 23 10
122 134 40 4
122 135 45 8
122 308 49 8
122 347 26 3
122 392 16 10
122 395 3 5
122 426 35 3
122 491 21 7
122 515 26 4
122 524 5 1
122 576 27 4
123 124 45 6
123 125 4 4
123 136 35 7
123 137 41 8
123 138 14 6
123 139 32 4
123 140 42 4
123 141 36 9
123 209 36 5
123 251 20 2
123 254 31 9
123 282 12 5
123 456 4 9
123 465 2 5
123 515 25 5
124 125 47 4
124 142 18 1
124 281 41 10
124 325 24 5
124 471 45 10
124 545 10 4
124 579 29 10
125 143 12 9
125 144 31 10
125 145 28 6
125 146 29 10
125 147 23 2
125 148 29 5
125 149 35 4
125 182 30 8
125 340 6 5
125 347 41 5
125 372 20 10
125 373 30 8
125 441 37 1
125 494 38 3
126 256 17 6
126 384 8 10
127 321 15 9
129 157 45 2
129 318 17 4
129 366 1 2
129 506 6 4
131 459 11 1
132 514 19 9
133 168 46 3
134 160 42 5
135 517 1 6
138 388 13 2
139 424 39 10
141 368 27 4
143 432 28 3
144 213 40 9
144 506 46 5
144 570 10 8
145 433 1 4
145 479 30 8
146 322 39 9
147 480 30 9
147 533 8 8
148 276 6 8
148 374 23 7
150 151 26 5
150 152 13 6
150 153 17 8
150 154 21 5
150 155 19 9
150 156 12 3
150 157 9 6
150 158 31 7
150 182 25 7
150 391 21 9
150 420 19 2
150 473 34 2
151 152 4 4
151 153 12 5
151 154 45 7
151 155 4 7
151 159 23 10
151 160 9 2
151 161 41 5
151 162 32 8
151 250 14 10
151 326 41 3
151 340 37 6
151 345 46 4
151 373 37 7
151 426 29 3
151 545 38 1
151 548 2 9
151 576 44 7
152 153 24 6
152 154 43 1
152 155 12 2
152 163 45 2
152 164 27 4
152 165 30 4
152 395 24 4
152 442 30 9
152 465 8 3
152 472 34 3
152 491 28 4
152 515 36 9
153 154 35 9
153 155 7 10
153 166 17 10
153 167 16 4
153 168 44 4
153 169 35 1
153 251 13 2
153 349 36 1
153 465 4 2
153 494 39 5
153 520 3 3
154 155 28 2
154 170 49 4
154 171 44 5
154 172 34 4
154 173 33 6
154 174 20 3
154 180 25 9
154 205 41 8
154 283 26 9
154 284 47 6
154 340 17 2
154 420 44 4
154 455 41 4
154 515 39 7
154 522 14 7
155 175 21 3
155 176 17 10
155 177 46 5
155 178 12 4
155 179 44 8
155 305 24 7
155 308 27 1
155 325 19 7
155 370 38 3
156 532 2 7
158 244 32 7
160 263 34 9
160 525 45 4
162 526 29 4
164 587 1 6
169 509 15 5
171 247 4 3
171 295 36 7
171 570 22 5
172 487 18 2
173 193 22 6
173 379 24 9
173 538 33 7
176 234 17 10
176 322 32 1
179 299 23 2
179 339 39 6
180 181 34 4
180 182 15 5
180 183 50 7
180 184 42 1
180 185 9 8
180 186 46 1
180 187 50 10
180 200 15 7
180 280 9 5
180 340 14 4
180 348 49 5
180 442 17 6
180 492 13 10
180 515 19 4
180 546 29 10
180 577 33 5
181 182 46 5
181 183 34 8
181 188 41 9
181 189 14 2
181 190 14 4
181 191 30 4
181 192 46 9
181 193 15 10
181 194 27 4
181 205 17 7
181 252 38 1
181 284 10 6
181 420 15 10
181 455 37 9
181 456 2 6
181 473 3 3
181 524 17 8
182 183 34 8
182 195 27 5
182 196 4 10
182 307 20 9
182 327 33 8
182 391 22 8
182 394 19 3
182 465 7 1
182 471 20 9
182 520 43 5
183 197 43 4
183 198 30 10
183 199 24 10
183 305 40 10
183 349 44 7
183 371 36 8
183 373 22 4
183 420 20 2
183 426 43 6
183 427 19 5
183 442 48 9
183 465 24 5
183 515 42 8
183 577 3 10
184 512 50 6
185 460 18 3
187 269 28 9
187 357 19 3
189 424 1 2
190 219 29 10
190 535 18 9
192 599 30 7
194 598 23 10
196 563 13 3
197 342 12 9
200 201 33 10
200 202 29 5
200 203 40 2
200 204 27 7
200 205 11 10
200 206 32 10
200 207 31 4
200 208 24 5
200 209 7 10
200 210 40 7
200 211 4 5
200 340 5 2
200 426 48 2
200 472 41 7
201 202 29 6
201 203 1 5
201 204 25 1
201 205 42 1
201 206 16 9
201 207 11 8
201 208 44 7
201 209 36 1
201 212 26 4
201 213 6 4
201 214 17 2
201 215 10 6
201 346 50 3
201 391 42 4
201 394 13 10
202 203 14 6
202 204 11 1
202 205 19 1
202 206 26 4
202 207 42 4
202 208 12 3
202 209 35 10
202 216 30 7
202 217 32 3
202 218 26 9
202 219 8 9
202 220 11 3
202 305 31 7
202 490 31 10
203 204 6 2
203 205 32 4
203 206 45 5
203 207 36 6
203 208 15 8
203 209 28 1
203 221 30 8
203 222 14 10
203 223 38 8
203 224 41 10
203 326 50 4
203 420 19 9
203 427 30 10
203 440 1 8
203 455 10 2
204 205 24 1
204 206 17 10
204 207 3 3
204 208 28 6
204 209 29 2
204 225 19 8
204 340 45 8
204 349 17 3
204 465 5 7
204 576 20 1
204 579 42 7
205 206 27 10
205 207 47 6
205 208 12 8
205 209 47 2
205 226 42 10
205 227 45 7
205 254 21 2
205 280 2 2
205 455 18 10
206 207 3 5
206 208 25 4
206 209 5 2
206 228 1 10
206 229 3 9
206 230 24 10
206 231 31 2
206 252 40 1
206 280 43 10
206 370 18 1
206 373 40 3
206 515 2 8
206 522 6 10
207 208 43 5
207 209 31 6
207 232 38 8
207 233 23 4
207 234 3 8
207 235 28 2
207 420 39 9
207 546 16 7
208 209 13 1
208 236 42 1
208 237 47 9
208 238 44 8
208 239 1 9
208 240 1 7
208 241 43 9
208 306 32 5
208 442 50 4
208 473 43 1
208 515 34 5
208 521 30 3
208 545 26 4
209 242 42 6
209 243 50 7
209 244 24 9
209 245 39 5
209 246 12 9
209 247 18 6
209 248 9 2
209 249 29 9
209 327 18 4
209 465 47 5
209 493 4 6
215 270 8 8
215 273 35 10
216 569 14 6
218 304 13 4
218 404 42 6
220 413 42 4
222 482 48 4
223 449 11 6
224 350 24 9
224 477 29 10
226 301 46 8
226 337 34 9
226 357 48 8
227 468 5 1
228 235 42 10
228 452 40 5
235 560 23 3
238 381 9 9
240 265 44 7
243 259 19 8
250 251 45 3
250 252 40 7
250 253 1 7
250 254 46 8
250 255 25 8
250 256 47 10
250 257 42 3
250 258 16 2
250 259 10 1
250 260 19 8
250 261 29 8
250 262 19 9
250 283 37 3
250 340 50 9
250 420 31 2
250 426 4 9
250 471 39 2
250 515 14 8
250 579 13 3
251 252 8 7
251 253 7 8
251 254 14 8
251 255 21 7
251 263 25 1
251 264 21 10
251 265 21 2
251 266 36 9
251 267 41 1
251 268 41 9
251 325 35 10
251 394 18 5
251 520 11 3
251 547 42 1
252 253 30 4
252 254 42 1
252 255 4 6
252 269 42 8
252 270 21 2
252 271 24 5
252 272 23 7
252 273 23 3
252 373 18 4
252 420 19 5
252 456 30 4
252 465 8 8
252 491 9 1
252 515 34 8
253 254 16 2
253 255 4 2
253 274 48 8
253 275 9 2
253 308 29 8
253 373 8 6
253 442 2 4
253 456 27 4
253 492 29 2
253 522 2 1
254 255 40 4
254 276 16 2
254 277 31 5
254 307 42 7
254 340 47 6
254 345 22 2
254 442 17 8
254 465 37 8
254 549 35 7
255 278 5 6
255 279 49 8
255 281 24 7
255 327 49 8
255 349 40 2
255 393 13 3
255 425 32 9
255 470 39 3
255 576 20 7
257 342 25 7
257 356 43 2
259 362 22 10
261 536 22 3
263 498 42 7
267 543 4 5
269 544 36 3
273 474 39 2
274 357 48 2
276 338 43 1
277 422 48 7
279 488 1 8
280 281 1 5
280 282 23 7
280 283 16 8
280 284 12 7
280 285 4 6
280 286 45 6
280 287 42 10
280 288 12 10
280 289 36 3
280 456 18 2
280 467 3 4
280 470 29 1
280 493 30 5
280 579 18 5
281 282 10 5
281 283 3 7
281 284 4 3
281 290 1 8
281 291 18 10
281 340 21 5
281 372 8 6
281 393 8 9
282 283 34 2
282 284 20 7
282 292 12 6
282 293 4 6
282 294 39 8
282 295 11 9
282 296 33 8
282 297 31 3
282 394 40 7
282 440 20 4
282 465 37 7
282 493 44 7
282 515 10 5
283 284 37 8
283 298 7 6
283 299 22 7
283 300 34 4
283 301 47 6
283 327 3 2
283 340 17 5
283 345 25 3
283 420 38 3
283 425 1 6
283 465 25 10
283 471 1 4
283 521 1 3
284 302 22 7
284 303 9 2
284 304 11 7
284 306 6 9
284 308 30 1
284 327 18 4
284 345 1 4
284 371 14 1
284 420 13 8
284 426 35 8
284 441 3 6
284 456 10 3
284 470 17 8
284 515 16 8
284 520 9 3
284 546 34 5
284 547 27 5
284 579 34 5
286 350 31 1
287 298 48 7
298 569 28 6
301 412 9 5
302 477 40 6
302 484 20 8
303 499 7 1
304 334 42 9
305 306 29 2
305 307 10 7
305 308 27 9
305 309 39 6
305 310 26 8
305 311 21 4
305 312 18 10
305 313 42 7
305 314 13 3
305 315 41 2
305 340 44 8
305 370 17 9
305 455 4 9
305 472 42 10
305 515 5 7
305 575 19 3
306 307 5 1
306 308 6 3
306 316 45 10
306 317 2 5
306 318 21 8
306 319 5 10
306 327 8 3
306 340 42 3
306 420 44 7
306 442 33 5
306 494 25 7
306 545 49 9
307 308 9 7
307 320 13 6
307 321 8 7
307 322 13 1
307 347 32 4
307 348 23 10
307 370 18 3
307 427 3 4
307 465 2 1
307 524 26 2
308 323 2 6
308 324 8 2
308 326 15 10
308 391 15 6
308 394 12 4
308 420 8 4
308 425 29 1
308 440 33 1
308 465 32 6
308 470 44 4
308 493 12 9
308 515 48 1
308 524 41 8
308 545 12 10
308 575 47 6
309 459 23 2
315 383 11 2
315 599 37 5
317 360 19 4
319 412 17 10
319 452 21 6
323 517 15 1
324 517 26 10
325 326 41 3
325 327 18 5
325 328 37 4
325 329 43 10
325 330 49 1
325 347 38 10
325 348 20 2
325 420 36 4
325 465 44 8
325 473 33 3
325 491 11 2
325 577 27 10
326 327 28 10
326 331 4 2
326 332 30 8
326 333 6 6
326 334 23 5
326 335 6 2
326 336 33 4
326 340 31 2
326 393 47 8
326 395 19 6
326 427 33 3
326 473 9 8
326 515 37 2
326 547 48 6
327 337 25 8
327 338 14 3
327 339 50 6
327 340 36 7
327 370 46 4
327 372 39 5
327 420 24 7
327 426 50 3
327 440 12 2
327 441 10 10
327 455 1 4
327 456 27 4
327 492 12 8
327 515 47 6
327 521 6 10
327 523 35 10
327 548 33 9
327 575 6 8
328 542 21 1
336 378 10 10
337 468 6 1
338 432 19 3
339 461 25 3
340 341 6 10
340 342 46 1
340 343 1 7
340 344 22 2
340 345 38 4
340 348 16 3
340 370 19 7
340 372 5 2
340 391 24 4
340 392 45 1
340 420 19 3
340 427 47 5
340 441 45 1
340 442 19 1
340 455 30 3
340 456 26 9
340 465 22 10
340 472 43 5
340 490 17 6
340 494 30 2
340 515 23 1
340 520 39 8
340 547 15 4
340 549 26 9
340 577 37 9
340 579 5 9
342 412 16 6
345 346 34 2
345 347 21 1
345 348 26 3
345 349 45 10
345 350 26 5
345 351 48 10
345 352 13 3
345 353 27 4
345 354 27 10
345 355 13 4
345 356 15 1
345 420 36 2
345 441 22 10
345 465 26 9
345 515 1 3
346 347 43 6
346 348 26 5
346 349 7 5
346 357 17 7
346 371 46 7
346 393 35 1
346 441 27 4
346 465 33 8
346 471 9 10
346 494 6 3
346 515 28 9
346 522 32 10
347 348 6 8
347 349 28 9
347 358 43 1
347 359 6 9
347 360 29 2
347 361 6 1
347 362 24 6
347 372 17 1
347 393 2 9
347 470 16 9
347 493 35 8
348 349 38 6
348 363 7 2
348 364 1 2
348 420 2 8
348 427 19 2
348 456 6 1
348 523 3 6
348 546 24 3
348 575 6 3
349 365 18 5
349 366 8 1
349 367 48 10
349 368 23 5
349 369 12 10
349 426 32 2
349 548 32 4
349 575 7 10
350 423 12 4
351 543 32 8
353 539 8 9
354 419 15 6
356 562 30 6
358 374 36 8
359 459 21 1
360 382 18 5
360 413 39 6
363 459 2 2
365 528 34 3
366 406 30 10
366 591 11 5
370 371 46 6
370 372 35 3
370 373 35 2
370 374 30 8
370 375 24 7
370 394 41 9
370 455 44 6
370 465 22 5
370 471 48 6
370 521 11 5
371 372 45 5
371 373 20 8
371 376 40 7
371 442 17 10
371 471 28 8
371 576 8 10
372 373 7 8
372 377 5 1
372 378 9 10
372 379 26 2
372 380 10 1
372 381 17 7
372 382 41 1
372 420 19 6
372 425 21 6
372 426 46 9
372 465 19 3
372 491 11 10
372 492 14 6
372 545 32 7
372 547 18 5
373 383 20 1
373 384 20 1
373 385 30 4
373 386 2 7
373 387 38 4
373 388 24 7
373 389 35 6
373 392 44 9
373 420 13 9
373 440 36 3
373 455 32 1
373 515 3 2
373 522 15 10
373 576 40 4
375 466 38 10
382 459 24 7
383 554 29 1
390 391 34 2
390 392 15 4
390 393 44 2
390 394 22 4
390 395 39 10
390 396 48 2
390 397 48 8
390 398 45 8
390 399 47 4
390 400 4 8
390 440 21 8
390 465 29 9
390 546 16 3
391 392 29 6
391 393 8 10
391 394 15 1
391 395 35 5
391 401 24 3
391 402 24 5
391 403 2 10
391 404 32 2
391 420 31 1
391 465 11 8
391 472 23 6
392 393 31 6
392 394 34 3
392 395 15 5
392 405 41 4
392 406 16 2
392 407 14 7
392 408 13 5
392 409 25 2
392 410 20 8
392 420 27 8
392 547 49 4
393 394 28 2
393 395 2 8
393 411 43 6
393 425 47 6
393 576 4 8
394 395 1 10
394 412 36 3
394 413 18 1
394 414 37 8
394 415 3 6
394 416 33 2
394 417 36 8
394 425 15 1
394 441 21 7
394 455 16 2
394 473 25 4
394 490 42 5
394 515 42 4
394 522 35 9
395 418 13 2
395 419 41 5
395 456 2 1
395 493 50 9
395 515 32 9
395 524 1 3
395 575 46 1
405 422 42 1
407 487 22 2
411 508 45 6
412 584 15 6
412 596 37 1
419 452 8 2
420 421 3 2
420 422 29 4
420 423 4 3
420 424 36 4
420 425 43 4
420 426 19 5
420 440 26 7
420 441 5 9
420 456 35 5
420 465 10 10
420 471 29 7
420 472 18 2
420 491 16 3
420 492 40 8
420 515 49 10
420 522 12 3
420 548 26 10
420 549 16 1
420 575 38 3
420 578 2 6
423 563 2 4
424 599 35 7
425 426 3 10
425 427 37 1
425 428 35 9
425 429 36 2
425 430 38 4
425 431 35 3
425 432 36 7
425 433 23 2
425 465 7 6
425 471 49 5
425 575 44 3
426 427 40 2
426 434 15 5
426 435 4 7
426 440 5 8
426 455 21 1
426 490 22 4
426 515 26 10
426 520 8 3
426 524 35 1
426 545 24 4
426 546 25 3
426 579 44 1
427 436 28 4
427 437 45 7
427 438 7 2
427 439 2 6
427 440 26 5
427 456 41 10
427 465 47 1
427 473 18 9
428 594 4 6
431 483 33 5
437 482 50 1
440 441 27 8
440 442 18 8
440 443 48 3
440 444 47 3
440 445 32 6
440 446 20 2
440 455 49 1
440 465 24 8
440 470 36 8
440 471 47 7
440 548 48 7
441 442 36 5
441 447 20 1
441 448 38 9
441 449 26 10
441 450 38 3
441 451 3 5
441 455 6 2
441 465 32 10
441 490 1 4
441 492 10 7
441 515 38 4
441 523 10 1
441 524 4 10
441 578 17 1
442 452 35 5
442 453 45 7
442 454 33 2
442 515 2 6
442 547 12 5
442 576 41 3
455 456 24 8
455 457 11 4
455 458 38 10
455 459 2 3
455 460 28 6
455 461 29 4
455 462 40 2
455 463 33 8
455 465 30 1
455 470 30 3
455 490 29 3
455 492 49 10
455 522 43 8
456 464 37 1
456 515 32 4
456 523 45 10
456 545 43 6
456 548 45 6
456 576 7 2
456 579 7 10
460 563 42 4
462 488 43 7
464 559 36 3
465 466 47 8
465 467 30 9
465 468 13 1
465 469 8 2
465 470 38 2
465 472 12 1
465 490 37 4
465 493 22 6
465 515 47 5
465 522 20 4
465 524 49 8
465 547 31 1
465 550 42 7
465 576 44 1
466 559 39 1
470 471 1 10
470 472 4 10
470 473 28 3
470 474 47 10
470 475 6 3
470 476 8 10
470 493 6 4
471 472 33 2
471 473 8 7
471 477 23 2
471 478 44 10
471 479 6 4
471 492 29 6
471 515 20 10
471 521 31 6
471 550 50 5
471 579 11 9
472 473 37 1
472 480 34 3
472 481 24 4
472 482 7 10
472 483 36 7
472 484 38 2
472 485 45 5
472 515 21 1
472 521 3 2
472 546 39 4
473 486 30 1
473 487 21 2
473 488 40 1
473 489 38 5
473 578 17 7
474 502 49 7
474 597 27 2
474 599 45 7
479 570 24 4
480 565 42 4
484 497 14 1
484 555 31 4
489 497 25 8
490 491 36 10
490 492 37 6
490 493 45 7
490 494 3 3
490 495 23 1
490 496 6 7
490 497 5 8
490 498 24 2
490 499 4 5
490 550 41 1
491 492 21 2
491 493 24 9
491 494 4 2
491 500 48 10
491 579 8 3
492 493 21 6
492 494 2 1
492 501 15 6
492 502 18 4
492 503 42 9
492 550 18 5
493 494 25 9
493 504 43 5
493 505 15 1
493 506 19 2
493 507 38 10
493 508 8 10
493 509 34 8
493 515 45 3
494 510 42 2
494 511 33 4
494 512 30 5
494 513 40 8
494 514 31 4
494 515 6 6
494 522 20 1
494 577 36 8
495 499 3 1
497 570 27 6
508 594 7 7
514 590 13 5
515 516 49 3
515 517 28 10
515 518 15 9
515 519 50 8
515 522 16 5
515 523 28 6
515 547 46 6
515 549 35 10
515 577 32 8
520 521 19 10
520 522 17 6
520 523 4 2
520 524 20 3
520 525 45 10
520 526 50 5
520 546 14 10
520 579 22 8
521 522 42 1
521 523 13 8
521 524 14 6
521 527 36 10
521 528 36 3
521 529 9 4
521 530 14 1
521 531 50 7
521 532 16 6
521 533 43 4
521 545 32 9
522 523 27 2
522 524 27 8
522 534 42 1
522 535 26 1
522 536 5 1
523 524 35 3
523 537 41 7
523 538 26 8
523 539 27 3
523 540 41 8
523 541 20 2
523 542 50 6
523 575 35 5
524 543 45 10
524 544 17 7
526 597 40 5
530 539 1 2
531 554 21 1
532 574 45 7
537 541 37 5
543 558 30 8
545 546 40 3
545 547 1 2
545 548 37 9
545 549 32 1
545 550 25 6
545 551 25 10
546 547 16 2
546 548 12 9
546 549 32 2
546 550 9 8
546 552 27 4
546 553 46 4
546 554 48 2
546 555 34 8
546 556 35 3
547 548 1 3
547 549 15 1
547 550 26 6
547 557 15 9
547 558 10 3
547 559 31 9
547 560 24 8
547 561 37 7
547 575 7 3
548 549 41 8
548 550 30 4
548 562 27 4
548 563 14 9
548 564 43 2
548 565 34 9
548 566 22 9
548 567 21 6
548 579 5 7
549 550 4 4
549 568 27 4
549 569 12 6
549 570 38 6
549 571 47 5
549 572 6 10
550 573 40 9
550 574 44 6
573 498 34 1
575 576 36 3
575 577 46 8
575 578 32 8
575 579 8 9
575 580 27 9
575 581 25 2
575 582 16 6
575 583 7 8
576 577 12 3
576 578 39 1
576 579 13 2
576 584 32 4
576 585 27 1
576 586 12 10
576 587 41 5
577 578 28 2
577 579 18 2
577 588 18 1
577 589 13 10
577 590 10 10
577 591 24 1
578 579 6 9
578 592 26 2
578 593 49 3
578 594 34 8
579 595 9 3
579 596 5 7
579 597 5 4
579 598 19 5
579 599 12 6
581 599 3 9

0 184 30
1 587 23
2 302 73
3 193 15
4 428 27
5 541 20
6 332 10
7 179 66
8 437 49
9 358 29
10 534 16
11 581 30
12 237 27
13 560 21
14 436 18
15 6 35
16 378 25
17 584 28
18 108 2
19 574 21
20 96 18
21 269 57
22 67 5
23 311 14
24 464 40
25 293 30
26 487 44
27 247 11
28 29 18
29 483 39
30 170 10
31 232 21
32 501 4
33 445 8
34 454 23
35 57 12
36 339 60
37 380 7
38 217 16
39 62 2
40 266 21
41 44 23
42 423 7
43 47 45
44 303 11
45 544 16
46 352 8
47 11 23
48 172 38
49 404 32
50 361 3
51 478 60
52 527 8
53 106 6
54 379 26
55 235 65
56 257 61
57 197 32
58 221 10
59 314 4
60 77 19
61 334 38
62 448 12
63 126 11
64 540 22
65 127 8
66 593 14
67 409 11
68 526 107
69 107 16
70 537 77
71 233 20
72 301 35
73 218 44
74 160 40
75 231 19
76 335 3
77 532 37
78 351 20
79 75 78
80 23 12
81 484 70
82 135 22
83 261 33
84 174 9
85 599 89
86 287 63
87 270 13
88 362 16
89 94 51
90 389 23
91 148 40
92 367 24
93 418 6
94 583 2
95 292 32
96 212 13
97 35 17
98 415 35
99 279 20
100 388 51
101 310 14
102 210 10
103 514 41
104 556 19
105 477 45
106 26 37
107 265 31
108 173 101
109 382 38
110 238 32
111 466 35
112 557 8
113 169 14
114 331 2
115 451 2
116 54 20
117 366 19
118 317 12
119 567 14
120 383 32
121 42 14
122 507 9
123 178 5
124 93 14
125 88 53
126 588 25
127 572 22
128 315 48
129 136 25
130 387 23
131 285 2
132 353 19
133 499 6
134 481 14
135 564 26
136 551 10
137 64 44
138 40 31
139 159 7
140 453 12
141 273 43
142 188 22
143 219 27
144 145 39
145 350 63
146 240 42
147 528 24
148 432 26
149 114 41
150 43 20
151 462 48
152 590 10
153 9 11
154 458 15
155 460 28
156 321 18
157 304 44
158 81 25
159 55 24
160 185 6
161 244 27
162 517 45
163 5 19
164 586 8
165 196 10
166 570 40
167 149 11
168 356 45
169 344 11
170 313 14
171 580 21
172 187 68
173 176 45
174 419 35
175 189 8
176 30 41
177 245 18
178 211 12
179 134 21
180 74 23
181 530 10
182 216 19
183 536 7
184 198 16
185 449 17
186 413 48
187 84 42
188 24 36
189 566 9
190 89 6
191 433 7
192 58 13
193 213 14
194 171 57
195 186 15
196 381 12
197 39 1
198 112 16
199 8 15
200 133 15
201 452 37
202 342 35
203 215 19
204 242 29
205 503 17
206 32 26
207 480 59
208 482 62
209 533 12
210 290 1
211 60 55
212 223 12
213 589 8
214 190 41
215 337 41
216 408 8
217 132 17
218 529 7
219 516 14
220 585 12
221 467 10
222 90 50
223 438 4
224 130 24
225 288 4
226 443 21
227 595 6
228 79 61
229 399 30
230 397 19
231 538 22
232 194 31
233 144 46
234 598 27
235 406 28
236 41 30
237 511 11
238 518 20
239 56 13
