600 1835 240

0 25 200
1 50 500
2 75 800
3 100 1200
4 125 1700
5 150 2300
6 175 3000
7 200 3800
8 225 4600
9 250 5500

0 1500
1 1500
2 1500
3 1500
4 1500
5 1000
6 2000
7 2000
8 1000
9 2000
10 1000
11 2000
12 2000
13 1000
14 2000
15 2000
16 1500
17 2000
18 2000
19 1000
20 1000
21 1500
22 1500
23 1000
24 2000
25 1500
26 1500
27 1500
28 2000
29 2000
30 1000
31 1500
32 2000
33 1500
34 2000
35 2000
36 1500
37 2000
38 2000
39 2000
40 1500
41 1500
42 1000
43 1500
44 1500
45 1000
46 1000
47 2000
48 2000
49 1500
50 2000
51 2000
52 1500
53 1500
54 2000
55 1500
56 500
57 2000
58 1000
59 1500
60 1000
61 2000
62 2000
63 2000
64 1000
65 1500
66 1000
67 2000
68 2000
69 1000
70 1500
71 1500
72 1500
73 1500
74 1500
75 1500
76 1500
77 1500
78 1000
79 1000
80 2000
81 2000
82 2000
83 2000
84 1000
85 2000
86 2000
87 2000
88 1500
89 1500
90 1000
91 2000
92 2000
93 2000
94 2000
95 2000
96 1000
97 2000
98 2000
99 2000
100 1500
101 2000
102 1500
103 2000
104 1000
105 1500
106 1500
107 1000
108 2000
109 2000
110 1000
111 1000
112 1500
113 500
114 1500
115 1500
116 1500
117 500
118 500
119 1000
120 2000
121 1000
122 2000
123 2000
124 1000
125 1500
126 1500
127 2000
128 2000
129 1000
130 1500
131 2000
132 1500
133 2000
134 2000
135 1500
136 1000
137 1500
138 1500
139 1000
140 2000
141 1000
142 1500
143 1500
144 1500
145 500
146 500
147 2000
148 1500
149 2000
150 1500
151 2000
152 1500
153 1500
154 2000
155 1000
156 1500
157 1500
158 1500
159 1500
160 500
161 1000
162 1500
163 1000
164 1500
165 2000
166 2000
167 2000
168 2000
169 2000
170 1000
171 2000
172 2000
173 1000
174 1000
175 2000
176 2000
177 2000
178 1000
179 2000
180 1500
181 1500
182 1500
183 1500
184 1000
185 2000
186 1500
187 1000
188 1500
189 1500
190 2000
191 2000
192 1000
193 2000
194 1500
195 2000
196 1000
197 1500
198 1500
199 2000
200 1500
201 1500
202 1500
203 1000
204 2000
205 2000
206 2000
207 1000
208 2000
209 1000
210 2000
211 1000
212 2000
213 1500
214 1000
215 1500
216 1500
217 1500
218 1500
219 1500
220 2000
221 1500
222 1500
223 2000
224 2000
225 1000
226 1000
227 1000
228 2000
229 2000
230 1000
231 2000
232 1000
233 1000
234 1000
235 2000
236 2000
237 2000
238 2000
239 2000
240 1500
241 1500
242 1500
243 2000
244 1500
245 2000
246 2000
247 2000
248 2000
249 1500
250 2000
251 2000
252 2000
253 2000
254 2000
255 1500
256 1000
257 1500
258 1500
259 2000
260 2000
261 1500
262 500
263 1500
264 500
265 1500
266 1500
267 2000
268 2000
269 1500
270 1500
271 1500
272 1500
273 1500
274 1500
275 1500
276 1500
277 1500
278 1500
279 2000
280 2000
281 1500
282 2000
283 2000
284 2000
285 1500
286 1000
287 2000
288 1000
289 1500
290 2000
291 1500
292 2000
293 2000
294 1500
295 2000
296 1000
297 1500
298 2000
299 2000
300 1500
301 2000
302 2000
303 2000
304 1000
305 2000
306 2000
307 1500
308 1000
309 1000
310 1000
311 1500
312 1500
313 500
314 2000
315 2000
316 1500
317 2000
318 2000
319 1000
320 1500
321 2000
322 1500
323 2000
324 2000
325 1000
326 1500
327 1500
328 1500
329 1500
330 1000
331 1000
332 2000
333 1500
334 1000
335 1000
336 2000
337 1500
338 2000
339 1000
340 2000
341 2000
342 2000
343 1500
344 1500
345 1500
346 1500
347 1500
348 1500
349 1500
350 1500
351 1000
352 2000
353 2000
354 1500
355 1000
356 2000
357 1500
358 1000
359 1000
360 2000
361 1000
362 2000
363 2000
364 2000
365 2000
366 1000
367 2000
368 1500
369 1500
370 2000
371 1000
372 1500
373 2000
374 2000
375 1500
376 1500
377 2000
378 2000
379 2000
380 1000
381 1000
382 1000
383 2000
384 1500
385 1000
386 1500
387 1500
388 1500
389 1000
390 1500
391 1500
392 1500
393 1500
394 1000
395 2000
396 2000
397 1500
398 2000
399 1000
400 1000
401 2000
402 2000
403 1500
404 1500
405 1000
406 1500
407 2000
408 2000
409 2000
410 1500
411 2000
412 2000
413 2000
414 2000
415 2000
416 1500
417 1000
418 1000
419 2000
420 1500
421 2000
422 2000
423 2000
424 2000
425 1500
426 1000
427 1500
428 1500
429 1500
430 1000
431 2000
432 2000
433 1500
434 1500
435 1500
436 2000
437 2000
438 2000
439 1000
440 1000
441 1500
442 1000
443 1500
444 2000
445 2000
446 1000
447 1000
448 2000
449 1000
450 2000
451 1000
452 500
453 500
454 1500
455 1500
456 1500
457 1500
458 1500
459 1500
460 2000
461 1500
462 1000
463 1500
464 1000
465 2000
466 1000
467 2000
468 1000
469 1000
470 1000
471 2000
472 1500
473 2000
474 2000
475 1000
476 2000
477 2000
478 1500
479 1000
480 1500
481 1500
482 1500
483 1500
484 1500
485 1500
486 2000
487 2000
488 1500
489 2000
490 2000
491 1000
492 2000
493 1500
494 2000
495 1500
496 1500
497 1000
498 1000
499 2000
500 1000
501 2000
502 2000
503 1000
504 1000
505 1500
506 1500
507 1500
508 1000
509 1000
510 2000
511 1500
512 1000
513 1000
514 1500
515 1000
516 2000
517 2000
518 2000
519 2000
520 1500
521 1500
522 1500
523 1500
524 1500
525 1500
526 1000
527 2000
528 1000
529 2000
530 1500
531 1500
532 1000
533 2000
534 2000
535 2000
536 1500
537 2000
538 2000
539 1500
540 2000
541 1000
542 1500
543 1500
544 2000
545 2000
546 1500
547 2000
548 1500
549 2000
550 1500
551 2000
552 1500
553 2000
554 1500
555 1500
556 1000
557 1500
558 1500
559 1500
560 1000
561 2000
562 1000
563 500
564 2000
565 2000
566 2000
567 2000
568 2000
569 2000
570 2000
571 1500
572 2000
573 2000
574 1500
575 1500
576 2000
577 2000
578 1500
579 2000
580 2000
581 2000
582 1000
583 1000
584 1000
585 1500
586 2000
587 1500
588 2000
589 1000
590 1000
591 1500
592 1000
593 500
594 2000
595 1000
596 2000
597 2000
598 2000
599 2000

0 1 14 3
0 2 46 9
0 3 4 5
0 4 46 5
0 5 24 3
0 6 1 5
0 41 4 5
0 112 14 2
0 241 39 4
0 272 30 4
0 376 36 10
0 455 25 5
0 525 31 4
0 557 24 7
0 558 16 8
0 591 47 8
1 2 41 5
1 3 38 4
1 4 44 9
1 7 16 9
1 8 25 3
1 9 49 4
1 26 41 3
1 27 20 3
1 111 38 10
1 126 28 3
1 135 2 5
1 155 35 7
1 159 14 7
1 182 44 7
1 310 31 1
1 495 22 6
1 521 42 3
1 550 29 10
1 585 48 9
2 3 33 6
2 4 48 5
2 10 33 9
2 11 1 10
2 12 32 9
2 65 25 5
2 73 43 9
2 126 16 5
2 137 9 10
2 201 12 10
2 215 7 8
2 240 17 1
2 257 28 3
2 455 5 6
2 480 12 6
2 495 27 10
2 590 16 1
3 4 41 2
3 13 17 3
3 14 12 4
3 15 2 1
3 16 8 8
3 17 4 10
3 18 20 4
3 19 24 2
3 20 11 1
3 21 32 2
3 77 1 8
3 202 2 10
3 273 36 9
3 310 31 10
3 348 10 6
3 349 50 2
3 425 49 1
3 481 20 5
3 505 47 3
3 550 11 4
4 22 39 7
4 23 10 5
4 24 47 4
4 42 33 6
4 65 9 2
4 182 47 10
4 218 16 3
4 257 7 4
4 325 30 2
4 327 20 2
4 375 18 1
4 389 6 8
4 392 14 4
4 426 4 7
4 506 13 4
4 585 11 4
6 130 5 5
6 474 47 7
8 209 10 8
11 150 3 7
11 198 17 7
11 421 32 10
12 100 44 9
13 152 19 6
14 103 29 7
15 102 17 10
16 119 4 10
16 231 24 8
16 598 34 4
18 278 36 6
18 320 50 9
19 542 28 10
19 562 46 3
21 134 13 5
22 161 29 8
22 407 43 6
24 577 43 6
25 26 36 1
25 27 18 5
25 28 30 9
25 29 22 7
25 30 12 4
25 31 40 6
25 137 35 8
25 181 24 8
25 215 8 7
25 219 13 5
25 240 42 5
25 241 37 1
25 277 33 2
25 310 6 8
25 312 21 9
25 346 46 5
25 375 36 10
25 426 35 10
25 427 24 4
25 456 23 1
25 495 5 10
25 506 24 8
25 555 50 2
26 27 30 7
26 32 36 9
26 33 10 5
26 41 30 3
26 65 23 7
26 70 28 6
26 126 33 3
26 156 28 10
26 158 34 2
26 200 30 5
26 255 47 10
26 273 9 6
26 325 16 9
26 328 8 6
26 346 49 8
26 375 18 2
26 458 46 7
26 480 46 4
26 520 30 2
26 525 31 4
26 556 35 4
26 585 10 8
27 34 11 1
27 35 16 9
27 36 31 3
27 37 19 2
27 38 49 8
27 39 17 4
27 42 36 8
27 76 3 10
27 110 17 6
27 111 15 10
27 126 20 6
27 135 47 7
27 180 43 3
27 200 33 8
27 257 3 3
27 391 20 9
27 392 6 6
27 481 45 6
27 496 13 6
27 550 35 8
27 585 26 10
27 590 19 6
27 591 21 4
28 116 50 8
28 333 30 9
28 511 18 6
28 514 6 4
29 336 5 10
29 570 34 9
31 60 45 9
31 80 14 3
31 294 31 6
31 451 38 10
32 221 33 1
33 492 36 5
34 52 39 8
36 408 9 9
38 235 43 8
38 252 42 7
38 554 24 2
39 142 46 1
39 548 10 1
40 41 32 1
40 42 2 10
40 43 3 2
40 44 24 10
40 45 44 7
40 46 15 3
40 47 33 8
40 73 4 8
40 110 32 3
40 135 3 9
40 136 41 5
40 155 24 4
40 181 46 8
40 216 13 8
40 312 37 5
40 376 34 7
40 390 47 6
40 480 25 1
40 505 7 1
40 585 49 10
41 42 42 4
41 43 7 1
41 44 43 1
41 48 22 2
41 49 33 6
41 50 28 7
41 51 37 1
41 52 29 10
41 53 20 1
41 54 14 7
41 55 37 10
41 65 28 1
41 241 35 1
41 328 44 7
41 386 3 6
41 426 27 4
41 458 24 9
41 481 47 10
41 496 11 2
41 550 40 2
41 558 26 9
42 43 42 8
42 44 20 4
42 56 3 2
42 65 2 5
42 112 31 4
42 311 8 9
42 348 12 10
42 459 43 6
42 520 15 4
42 523 46 3
42 550 32 10
43 44 26 9
43 57 6 8
43 58 17 9
43 59 7 9
43 60 12 5
43 61 29 1
43 77 29 3
43 200 42 4
43 256 41 6
43 257 43 6
43 430 12 9
43 496 30 8
44 62 21 6
44 63 34 3
44 64 10 6
44 125 1 4
44 158 44 7
44 182 36 2
44 202 25 6
44 217 20 6
44 242 50 3
44 270 48 5
44 326 27 3
44 349 13 1
44 375 4 7
44 507 47 9
44 560 9 2
44 590 29 7
45 404 3 10
45 578 32 4
48 127 37 4
48 354 23 9
48 488 50 6
49 553 16 10
51 171 18 7
52 170 5 7
53 340 18 1
53 500 36 9
54 80 23 8
55 208 1 9
55 527 47 9
57 106 10 3
57 223 7 8
57 224 33 5
57 443 22 1
58 113 24 1
59 298 46 4
60 78 46 8
60 300 38 9
61 253 23 4
63 149 12 1
63 235 36 8
63 266 31 1
63 269 50 7
63 410 3 9
65 66 37 1
65 67 49 2
65 68 42 3
65 69 4 10
65 70 38 1
65 111 9 6
65 112 47 3
65 125 48 5
65 135 11 10
65 136 20 6
65 157 31 3
65 159 26 7
65 180 19 5
65 182 49 7
65 201 22 7
65 219 17 6
65 241 14 10
65 256 19 9
65 257 24 6
65 271 15 6
65 272 49 4
65 311 49 8
65 327 17 10
65 328 25 7
65 348 6 7
65 349 23 6
65 375 40 3
65 389 4 8
65 392 24 2
65 425 11 9
65 430 26 10
65 457 36 1
65 459 37 5
65 480 12 5
65 481 29 8
65 495 33 8
65 496 32 8
65 506 44 3
65 507 7 1
65 521 20 8
65 550 41 2
65 555 23 3
65 557 12 5
65 585 2 8
65 591 20 1
67 290 13 3
68 343 50 10
68 431 35 4
68 461 27 2
68 519 20 6
69 330 38 10
70 71 34 7
70 72 26 7
70 73 47 3
70 74 12 10
70 75 38 7
70 76 3 1
70 77 38 6
70 78 1 1
70 79 33 9
70 80 11 10
70 81 32 10
70 82 43 1
70 83 46 9
70 84 7 9
70 136 26 4
70 276 12 6
70 312 15 8
70 376 13 7
70 385 8 3
70 481 11 2
70 556 43 7
71 72 19 6
71 73 26 1
71 74 44 6
71 75 3 7
71 76 43 2
71 77 45 2
71 85 11 6
71 86 36 7
71 87 25 5
71 88 9 6
71 126 25 3
71 158 35 4
71 274 25 9
71 328 12 8
71 349 42 7
71 495 20 3
71 507 26 5
71 585 1 6
72 73 7 5
72 74 27 4
72 75 23 8
72 76 44 9
72 77 4 6
72 89 48 3
72 90 12 8
72 91 47 7
72 92 43 7
72 93 24 6
72 111 25 10
72 136 49 5
72 459 43 6
72 482 37 9
72 550 13 6
73 74 26 3
73 75 38 2
73 76 11 3
73 77 43 5
73 94 8 5
73 95 46 5
73 96 33 9
73 97 45 7
73 183 42 1
73 200 3 7
73 217 41 10
73 256 48 5
73 310 37 5
73 376 19 8
73 523 5 10
73 559 5 6
74 75 15 4
74 76 3 2
74 77 23 4
74 98 47 2
74 390 1 1
74 426 37 4
75 76 10 10
75 77 17 10
75 99 1 8
75 100 28 8
75 101 8 4
75 102 28 4
75 126 20 4
75 201 30 4
75 241 17 9
75 256 18 7
75 347 7 9
75 507 22 1
75 585 40 4
75 590 22 2
75 591 38 1
76 77 32 6
76 103 29 1
76 104 28 3
76 105 21 7
76 156 5 4
76 181 29 2
76 428 13 9
76 456 5 1
76 520 17 9
77 106 5 7
77 107 15 8
77 108 28 1
77 109 34 6
77 110 15 5
77 218 46 7
77 240 31 5
77 326 42 8
77 495 46 3
78 464 13 10
81 290 23 6
81 531 34 7
83 291 34 2
84 369 3 1
84 511 48 9
88 246 18 10
88 370 46 1
88 444 19 9
89 465 14 10
89 562 47 7
89 592 21 9
92 435 4 3
94 450 29 6
95 315 35 2
97 213 46 1
97 378 37 4
97 564 37 8
98 194 13 1
99 299 39 9
100 394 47 6
100 519 18 6
101 123 22 4
101 543 37 1
102 114 20 8
102 493 50 1
103 316 37 7
105 490 27 5
106 206 17 4
107 186 21 3
107 307 42 2
108 165 29 7
108 569 5 8
110 111 20 7
110 112 5 5
110 113 42 2
110 114 5 3
110 136 42 2
110 156 26 6
110 159 20 6
110 310 46 4
110 312 31 6
110 327 31 7
110 345 1 3
110 349 3 3
110 375 13 5
110 387 15 5
110 428 25 4
110 455 28 5
110 496 6 7
110 507 2 6
110 521 3 2
110 523 40 9
110 560 30 8
110 585 3 3
110 591 32 9
111 112 17 6
111 115 49 7
111 116 15 6
111 117 42 1
111 118 38 1
111 119 36 5
111 125 40 4
111 126 10 1
111 200 2 6
111 218 32 9
111 240 7 10
111 255 22 1
111 272 15 8
111 328 10 8
111 385 46 6
111 425 40 10
111 457 19 4
111 481 16 4
111 496 33 8
111 507 1 9
111 550 13 4
111 590 48 9
112 120 49 10
112 121 9 9
112 122 39 7
112 123 40 4
112 124 11 6
112 135 45 9
112 180 42 3
112 217 44 3
112 242 1 6
112 255 21 3
112 273 32 5
112 376 43 5
112 481 41 5
112 550 48 1
112 559 36 6
112 585 50 5
114 489 10 7
115 220 15 5
115 570 31 7
116 448 12 5
120 463 31 10
124 330 40 10
125 126 12 5
125 127 37 3
125 128 10 7
125 129 13 9
125 135 10 8
125 159 42 7
125 180 34 10
125 200 12 5
125 217 36 4
125 240 13 7
125 256 30 8
125 273 19 6
125 310 16 6
125 326 23 6
125 328 41 6
125 348 45 10
125 375 7 5
125 425 28 1
125 429 37 7
125 455 45 3
125 480 12 9
125 482 33 7
125 495 34 7
125 523 28 9
125 550 15 6
125 556 32 5
125 557 39 7
125 585 25 4
125 590 28 6
126 130 15 1
126 131 50 8
126 132 38 1
126 133 6 7
126 134 30 8
126 138 4 8
126 155 25 2
126 182 39 8
126 240 19 4
126 257 48 1
126 273 40 6
126 310 39 6
126 349 14 10
126 375 46 8
126 388 27 7
126 392 14 4
126 505 48 9
126 507 47 5
126 521 29 8
127 416 9 7
128 329 28 7
129 380 3 7
131 490 19 5
132 246 27 5
132 384 44 2
133 404 43 5
133 483 27 2
134 199 16 6
135 136 45 3
135 137 45 3
135 138 30 3
135 139 1 9
135 140 50 7
135 141 43 6
135 142 10 10
135 272 37 6
135 273 37 5
135 386 46 2
135 425 18 1
135 456 21 5
135 506 7 8
135 507 11 6
135 555 20 8
135 557 42 2
136 137 43 2
136 138 28 8
136 143 47 8
136 144 9 4
136 145 11 4
136 146 46 8
136 155 16 6
136 181 3 9
136 183 12 10
136 217 22 1
136 240 22 1
136 312 36 6
136 375 27 9
136 376 48 4
136 482 22 7
136 520 32 4
136 550 11 6
136 590 8 3
137 138 18 6
137 147 14 10
137 148 26 6
137 149 8 10
137 202 9 6
137 242 38 6
137 310 46 9
137 325 44 3
137 327 1 4
137 349 20 6
137 430 18 1
137 585 40 2
138 150 26 5
138 151 31 3
138 152 15 2
138 153 1 5
138 154 21 3
138 155 23 7
138 202 40 4
138 215 26 2
138 255 23 5
138 257 1 2
138 350 41 8
138 387 12 3
138 455 10 10
138 482 46 9
138 495 9 3
138 523 16 8
138 550 7 5
138 591 37 9
141 542 43 1
142 414 33 6
143 353 26 1
143 467 50 9
144 220 45 10
144 338 49 4
147 384 48 5
147 431 7 8
148 444 12 6
150 450 22 2
152 169 10 4
152 542 2 7
153 566 13 3
155 156 26 8
155 157 35 8
155 158 48 9
155 159 26 8
155 160 37 6
155 201 28 6
155 218 13 1
155 272 27 9
155 312 44 7
155 385 9 9
155 427 20 10
155 506 28 7
155 585 46 10
156 157 36 1
156 158 20 9
156 159 27 10
156 161 15 8
156 162 40 2
156 163 13 1
156 164 29 9
156 165 34 4
156 312 27 7
156 345 32 8
156 388 18 2
156 481 44 9
156 495 42 10
156 507 1 8
156 590 11 5
157 158 30 7
157 159 18 4
157 166 15 9
157 167 10 9
157 168 45 9
157 169 17 10
157 255 23 9
157 257 46 1
157 276 3 2
157 375 49 9
157 550 33 1
157 558 13 3
157 585 13 9
158 159 3 10
158 170 33 7
158 171 17 4
158 172 26 1
158 173 12 9
158 174 15 2
158 175 32 6
158 240 3 9
158 326 1 6
158 427 10 5
158 456 41 8
158 523 11 3
158 550 16 10
158 557 16 8
159 176 34 4
159 177 25 4
159 178 16 8
159 179 46 10
159 180 1 3
159 181 16 1
159 201 8 7
159 328 1 2
159 347 26 4
159 455 39 8
159 480 12 9
159 496 7 8
159 520 24 9
159 590 46 5
160 309 6 9
160 451 36 8
161 214 11 9
161 265 14 7
161 357 35 2
161 508 38 5
162 342 50 1
162 422 17 5
162 561 11 5
164 245 25 2
165 441 32 8
166 363 5 2
167 596 16 10
168 222 3 8
170 343 42 4
170 582 4 6
172 410 20 3
172 587 31 10
173 249 7 9
175 248 37 3
175 586 12 8
177 323 20 5
179 487 4 4
179 534 4 2
180 181 34 5
180 182 3 2
180 183 37 7
180 184 49 2
180 185 3 5
180 186 5 8
180 187 26 4
180 188 16 3
180 189 16 1
180 190 6 2
180 201 11 1
180 216 25 10
180 257 17 2
180 312 45 6
180 430 29 9
180 458 23 1
180 496 40 6
180 507 42 4
180 550 35 10
180 585 6 9
180 591 49 10
181 182 44 2
181 183 32 10
181 191 1 3
181 257 24 6
181 312 31 10
181 348 25 5
181 391 41 7
181 456 23 1
181 480 9 2
181 525 19 5
181 560 18 1
181 591 22 3
182 183 23 8
182 192 39 2
182 193 42 1
182 194 50 4
182 195 34 7
182 196 45 8
182 197 9 2
182 198 5 3
182 216 47 5
182 241 44 6
182 271 9 1
182 327 47 6
182 328 18 8
182 346 14 1
182 375 1 6
182 389 15 2
182 430 30 6
182 495 40 10
182 524 5 5
182 550 21 6
182 559 41 10
183 77 38 2
183 199 40 4
183 201 2 3
183 241 12 6
183 273 25 3
183 375 38 3
183 469 8 1
183 481 30 3
183 505 23 5
183 585 8 5
185 298 6 5
185 501 24 9
186 487 31 1
188 460 36 1
189 577 47 5
190 333 38 6
190 374 49 1
190 397 19 2
190 575 39 8
194 261 6 5
195 199 10 9
197 253 33 6
198 586 42 1
200 201 1 2
200 202 50 1
200 203 28 1
200 204 48 2
200 205 32 3
200 206 39 5
200 207 43 6
200 208 17 8
200 216 24 9
200 241 40 6
200 257 18 9
200 271 42 10
200 310 36 7
200 328 17 7
200 376 48 9
200 389 31 9
200 390 30 6
200 425 40 3
200 455 32 2
200 481 6 6
200 496 26 9
200 521 43 2
200 523 49 5
200 550 8 8
200 558 45 5
200 591 38 9
201 202 18 3
201 209 14 5
201 210 32 8
201 211 24 6
201 218 47 6
201 255 1 10
201 310 16 5
201 326 23 2
201 375 49 3
201 430 15 9
201 457 25 1
201 482 14 2
201 496 19 4
201 506 49 10
201 555 31 3
201 585 5 8
201 590 46 1
202 212 2 8
202 213 20 10
202 214 32 8
202 242 35 7
202 273 38 1
202 345 11 9
202 349 25 8
202 506 28 3
202 585 3 2
203 296 7 2
213 424 15 6
215 216 24 6
215 217 20 10
215 218 14 7
215 219 43 3
215 220 12 9
215 221 38 6
215 222 3 4
215 312 24 5
215 388 13 3
215 495 3 2
215 496 3 6
215 507 10 8
215 525 12 10
215 550 47 8
215 591 22 3
216 217 38 7
216 218 37 3
216 219 16 7
216 223 1 10
216 224 9 4
216 225 3 2
216 226 10 5
216 227 41 2
216 228 9 2
216 229 40 5
216 326 12 3
216 350 41 9
216 376 46 10
216 459 17 7
216 480 27 4
216 506 39 4
216 522 11 3
216 585 10 1
217 218 46 9
217 219 19 3
217 230 29 10
217 231 48 4
217 232 16 2
217 240 9 1
217 256 42 1
217 270 8 4
217 311 30 1
217 326 23 9
217 348 12 3
217 387 25 3
217 429 40 5
217 457 13 9
217 556 17 2
218 219 18 10
218 233 25 9
218 234 35 1
218 235 24 10
218 236 30 6
218 237 38 4
218 241 21 2
218 427 44 5
218 550 33 9
218 558 21 1
218 585 33 2
219 238 1 7
219 239 41 10
219 256 50 1
219 274 9 7
219 376 10 4
219 482 15 4
219 591 23 8
220 471 13 2
224 282 15 6
225 475 34 3
225 548 30 7
226 309 35 9
228 569 5 10
232 296 9 10
233 381 2 4
235 441 38 9
236 536 12 3
237 434 16 8
240 241 23 1
240 242 10 7
240 243 6 2
240 244 30 3
240 245 10 8
240 246 48 2
240 247 9 4
240 256 37 4
240 257 39 2
240 273 16 8
240 276 26 10
240 310 48 10
240 325 12 6
240 327 8 6
240 390 25 10
240 391 39 7
240 426 20 7
240 480 28 2
240 495 8 10
240 559 1 7
240 585 43 6
240 591 15 3
241 242 25 3
241 248 44 10
241 249 9 6
241 250 44 2
241 251 22 1
241 252 39 1
241 253 23 2
241 345 29 4
241 346 45 7
241 376 38 4
241 429 13 7
241 456 36 6
241 481 17 4
241 506 18 10
241 523 37 7
241 524 29 2
241 550 39 6
241 585 15 10
241 590 43 3
242 254 43 2
242 311 35 3
242 456 27 6
242 506 42 5
242 550 18 1
242 556 17 9
244 340 4 3
245 372 37 5
247 249 27 9
247 448 5 4
247 535 15 10
249 410 28 9
249 543 19 10
253 268 12 2
254 285 20 5
255 256 30 7
255 257 12 2
255 258 32 5
255 259 38 8
255 260 41 6
255 273 39 6
255 276 32 10
255 312 39 9
255 328 38 8
255 456 45 8
255 459 23 5
255 481 36 8
255 495 42 4
255 505 47 10
255 506 28 9
255 523 18 5
255 585 1 3
255 591 48 9
256 257 3 9
256 261 50 7
256 262 48 3
256 263 33 2
256 264 47 7
256 265 19 10
256 310 44 2
256 347 6 8
256 376 28 2
256 391 1 8
256 427 25 8
256 550 11 10
256 557 48 2
256 558 28 8
256 585 33 2
257 266 48 7
257 267 44 5
257 268 2 6
257 269 49 9
257 349 5 1
257 376 36 1
257 387 8 10
257 429 17 7
257 482 33 3
257 496 27 2
257 525 43 5
257 591 1 5
258 490 5 4
259 398 2 7
259 461 46 6
261 568 4 3
261 584 45 2
262 466 40 4
263 402 20 5
265 289 31 5
265 448 3 5
265 449 33 7
265 572 50 9
268 553 14 7
269 363 40 6
270 271 23 5
270 272 42 2
270 273 4 10
270 274 28 5
270 275 29 7
270 276 43 5
270 277 1 10
270 278 12 9
270 279 24 3
270 456 18 1
270 457 34 4
270 482 40 10
270 585 48 2
271 272 9 3
271 273 16 5
271 274 45 7
271 275 46 8
271 276 28 3
271 277 17 10
271 280 44 5
271 281 26 8
271 326 50 1
271 327 7 6
271 559 48 1
272 273 45 3
272 274 37 10
272 275 5 7
272 276 1 6
272 277 37 1
272 282 39 8
272 283 48 5
272 284 46 9
272 285 42 4
272 286 46 4
272 287 46 9
272 288 1 7
272 310 3 6
272 375 26 1
272 427 24 2
272 523 27 10
272 550 16 9
272 555 18 8
273 274 21 10
273 275 11 6
273 276 41 3
273 277 26 4
273 289 49 2
273 290 33 5
273 291 46 2
273 292 32 5
273 293 12 4
273 375 19 4
273 425 30 9
273 496 43 7
274 275 27 9
274 276 7 8
274 277 44 4
274 294 41 4
274 295 22 7
274 390 33 7
274 521 17 1
274 550 46 9
274 591 24 3
275 276 5 6
275 277 39 1
275 296 35 8
275 297 8 6
275 298 35 8
275 299 2 4
275 300 28 7
275 301 12 3
275 345 47 1
276 277 19 9
276 302 14 5
276 310 9 10
276 347 42 6
276 482 14 4
276 496 2 4
276 507 16 4
276 585 44 3
276 591 27 3
277 303 45 4
277 304 12 2
277 305 19 5
277 306 42 6
277 307 46 3
277 308 20 8
277 309 4 4
277 392 32 1
277 505 17 3
279 318 8 10
279 485 27 10
280 289 25 5
280 567 13 3
281 516 33 7
282 369 16 8
284 552 12 9
292 554 30 3
294 527 33 10
297 465 26 10
298 414 24 5
300 315 19 1
300 474 27 10
303 343 2 5
305 437 12 6
305 510 36 2
306 554 37 6
307 353 6 8
307 412 35 1
307 418 35 8
310 311 47 2
310 312 11 10
310 313 36 5
310 347 41 9
310 458 2 9
310 496 13 6
310 507 22 4
310 525 12 8
310 550 10 6
310 556 22 10
310 591 38 10
311 312 39 2
311 314 39 2
311 315 19 7
311 316 22 5
311 317 38 9
311 318 45 2
311 319 27 4
311 320 25 6
311 328 12 5
311 345 10 4
311 389 18 10
311 390 48 7
311 426 37 3
311 585 43 2
311 591 36 7
312 321 12 5
312 322 25 6
312 323 15 3
312 324 40 2
312 325 20 7
312 375 10 6
312 376 33 4
312 430 34 9
312 456 36 2
312 480 34 9
312 481 16 8
312 505 21 7
312 522 44 5
312 550 37 10
312 559 43 4
312 585 40 5
314 369 36 8
314 416 35 6
314 422 17 1
316 323 40 5
318 433 19 2
321 404 12 7
321 438 44 6
322 373 4 5
323 568 19 9
325 326 24 5
325 327 17 3
325 328 15 7
325 329 10 10
325 347 48 2
325 375 43 6
325 387 25 9
325 388 18 3
325 455 49 8
325 458 7 10
325 482 6 5
325 495 19 4
325 506 38 8
325 525 16 1
325 550 8 8
326 327 48 7
326 328 41 6
326 330 49 10
326 331 42 7
326 332 46 6
326 333 24 10
326 334 27 5
326 335 8 2
326 348 16 6
326 428 36 9
326 481 21 2
326 496 31 9
326 550 31 10
326 585 27 3
326 591 7 9
327 328 39 8
327 336 35 5
327 337 13 2
327 338 24 2
327 375 18 7
327 520 9 4
328 339 5 1
328 340 15 9
328 341 24 3
328 342 5 6
328 343 34 6
328 344 46 8
328 430 33 5
328 506 25 10
328 556 30 1
328 560 1 9
328 585 10 10
328 590 1 1
329 361 21 9
329 564 19 7
333 575 35 2
337 411 3 7
337 486 3 3
338 511 3 3
339 595 6 2
341 536 10 9
344 597 31 7
345 346 43 7
345 347 28 5
345 348 27 1
345 349 20 1
345 350 21 2
345 351 11 7
345 352 10 5
345 353 34 4
345 429 40 7
345 495 20 3
345 585 8 7
345 590 15 8
346 347 22 3
346 348 47 8
346 349 38 8
346 350 20 4
346 354 4 7
346 355 7 10
346 356 40 8
346 357 49 8
346 358 19 10
346 359 7 9
346 360 4 9
346 391 9 1
346 481 16 1
346 550 25 4
347 348 8 5
347 349 36 5
347 350 14 4
347 361 34 1
347 362 37 9
347 376 5 9
347 480 7 1
347 496 18 9
347 523 1 10
347 525 9 2
348 349 2 7
348 350 47 3
348 363 35 7
348 364 8 10
348 365 28 2
348 366 47 1
348 367 18 1
348 375 27 6
348 385 25 4
348 506 15 8
348 585 48 7
349 350 43 9
349 368 38 6
349 369 6 10
349 370 14 3
349 371 22 3
349 372 39 1
349 373 29 3
349 427 48 1
349 457 33 3
349 507 33 5
349 557 36 10
349 590 20 2
350 374 24 6
350 457 40 10
350 550 42 3
350 559 3 10
355 587 29 3
357 527 8 2
360 393 27 9
360 579 48 6
361 403 43 4
363 570 13 3
363 574 35 9
367 542 37 4
367 546 39 6
368 399 16 7
368 467 19 8
369 441 47 6
374 487 23 6
375 376 7 3
375 377 42 3
375 378 6 1
375 379 6 8
375 430 34 5
375 455 17 2
375 524 46 8
375 550 7 8
375 559 18 9
375 585 6 10
375 591 25 10
376 380 9 10
376 381 44 10
376 382 48 1
376 383 31 9
376 384 49 6
376 387 15 5
376 391 16 5
376 426 42 1
376 455 9 5
376 481 30 5
376 495 26 1
376 505 24 8
376 507 26 2
376 525 24 9
376 550 42 7
376 555 25 5
376 590 7 8
377 578 30 2
381 575 46 4
382 405 13 9
385 386 24 10
385 387 45 7
385 388 11 7
385 389 48 10
385 390 40 6
385 391 21 8
385 392 26 7
385 393 19 3
385 394 44 3
385 426 35 9
385 482 17 10
386 387 3 9
386 388 23 3
386 389 26 8
386 390 36 2
386 391 49 3
386 392 21 1
386 395 7 1
386 396 23 3
386 397 38 9
386 398 17 9
386 495 13 2
386 524 35 5
387 388 41 4
387 389 9 10
387 390 23 8
387 391 17 10
387 392 18 2
387 399 41 8
387 400 17 6
387 401 6 4
387 402 3 2
387 403 17 8
387 404 13 6
387 496 27 1
387 550 24 10
387 585 26 8
387 590 27 6
388 389 50 9
388 390 13 6
388 391 25 8
388 392 10 2
388 405 25 5
388 406 7 5
388 407 37 10
388 408 26 4
388 409 38 7
388 506 35 6
389 390 1 2
389 391 4 3
389 392 31 4
389 410 11 7
389 458 48 1
389 480 11 3
389 560 22 5
389 591 29 9
390 391 33 5
390 392 36 2
390 411 29 3
390 412 25 7
390 413 41 6
390 414 45 7
390 415 39 9
390 416 31 2
390 417 40 10
391 392 7 5
391 418 33 8
391 419 40 2
391 420 10 9
391 421 28 1
391 425 31 9
391 524 29 8
391 550 46 5
391 585 13 9
392 422 8 7
392 423 2 1
392 424 20 2
392 456 41 4
392 507 29 9
392 557 31 2
395 420 39 3
396 461 16 10
403 424 44 3
404 539 18 7
406 492 47 6
407 409 17 10
425 426 8 4
425 427 40 7
425 428 10 4
425 429 15 7
425 430 4 3
425 431 18 7
425 432 49 6
425 433 21 3
425 560 28 1
426 427 17 2
426 428 18 4
426 429 28 2
426 430 48 5
426 434 9 3
426 496 25 4
426 524 43 2
426 555 50 4
426 585 38 4
427 428 29 2
427 429 24 2
427 430 21 2
427 435 50 3
427 436 13 5
427 437 36 4
427 438 11 1
427 439 4 7
427 440 34 2
427 456 33 9
427 482 3 5
427 550 42 2
427 591 49 10
428 429 4 8
428 430 42 6
428 441 1 6
428 442 7 3
428 443 9 9
428 444 21 4
428 445 33 2
428 446 17 5
428 496 44 10
428 550 2 4
429 430 1 3
429 447 13 5
429 448 16 2
429 449 8 4
429 450 31 2
429 480 50 3
429 507 36 7
429 585 18 4
430 451 11 6
430 452 44 4
430 453 38 6
430 454 30 1
430 457 23 2
430 507 42 4
430 523 45 5
434 599 42 3
438 535 19 7
442 453 5 4
443 490 14 8
450 548 4 7
454 537 46 5
455 456 36 5
455 457 34 8
455 458 34 7
455 459 12 7
455 460 3 4
455 461 11 9
455 462 28 5
455 496 9 9
455 506 31 6
455 550 3 9
455 556 29 10
456 457 29 6
456 458 29 3
456 459 7 5
456 463 44 1
456 464 45 1
456 465 1 6
456 466 18 5
456 467 47 4
456 468 22 10
456 469 37 6
456 585 33 1
457 458 43 10
457 459 21 5
457 470 5 1
457 471 13 8
457 550 31 1
457 556 49 6
457 590 37 7
457 591 13 10
458 459 2 7
458 472 31 8
458 473 48 1
458 474 48 9
458 475 16 3
458 476 30 7
459 477 4 3
459 478 50 2
459 479 25 10
459 480 13 4
459 481 49 2
459 495 17 8
459 507 17 10
459 521 40 2
459 523 43 3
459 585 14 3
461 537 7 8
472 535 41 8
473 554 15 6
478 487 45 4
480 481 39 8
480 482 3 3
480 483 15 1
480 484 27 8
480 485 18 10
480 486 40 1
480 487 45 8
480 496 37 2
480 507 30 3
480 521 28 4
480 550 24 6
480 559 27 10
480 585 6 7
480 590 14 9
480 591 50 7
481 482 20 5
481 488 42 9
481 489 37 4
481 490 35 7
481 491 13 10
481 560 22 9
481 585 8 10
482 492 30 8
482 493 42 7
482 494 24 8
482 496 30 7
482 506 45 8
482 522 10 1
482 550 26 7
483 578 46 7
484 580 33 7
487 578 11 8
493 537 28 8
495 496 2 5
495 497 37 9
495 498 8 9
495 499 18 6
495 500 20 10
495 501 42 6
495 505 30 9
495 523 35 1
495 550 44 3
495 558 10 7
495 585 13 5
495 590 28 2
496 502 40 2
496 503 3 9
496 504 19 8
496 506 33 6
496 520 4 3
496 558 25 6
496 585 49 4
496 590 22 9
500 578 30 6
501 579 40 5
502 533 5 3
505 506 21 3
505 507 23 7
505 508 1 10
505 509 43 5
505 510 48 1
505 511 10 4
505 522 16 5
506 507 11 8
506 512 5 1
506 513 11 3
506 514 33 5
506 515 25 9
506 516 31 7
506 517 13 10
506 555 50 8
506 585 39 4
506 590 17 10
507 518 11 8
507 519 23 2
507 525 27 9
507 550 18 8
507 557 10 9
507 585 2 4
507 591 10 6
510 539 37 6
520 521 38 1
520 522 36 5
520 523 30 9
520 524 1 5
520 525 38 7
520 526 14 9
520 527 16 9
520 528 28 1
520 529 14 2
520 530 40 4
520 590 41 3
521 522 22 2
521 523 45 5
521 524 19 8
521 525 45 5
521 531 8 7
521 532 18 10
521 533 14 1
521 534 9 10
521 535 19 3
521 536 42 8
521 537 29 10
521 550 1 8
521 560 2 5
522 523 1 10
522 524 17 9
522 525 18 8
522 538 17 9
522 539 25 3
522 540 31 1
522 541 25 5
522 542 50 3
522 543 48 5
522 585 35 7
523 524 49 6
523 525 14 2
523 544 17 4
523 545 41 8
524 525 45 4
524 546 36 8
524 547 8 3
524 548 17 4
524 550 26 2
524 585 27 2
524 591 44 6
525 549 20 1
525 556 31 1
530 594 1 10
538 573 32 7
544 578 8 8
550 551 9 1
550 552 27 10
550 553 34 1
550 554 22 6
550 558 9 3
550 559 2 9
550 585 28 4
550 590 6 3
550 591 6 9
553 554 35 4
555 556 24 8
555 557 40 9
555 558 21 1
555 559 5 5
555 560 20 2
555 561 1 9
555 562 21 2
556 557 23 7
556 558 33 5
556 559 29 10
556 560 44 6
556 563 29 5
556 591 39 3
557 558 16 7
557 559 11 4
557 560 2 8
557 564 22 4
557 565 39 9
557 566 10 8
557 567 45 8
557 568 10 1
557 569 20 7
558 559 18 8
558 560 27 3
558 570 30 6
558 571 20 1
558 572 2 5
558 573 23 7
558 574 1 10
558 575 39 8
558 585 2 4
558 590 46 8
559 560 26 8
559 576 21 5
559 577 40 1
559 578 20 8
559 579 23 10
559 580 18 1
559 581 48 3
559 582 46 6
559 583 3 2
560 584 12 4
571 594 28 2
575 494 46 10
585 586 13 4
585 587 12 10
585 588 13 5
585 589 10 9
585 590 50 9
585 591 16 7
590 591 13 1
590 592 29 10
590 593 7 10
591 594 10 9
591 595 29 6
591 596 21 3
591 597 19 7
591 598 25 3
591 599 30 2

0 292 34
1 502 20
2 586 30
3 572 12
4 599 22
5 32 40
6 67 32
7 243 4
8 47 20
9 169 8
10 438 25
11 38 97
12 477 2
13 314 86
14 445 11
15 465 13
16 492 70
17 407 54
18 185 12
19 490 59
20 302 8
21 108 28
22 34 35
23 432 25
24 17 1
25 564 20
26 596 22
27 336 10
28 353 14
29 190 68
30 364 2
31 167 19
32 534 4
33 409 39
34 9 22
35 538 19
36 570 24
37 396 20
38 356 23
39 223 4
40 444 27
41 423 1
42 450 32
43 577 66
44 565 16
45 6 34
46 15 13
47 127 22
48 259 48
49 597 31
50 165 49
51 12 43
52 103 61
53 303 26
54 317 15
55 473 32
56 315 42
57 81 55
58 86 22
59 516 22
60 290 34
61 581 15
62 140 21
63 94 10
64 122 16
65 474 75
66 87 6
67 352 4
68 252 25
69 293 8
70 18 68
71 54 12
72 93 17
73 193 15
74 598 29
75 547 5
76 109 17
77 57 21
78 431 31
79 235 90
80 11 13
81 175 22
82 540 17
83 424 50
84 247 38
85 561 7
86 7 5
87 411 17
88 467 49
89 527 57
90 123 23
91 360 27
92 251 8
93 487 66
94 476 20
95 486 19
96 460 26
97 579 55
98 260 13
99 567 16
100 199 43
101 92 23
102 412 16
103 239 26
104 267 19
105 35 6
106 436 7
107 321 15
108 573 34
109 414 59
110 569 14
111 28 44
112 551 4
113 253 23
114 365 15
115 179 11
116 415 12
117 519 36
118 379 4
119 131 33
120 287 24
121 91 18
122 378 28
123 39 49
124 154 13
125 374 36
126 280 19
127 402 8
128 177 30
129 151 10
130 24 42
131 166 11
132 238 1
133 306 45
134 231 31
135 128 23
136 576 13
137 448 17
138 295 10
139 568 22
140 338 22
141 210 14
142 362 14
143 268 19
144 246 50
145 208 9
146 471 10
147 422 9
148 224 33
149 419 22
150 437 30
151 377 45
152 494 18
153 228 6
154 588 5
155 298 58
156 367 45
157 195 14
158 340 19
159 80 28
160 61 32
161 342 27
162 401 3
163 220 48
164 421 16
165 237 27
166 395 22
167 398 6
168 284 13
169 341 17
170 517 7
171 95 45
172 323 52
173 14 24
174 168 17
175 62 14
176 50 17
177 98 14
178 544 14
179 373 8
180 82 24
181 212 2
182 537 28
183 535 23
184 318 45
185 191 1
186 283 26
187 324 23
188 282 21
189 499 4
190 29 27
191 529 5
192 85 4
193 236 11
194 248 17
195 68 91
196 533 12
197 299 12
198 176 19
199 205 23
200 549 7
201 250 16
202 566 11
203 133 47
204 370 14
205 580 12
206 545 17
207 63 62
208 254 33
209 171 24
210 305 14
211 245 39
212 172 26
213 332 15
214 518 5
215 101 14
216 594 15
217 134 22
218 147 22
219 206 13
220 48 92
221 99 15
222 149 6
223 553 39
224 510 50
225 97 105
226 301 6
227 229 26
228 83 54
229 413 22
230 363 30
231 204 11
232 408 11
233 279 38
234 489 17
235 37 5
236 51 17
237 501 32
238 120 51
239 383 12
