4           4
31          5
35          4
60          4
62          4
90          4
113         3
129         3
133         4
145         2
152         3
162         4
166         5
186         5
195         4
239         3
241         4
257         3
260         4
286         5
289         4
306         5
317         4
337         5
343         3
346         4
355         4
358         3
376         4
396         4
398         4
412         5
442         4
488         4
495         5
505         4
509         5
512         4
549         4
552         4
570         4
572         3
574         4
579         4
595         0
