0           4
28          3
37          5
51          2
54          5
60          5
62          3
81          4
101         3
109         4
120         4
135         5
136         4
148         2
150         4
166         4
180         4
189         4
194         3
196         4
200         4
205         5
220         4
244         4
254         5
258         2
305         0
306         2
332         4
353         2
360         4
368         3
376         4
394         0
405         4
406         3
407         4
430         4
432         3
446         2
450         5
455         4
459         4
480         4
485         4
524         5
526         5
535         2
555         5
557         4
558         5
581         4
582         5
583         4
