0           4
3           4
6           5
9           0
65          5
71          5
86          3
119         4
141         3
161         5
162         3
171         4
172         4
225         5
226         4
249         4
255         3
273         4
275         4
279         4
284         3
293         4
326         4
329         4
331         1
342         3
356         3
358         5
361         4
400         4
402         4
432         4
433         5
434         4
441         2
450         4
453         4
457         4
459         4
463         3
472         4
491         5
515         4
517         4
545         4
551         2
553         5
561         3
591         5
