0           4
3           5
21          1
29          4
47          4
49          1
50          4
70          4
71          5
88          3
135         4
141         4
178         4
179         4
187         4
205         4
214         3
223         4
224         4
236         3
254         4
255         5
269         2
271         1
282         4
290         1
301         4
321         4
335         0
344         4
345         2
351         4
352         4
365         2
384         2
387         4
392         4
393         4
395         4
401         2
413         1
423         2
431         4
476         4
478         4
511         4
523         4
539         3
545         4
546         4
578         5
582         3
590         4
