18          3
38          4
42          4
48          4
68          5
77          4
80          2
81          3
95          3
97          5
99          0
103         3
110         4
111         4
112         5
136         4
144         3
155         4
156         4
158         4
188         1
190         4
235         4
241         5
256         4
272         5
273         5
277         5
310         4
314         4
323         3
325         4
349         5
385         4
388         4
389         4
414         4
420         1
426         4
430         4
474         4
480         5
490         3
492         3
522         4
556         4
560         3
573         2
577         4
579         4
590         4
596         1
