0           5
1           5
10          2
17          3
22          3
29          3
41          4
59          1
67          4
72          3
84          4
91          5
101         3
104         4
136         5
159         3
166         3
183         3
193         4
194         4
211         5
216         5
234         4
239         2
245         4
248         3
255         4
257         3
258         3
265         4
267         3
283         5
296         3
303         4
320         4
321         4
334         3
378         4
384         5
415         4
418         1
427         4
439         4
444         4
447         4
456         5
475         4
491         5
501         5
526         4
527         4
540         4
559         3
577         4
