300 1521 50

450

0 4 33 9
0 156 43 2
0 16 42 8
0 133 37 5
0 269 16 3
0 148 21 10
0 74 4 1
0 145 46 7
0 209 46 10
0 106 47 3
0 170 30 3
1 17 16 7
1 214 24 6
1 263 20 7
1 173 23 9
2 204 15 6
2 271 39 10
2 103 8 3
2 114 45 1
2 143 45 4
3 233 24 4
3 149 42 5
3 97 28 5
3 79 35 7
3 130 42 1
4 247 40 9
4 166 7 5
4 147 15 7
5 269 19 8
5 166 17 1
5 34 41 4
5 259 36 4
5 282 2 2
5 108 22 5
5 299 30 10
5 38 2 7
5 283 46 7
5 291 50 3
5 280 36 4
6 214 31 10
6 244 28 1
6 277 37 2
6 88 44 2
6 107 21 9
6 246 32 10
6 281 40 6
6 130 38 9
6 142 6 10
7 10 10 7
7 251 2 10
7 126 49 4
7 89 45 7
7 3 44 2
7 248 31 3
7 13 26 1
7 285 37 3
7 78 40 4
7 110 13 1
7 266 7 2
8 143 2 7
8 135 22 9
8 140 30 1
8 246 16 6
9 78 47 3
9 241 11 4
9 225 50 3
9 269 25 6
9 67 17 5
9 264 37 8
9 80 6 1
10 59 51 1
10 149 42 9
10 230 39 9
11 279 13 3
11 251 13 3
11 218 50 5
11 241 32 7
11 23 36 10
11 150 30 8
12 190 46 8
12 205 31 3
12 155 7 4
12 132 17 10
12 20 45 10
12 211 48 5
12 87 2 4
12 141 46 5
12 159 47 6
12 160 37 2
13 227 46 3
13 266 13 2
13 117 10 2
13 139 41 6
13 44 6 8
13 101 33 10
13 40 9 10
13 96 38 1
14 94 33 7
14 270 44 2
14 231 7 5
14 277 18 8
14 260 38 2
14 174 20 8
14 143 34 10
14 213 14 1
14 119 27 4
14 64 51 6
15 76 43 9
15 0 35 10
15 72 6 2
15 240 13 4
15 142 38 5
16 145 47 5
16 138 11 4
16 154 40 10
16 119 2 7
16 101 37 1
16 124 16 5
16 186 4 1
16 221 35 1
17 91 41 2
17 258 26 6
17 71 48 10
17 155 46 1
17 259 50 4
17 21 45 9
17 244 36 1
17 267 28 7
17 73 47 8
18 144 31 2
18 286 23 7
18 172 42 6
18 189 31 6
18 5 41 9
18 28 3 1
18 196 46 10
18 46 20 7
18 190 38 10
19 142 41 8
19 112 23 5
19 68 33 1
19 96 28 4
19 221 32 4
19 31 31 1
19 266 22 2
19 287 3 6
20 3 8 8
20 282 37 10
20 115 44 8
20 67 5 1
20 211 3 3
20 201 2 2
20 136 37 8
20 123 19 6
20 174 22 8
20 81 39 9
21 214 37 4
21 126 29 8
21 3 40 3
21 237 33 6
21 79 39 7
21 198 37 4
21 154 9 6
21 132 22 8
22 151 29 1
22 168 19 5
22 99 6 4
22 42 23 7
22 189 29 5
22 2 45 2
22 11 7 4
23 84 47 3
23 25 11 8
23 229 31 10
23 254 47 1
23 90 3 7
23 143 3 10
23 16 13 9
24 180 41 9
24 284 11 9
24 47 28 2
24 41 49 3
24 194 40 2
24 190 10 3
25 132 35 7
25 284 42 7
25 29 25 5
25 120 37 9
25 153 44 2
25 5 48 3
26 197 3 2
26 235 9 6
26 24 49 7
26 215 37 3
26 110 7 8
27 52 29 1
27 200 23 4
27 227 7 9
27 88 8 3
27 276 18 5
27 222 14 1
27 128 27 2
28 90 39 6
28 89 19 4
28 142 20 10
28 213 47 4
28 265 17 5
28 171 29 8
28 131 13 5
28 204 40 2
28 103 6 1
29 286 51 5
29 113 32 8
29 126 9 10
29 0 31 6
29 97 6 2
29 208 48 4
29 62 40 5
29 95 8 6
30 35 30 2
30 12 3 10
30 81 46 6
30 262 49 10
31 215 36 6
31 50 21 5
31 241 24 3
31 242 7 8
32 157 36 10
32 24 36 5
32 0 35 8
32 209 5 10
32 43 31 1
32 278 9 6
33 52 9 3
33 59 40 6
33 143 36 3
33 137 44 7
33 58 23 7
33 263 2 2
34 189 14 6
34 105 41 3
34 170 22 9
35 248 45 6
35 72 20 5
35 133 20 7
36 297 21 5
36 49 27 8
36 278 22 7
36 200 2 9
36 144 47 1
36 33 21 2
36 249 6 7
36 111 29 1
37 167 42 10
37 261 32 1
37 65 31 2
37 85 32 3
37 126 18 5
37 233 26 10
37 57 45 4
37 170 33 4
37 93 30 6
37 193 25 3
38 182 17 4
38 95 32 6
38 211 33 6
38 35 35 7
38 52 45 8
38 186 37 5
38 24 41 2
38 111 9 8
38 216 11 2
38 114 29 2
38 188 10 7
39 146 30 10
39 211 5 6
39 22 26 5
39 36 32 7
40 155 15 6
40 92 49 7
40 146 9 10
40 234 28 1
40 22 3 4
40 74 29 10
40 77 43 5
40 152 2 8
41 120 2 5
41 209 50 10
41 155 47 4
41 43 38 4
41 68 6 1
41 293 16 7
41 67 45 3
41 175 40 3
41 280 40 5
42 158 28 4
42 212 11 8
42 9 24 7
42 274 11 2
42 264 10 4
42 47 10 8
42 159 7 10
43 266 29 8
43 31 44 6
43 245 16 4
43 295 13 7
44 117 34 8
44 214 27 10
44 133 26 9
44 105 26 9
44 45 25 1
44 215 47 9
44 25 17 9
45 168 25 2
45 294 37 5
45 13 21 5
45 232 32 5
45 152 29 5
46 66 46 4
46 31 9 2
46 150 38 7
46 25 12 7
46 278 28 6
46 124 45 4
46 145 26 1
46 234 13 6
46 108 39 10
46 71 12 1
46 74 30 10
47 297 31 9
47 105 30 5
48 13 41 2
48 115 7 9
48 41 23 3
48 296 14 7
48 218 8 6
48 78 28 2
48 101 13 1
48 8 7 10
48 236 20 9
49 165 29 7
49 54 22 2
49 167 35 4
49 293 48 1
49 176 40 7
49 216 26 3
50 51 6 10
50 41 4 1
50 101 33 3
50 251 33 5
50 78 31 6
50 267 16 3
50 9 19 5
50 173 38 7
50 74 36 7
50 12 32 2
50 203 3 6
51 7 15 3
51 139 28 9
51 253 10 1
51 156 38 7
51 257 5 3
51 276 12 7
51 46 11 9
51 236 48 9
51 229 49 5
51 70 43 10
52 232 39 3
52 297 4 4
52 55 6 10
52 237 6 4
52 25 43 10
52 278 21 1
52 244 39 1
52 76 3 8
52 110 7 5
53 154 11 1
53 41 40 6
53 158 44 2
53 73 39 3
53 28 22 9
53 83 21 9
53 80 47 3
53 137 5 9
53 101 47 5
53 249 31 8
53 29 8 7
54 160 13 2
54 272 15 4
54 1 39 2
54 58 45 1
54 228 8 9
54 127 36 2
55 167 12 9
55 196 7 2
55 160 8 6
55 11 15 7
55 258 28 1
55 68 26 8
55 206 12 5
55 192 14 6
55 106 2 3
56 174 14 8
56 88 34 1
56 191 17 1
56 294 15 1
56 162 50 4
56 159 47 2
57 165 28 4
57 88 41 1
57 167 47 4
57 210 49 1
57 207 48 3
57 287 18 8
57 294 30 2
58 255 42 7
58 103 30 6
58 289 18 1
58 160 7 8
58 59 35 10
58 277 9 8
58 147 23 7
59 240 15 3
59 53 18 8
60 224 25 2
60 191 35 8
60 68 7 4
60 117 46 10
60 147 11 5
60 275 32 3
61 133 10 5
61 143 33 1
61 167 32 5
61 227 43 2
61 281 14 3
61 32 4 9
61 176 39 7
61 120 26 1
61 15 16 1
61 292 36 9
61 261 10 3
62 32 39 9
62 146 48 8
62 210 5 2
62 64 32 10
62 240 27 1
62 21 48 7
62 154 23 8
62 127 24 2
62 221 8 8
63 31 35 3
63 163 45 5
63 40 13 6
63 120 47 9
63 116 29 5
63 64 40 7
63 133 24 1
63 170 38 2
64 165 20 4
64 286 40 1
64 241 17 5
64 237 6 5
64 16 38 9
64 220 38 3
64 43 14 3
64 224 30 3
64 106 9 4
65 292 9 7
65 8 21 4
65 261 3 1
65 151 37 1
65 58 2 10
65 7 51 6
66 80 33 8
66 293 19 6
66 74 44 7
66 16 49 3
66 232 43 10
66 133 12 9
66 258 19 10
67 293 8 1
67 37 41 9
67 165 20 8
67 135 48 5
68 80 5 3
68 291 30 4
68 66 22 5
68 111 21 9
69 5 21 10
69 88 12 7
69 34 13 4
69 250 19 8
69 255 17 9
69 96 12 8
69 11 28 6
69 252 42 7
70 226 18 5
70 13 18 7
70 298 40 4
70 188 11 7
70 122 4 3
70 206 38 7
70 12 8 4
71 74 23 7
71 89 4 1
71 227 24 5
71 257 15 4
72 208 31 6
72 97 50 3
72 129 34 1
72 216 39 3
73 173 12 8
73 88 7 9
73 113 45 5
73 89 25 9
73 9 41 5
74 258 16 9
74 183 43 10
75 186 35 9
75 147 28 10
75 259 50 9
75 175 8 5
75 297 8 1
75 215 38 1
75 139 37 1
75 63 2 4
75 150 5 9
75 285 22 3
75 33 26 5
75 132 40 7
76 149 42 2
76 108 28 3
76 253 23 1
76 197 6 10
76 278 12 7
77 246 33 2
77 124 19 4
77 186 42 10
77 13 27 4
77 177 24 2
77 275 25 3
77 156 41 1
77 34 29 10
77 188 43 5
78 226 9 1
78 100 11 2
78 241 38 7
78 75 42 10
78 54 30 9
78 117 40 7
79 167 42 4
79 25 40 1
79 127 39 5
79 197 16 2
79 185 20 10
80 61 11 10
80 171 32 10
80 148 24 10
80 86 47 1
80 120 5 4
80 150 6 7
81 226 21 2
81 119 33 6
81 95 46 6
81 194 39 5
82 43 20 3
82 28 42 6
82 100 23 7
82 202 46 7
82 112 3 10
82 21 43 1
82 85 10 3
82 257 3 6
82 206 9 2
82 214 24 7
83 33 4 3
83 159 16 8
83 299 24 1
83 243 25 2
84 139 24 4
84 158 45 3
84 270 30 7
84 100 27 6
84 296 39 5
84 276 39 4
84 155 26 1
84 63 30 9
85 104 33 1
85 138 34 3
86 93 40 4
86 183 37 7
86 123 4 10
86 54 34 5
86 290 30 5
86 53 17 9
86 164 16 5
86 212 36 2
87 55 9 6
87 66 36 9
87 257 9 10
87 200 39 8
87 186 26 4
87 254 42 10
87 1 49 10
87 131 26 4
89 76 11 1
89 275 40 2
89 93 20 6
89 72 48 1
89 52 27 3
89 246 4 10
89 9 36 8
89 152 24 9
90 32 25 2
90 216 24 2
90 169 12 2
90 18 48 7
90 220 9 9
90 228 14 10
90 142 44 3
91 85 18 4
91 166 23 9
91 145 29 5
91 72 31 1
91 79 51 5
91 4 11 9
92 11 39 6
92 298 27 2
92 34 7 7
92 151 7 8
92 264 4 5
92 221 30 10
93 245 16 7
93 35 5 7
93 160 33 4
93 276 19 2
93 68 3 8
93 173 15 1
93 278 26 4
93 46 30 3
93 206 10 6
94 275 48 5
94 29 51 3
94 0 49 4
94 271 17 3
94 109 40 1
94 187 4 1
94 273 44 1
94 116 25 1
95 249 50 5
95 221 16 9
95 134 26 9
95 194 39 5
95 124 21 7
95 181 34 2
95 112 21 1
95 17 24 6
96 59 46 7
96 213 32 6
96 275 18 6
96 75 20 4
97 249 4 10
97 251 45 5
97 197 35 9
97 188 51 9
98 164 45 10
98 227 24 9
98 59 12 10
98 272 25 6
98 183 12 6
98 218 16 1
99 236 6 2
99 63 23 9
99 263 46 1
99 124 16 7
99 270 21 7
99 126 17 9
99 178 34 1
99 206 9 5
99 150 42 4
100 229 35 8
100 271 5 9
100 274 23 10
101 67 19 2
101 222 50 5
101 200 27 7
101 167 21 3
101 285 46 7
101 180 19 5
102 121 45 6
102 16 7 8
102 260 21 7
102 176 5 2
102 93 4 8
102 105 33 2
102 216 11 2
102 97 34 9
103 184 7 2
103 277 13 4
103 25 47 9
103 261 25 5
103 185 36 3
103 287 19 6
103 23 42 8
103 246 19 6
104 107 40 1
104 66 13 9
104 254 44 10
104 113 22 9
104 220 9 1
104 201 45 4
104 53 9 3
104 223 4 3
104 127 28 5
106 23 14 3
106 251 50 5
106 42 17 4
107 55 17 10
107 246 13 7
107 173 36 10
107 16 25 5
108 110 22 8
109 51 22 3
109 114 22 5
109 159 8 5
109 86 4 2
110 213 20 7
110 228 17 5
110 251 10 2
110 139 29 7
111 22 7 7
111 62 37 8
111 287 39 10
111 244 17 5
111 125 20 1
111 234 39 5
111 153 3 9
112 291 27 8
112 281 42 1
112 213 22 7
112 188 24 9
113 191 49 10
113 248 22 1
113 129 17 10
113 61 42 6
113 159 40 5
113 69 5 1
114 220 14 8
114 266 12 8
114 226 12 6
115 39 26 10
115 266 47 2
115 53 32 4
115 23 13 4
115 277 31 7
115 265 23 3
116 19 36 10
116 64 41 1
116 53 25 1
116 101 8 10
116 235 41 7
116 194 13 10
116 27 5 6
116 180 8 1
116 110 48 3
117 220 44 9
117 12 50 7
117 163 2 6
117 293 2 1
117 298 48 7
117 140 48 4
117 216 29 2
117 34 6 5
118 102 4 4
118 135 23 9
118 286 44 9
118 141 15 9
118 168 50 7
118 24 17 2
118 187 16 3
119 260 46 2
119 218 26 7
121 132 14 10
121 145 19 8
121 39 35 7
121 43 3 5
122 25 41 7
122 189 41 4
122 188 41 7
122 200 49 6
122 235 39 6
122 272 20 3
122 186 44 7
122 135 3 4
123 233 17 3
123 147 21 4
123 0 12 8
123 40 42 2
123 128 21 2
123 159 2 1
123 165 24 9
124 274 15 3
124 56 38 2
124 8 34 8
125 70 22 5
125 225 7 3
125 267 37 1
125 176 37 1
125 201 32 9
125 205 18 3
125 184 40 1
127 117 27 6
127 21 34 4
127 293 14 6
127 203 27 7
128 157 20 6
128 31 22 3
128 210 16 9
128 181 22 9
128 293 30 5
128 140 5 6
128 65 36 2
129 120 16 2
129 11 7 5
129 222 20 1
129 267 30 2
129 12 33 4
130 282 30 6
130 143 16 10
130 156 48 5
130 113 33 9
130 190 18 5
130 260 48 10
130 254 47 3
130 261 37 4
130 137 47 10
131 200 10 7
131 173 31 2
131 108 45 10
131 46 4 10
131 147 51 8
131 246 36 6
131 57 23 4
131 103 45 4
131 139 42 5
132 108 49 7
132 72 36 7
132 157 47 6
132 130 27 6
132 167 21 9
133 105 2 3
133 263 32 4
133 225 10 1
134 107 23 5
134 142 17 7
134 48 8 2
134 156 37 9
135 208 25 4
135 32 9 7
136 7 21 1
136 278 6 9
136 156 6 1
136 115 27 5
136 96 3 4
136 266 36 1
137 135 49 8
137 163 48 9
138 68 49 2
138 296 36 10
139 9 39 8
140 106 11 6
140 146 17 3
140 296 22 9
140 108 10 8
140 263 36 9
140 44 47 3
141 95 35 5
141 203 6 7
141 37 4 5
141 193 13 6
141 28 35 3
142 2 21 8
144 107 8 1
144 49 26 8
144 16 5 9
144 184 17 8
144 217 34 9
145 54 13 5
145 217 21 3
145 251 26 6
145 36 4 7
145 73 45 5
146 150 19 8
148 181 4 9
148 297 23 4
148 144 50 7
148 246 33 10
148 295 18 8
148 18 15 3
148 197 41 2
148 12 25 5
149 69 5 8
149 194 6 9
149 258 36 8
149 162 21 7
149 131 24 9
149 101 40 5
150 106 44 1
150 82 18 7
150 200 20 5
150 162 8 6
151 268 4 2
151 293 48 4
151 229 22 4
151 183 38 6
151 29 44 3
151 241 27 6
151 55 51 6
152 175 14 2
152 149 39 2
152 48 50 2
152 106 14 2
152 30 6 2
152 96 35 1
152 98 40 8
152 251 50 9
153 239 15 8
153 212 38 10
153 62 46 1
153 86 38 8
153 106 2 2
153 246 34 6
153 139 35 4
153 133 48 5
153 137 43 8
154 270 44 3
154 291 45 1
154 272 6 8
154 205 46 1
154 82 7 7
154 196 51 6
154 76 41 7
155 290 49 3
155 139 49 4
157 45 38 8
158 4 12 6
158 223 38 6
158 103 49 1
158 63 42 5
158 278 17 7
158 61 22 6
158 209 50 7
158 113 32 3
160 255 32 3
160 293 7 3
160 53 15 9
161 150 15 6
161 69 35 3
161 296 15 5
161 18 5 6
162 177 47 10
162 38 8 4
162 191 23 9
162 256 40 6
162 144 42 2
162 298 46 7
163 285 30 2
163 43 27 10
163 181 49 3
163 101 5 7
163 70 44 3
164 243 48 5
164 75 5 7
164 83 28 1
165 23 16 6
165 177 9 10
165 250 51 8
165 276 35 4
165 255 45 5
165 256 45 10
165 150 10 1
166 160 35 5
166 15 39 5
166 100 44 4
166 184 38 5
166 297 37 7
166 123 14 4
166 158 34 9
166 267 20 4
167 291 46 7
167 172 4 8
168 222 38 9
168 100 17 4
168 37 30 5
169 263 18 8
169 156 44 3
169 86 47 8
169 95 26 1
169 278 21 6
169 101 48 4
169 269 38 4
169 137 42 5
170 151 33 7
170 224 37 2
170 123 9 7
170 48 26 7
170 269 30 7
171 263 44 8
171 162 19 2
171 138 14 5
171 67 8 4
172 136 40 6
172 216 45 10
172 10 24 7
172 69 3 5
173 151 7 5
173 223 25 8
173 66 10 2
173 205 11 10
174 167 25 6
174 256 11 1
175 63 44 6
175 44 28 4
175 250 9 8
175 176 3 1
175 201 8 7
175 73 42 7
175 64 16 6
176 98 40 5
176 209 42 6
176 293 9 7
176 122 41 2
177 45 20 9
177 167 50 7
177 131 10 1
177 166 33 5
177 103 21 5
177 188 13 1
178 225 8 6
178 232 33 4
178 195 3 1
179 119 34 1
179 244 24 5
179 51 28 10
179 82 29 10
180 119 51 6
180 190 31 7
180 75 15 6
180 279 20 8
180 35 5 6
180 204 20 10
180 285 36 2
180 296 11 10
180 235 37 5
182 161 3 2
182 113 50 9
182 61 33 3
182 194 9 4
182 294 47 3
182 269 34 4
182 119 11 5
182 97 12 6
182 114 29 3
185 297 46 10
185 145 39 4
185 202 13 9
187 120 14 3
187 186 45 9
187 79 48 6
187 226 11 10
187 155 22 5
187 151 41 5
187 39 11 9
187 204 5 2
187 259 27 8
187 261 32 5
188 280 43 2
188 41 7 5
188 20 9 1
188 206 31 5
188 44 38 10
189 267 28 1
189 177 33 2
189 270 4 5
189 288 30 5
189 103 18 2
189 213 16 10
190 253 11 10
190 26 24 2
190 156 36 9
191 40 11 1
191 252 26 2
191 152 2 2
191 218 22 6
192 37 15 6
192 188 7 9
192 252 2 5
192 287 21 10
192 19 6 4
192 259 19 6
192 201 14 1
192 254 32 10
192 141 39 3
192 107 18 9
193 243 2 8
193 62 36 7
193 250 4 7
193 294 40 6
193 93 49 8
193 16 51 2
193 203 39 4
195 17 2 8
195 72 12 6
195 202 17 4
196 25 5 1
196 64 19 7
196 287 50 6
196 220 9 9
196 80 20 6
196 271 38 2
197 16 23 6
197 40 51 10
197 285 18 8
197 209 42 4
197 91 31 2
197 247 31 8
197 220 34 10
198 177 33 9
198 192 39 9
198 39 26 1
198 275 17 7
198 185 46 5
198 260 16 4
198 165 7 4
198 243 12 1
198 141 15 2
198 7 9 9
198 101 33 4
199 71 7 5
199 152 48 7
199 226 35 8
199 69 24 3
199 36 48 9
199 212 11 4
199 236 50 1
199 230 44 7
200 205 31 6
200 234 36 9
200 65 27 4
201 93 43 10
201 189 2 6
201 79 41 6
201 259 42 2
201 67 36 2
201 205 21 5
202 150 6 5
202 63 50 5
203 6 4 1
203 162 47 6
203 196 18 6
203 8 33 5
203 222 2 10
203 282 25 2
204 286 51 1
204 82 35 3
204 299 27 9
204 40 34 9
204 246 6 7
204 11 49 4
204 274 17 6
205 258 19 6
206 155 21 5
206 204 19 5
206 283 15 9
206 162 5 8
207 278 47 10
207 13 41 8
207 118 8 6
207 52 42 4
207 196 4 5
207 48 36 5
207 144 31 5
208 132 8 8
208 260 27 6
208 131 41 2
208 46 21 9
208 204 36 6
208 237 31 6
209 50 43 2
209 97 24 2
209 276 48 7
209 161 25 9
210 296 51 1
210 149 37 6
210 190 6 10
210 259 14 8
211 299 24 7
211 286 25 3
212 143 49 4
212 286 21 2
212 76 29 2
213 77 20 2
213 53 4 5
213 58 15 8
213 297 3 4
213 272 5 2
214 267 50 1
214 205 51 8
214 151 20 1
217 238 48 9
217 135 31 6
217 250 7 1
217 235 25 3
217 26 30 6
217 181 8 2
218 26 50 1
218 44 21 7
219 20 2 8
219 72 42 6
219 254 42 9
219 11 33 8
220 200 32 5
221 117 47 2
221 35 7 7
221 139 21 7
221 228 13 10
221 51 8 6
221 130 5 8
221 296 26 9
222 133 37 8
222 62 17 7
222 260 3 10
222 238 24 6
222 117 36 6
223 147 9 5
223 162 37 4
223 134 13 1
223 94 6 9
223 82 31 10
223 18 45 2
224 277 44 1
225 111 19 8
225 184 20 6
225 41 41 2
225 75 35 7
225 61 8 8
227 131 12 6
227 46 16 3
227 236 38 1
227 90 36 8
227 201 50 9
227 249 37 7
227 25 7 10
228 74 20 1
228 197 42 1
228 47 26 3
228 190 28 2
228 140 34 8
229 122 23 4
230 154 22 1
230 36 33 4
230 166 20 7
230 124 4 5
230 217 47 9
230 197 39 8
230 79 14 3
230 225 5 8
231 43 34 3
231 251 40 9
231 181 26 3
231 26 22 4
231 276 19 5
232 56 18 10
232 21 26 5
233 294 49 2
233 10 44 6
233 190 14 9
235 271 6 2
235 214 38 3
235 224 34 4
235 86 48 10
235 248 44 4
236 166 39 9
236 30 29 10
236 113 18 5
236 191 42 1
236 66 29 2
236 221 35 7
236 132 21 7
237 122 11 6
237 241 6 7
238 179 9 6
238 221 6 8
238 285 9 5
238 245 4 8
238 20 17 2
238 163 33 10
238 65 34 3
238 168 23 8
238 41 49 6
239 5 9 6
239 162 28 6
239 70 46 8
239 1 2 1
240 138 3 4
240 35 11 6
240 149 25 3
240 85 9 9
240 145 22 3
240 197 10 2
240 291 46 1
242 121 47 10
242 132 33 6
242 42 23 6
242 298 26 4
242 15 44 5
242 230 6 4
242 98 4 5
242 296 3 8
242 120 9 1
242 147 11 10
242 97 18 8
243 215 29 9
243 123 5 4
243 153 38 1
243 187 33 2
243 192 18 2
244 143 35 9
244 114 30 7
244 51 32 8
244 173 13 1
244 264 45 2
244 29 47 8
245 268 33 6
245 224 51 9
245 15 46 2
245 39 24 6
245 168 36 4
245 187 6 6
245 204 6 5
245 112 48 1
245 271 22 6
247 78 35 2
247 37 5 2
247 277 50 6
247 213 23 3
247 82 20 10
247 243 8 9
247 207 18 8
247 5 47 7
249 84 9 7
249 264 40 9
249 242 37 5
249 291 44 1
250 139 15 7
250 200 41 4
250 282 40 7
250 51 51 4
250 79 32 8
250 204 50 4
252 241 19 3
252 271 50 5
252 207 15 8
252 256 41 1
252 109 35 5
252 203 5 4
253 275 28 6
253 262 31 8
253 101 47 9
253 287 18 3
254 63 48 2
254 217 34 3
254 86 44 1
254 95 33 10
254 250 41 7
254 284 12 1
255 5 29 2
255 23 2 7
255 27 51 4
255 227 32 10
256 213 51 9
256 291 32 10
257 168 23 6
257 113 38 3
257 263 3 6
257 166 43 10
257 240 45 4
257 110 15 6
257 115 10 3
257 132 11 7
259 238 13 5
259 128 14 4
260 121 27 7
260 160 40 2
262 121 21 3
262 92 22 8
262 39 47 8
262 4 36 4
262 196 9 8
262 51 43 9
262 157 11 1
262 26 22 6
262 251 3 8
263 129 17 7
264 146 4 1
264 276 20 4
264 219 29 6
264 58 7 5
265 164 27 3
265 209 46 5
265 138 27 3
265 128 17 7
265 215 14 2
265 150 20 8
265 216 47 9
265 72 17 4
265 70 14 8
265 187 10 5
267 116 10 2
267 272 22 1
267 289 47 6
268 89 31 6
268 80 44 1
269 224 25 7
269 203 44 7
269 133 40 1
269 51 37 2
270 169 28 8
270 205 11 10
270 206 17 1
270 185 9 8
270 221 10 4
270 125 14 1
271 118 49 5
273 85 48 7
273 37 28 2
273 4 47 1
273 34 21 10
273 122 36 1
274 143 17 6
277 240 24 2
278 152 30 10
278 260 45 9
279 6 6 4
279 52 49 7
279 44 29 9
280 200 50 3
281 81 10 3
281 102 27 6
281 77 51 4
281 179 16 5
281 135 50 3
281 277 17 7
281 66 36 10
281 251 10 1
282 108 41 10
283 142 32 9
283 113 17 4
283 24 16 2
283 148 50 9
283 129 5 3
283 66 33 9
283 133 22 6
284 111 31 6
284 87 51 9
285 239 42 6
285 40 43 2
285 111 50 5
285 251 44 3
287 156 2 9
287 96 22 7
287 270 30 3
287 260 43 7
288 18 12 10
288 178 16 5
288 234 48 7
288 44 24 1
288 94 6 4
288 3 3 2
288 73 48 10
288 159 20 5
289 185 40 8
289 91 10 6
289 151 45 5
289 78 16 8
289 122 40 2
289 128 42 6
289 208 27 3
290 187 25 8
290 47 24 4
292 81 24 10
292 174 8 2
292 143 43 7
294 25 11 6
295 121 20 5
295 136 19 6
295 166 7 4
295 265 4 8
295 44 37 1
295 263 17 6
295 201 31 2
295 13 29 8
295 79 7 5
295 287 25 1
296 190 9 8
296 54 16 2
296 51 47 2
297 1 18 10
297 130 6 10
297 277 34 3
298 134 35 2
298 243 17 3
298 106 11 6
298 10 50 5
298 103 41 3
298 20 5 2
298 83 45 5
299 123 5 6
299 265 11 4
299 153 12 7
299 214 48 9

0 241 1
1 260 35
2 58 129
3 108 18
4 91 39
5 118 94
6 45 132
7 133 28
8 23 124
9 93 48
10 71 50
11 277 1
12 98 123
13 220 3
14 288 149
15 192 119
16 39 39
17 73 6
18 11 91
19 4 25
20 34 48
21 180 181
22 8 63
23 293 1
24 258 1
25 138 55
26 62 145
27 66 12
28 56 100
29 52 104
30 92 16
31 121 20
32 61 195
33 155 41
34 240 28
35 65 81
36 75 239
37 143 1
38 95 51
39 136 68
40 5 258
41 64 55
42 225 43
43 113 130
44 162 16
45 96 47
46 89 97
47 222 21
48 177 48
49 120 1
