1.000000,0.019608,0.038947,1.000000,0.868284,0.431193,0.416667,0.794998,0.000000,0.794998,0.833333,0.100000,0.076923,0.065574,0.051546,0.022503,0.022005,0.021359,0.039769,3
1.000000,0.009804,0.017804,1.000000,0.615858,0.220183,0.138889,0.154985,0.000000,0.154985,0.166667,0.650000,0.717949,0.852459,0.659794,0.129812,0.103233,0.074455,0.047200,2
1.000000,0.039216,0.055267,1.000000,0.709142,0.458716,0.166667,0.430078,0.000000,0.430078,0.416667,0.200000,0.179487,0.213115,0.154639,0.032360,0.036811,0.055171,0.041513,4
1.000000,0.009804,0.028190,1.000000,0.847015,0.458716,0.166667,0.213678,0.000000,0.213678,0.166667,0.150000,0.128205,0.131148,0.092784,0.100242,0.086661,0.062176,0.039769,2
1.000000,0.039216,0.063798,1.000000,0.863060,0.642202,0.055556,0.333447,0.000000,0.333447,0.416667,0.200000,0.179487,0.147541,0.144330,0.071601,0.077832,0.094604,0.079580,5
0.333333,0.401961,0.423220,0.000000,0.700187,0.229358,0.027778,0.068391,0.153846,0.068391,0.000000,0.000000,0.051282,0.098361,0.092784,0.115120,0.111926,0.098668,0.100917,5
0.333333,0.529412,0.469214,0.000000,0.835821,0.183486,0.833333,0.055291,0.153846,0.055291,0.083333,0.000000,0.000000,0.049180,0.041237,0.075879,0.085439,0.094258,0.101250,4
0.666667,0.235294,0.208828,0.000000,0.722015,0.238532,0.388889,0.063457,0.076923,0.063457,0.083333,0.450000,0.435897,0.721311,0.515464,0.363958,0.341483,0.308890,0.255345,5
0.333333,0.205882,0.251113,0.000000,0.838993,0.009174,0.083333,0.087615,0.230769,0.087615,0.083333,0.000000,0.000000,0.000000,0.000000,0.032546,0.031513,0.024732,0.024368,4
1.000000,0.029412,0.041543,1.000000,0.380597,0.449541,0.194444,0.449983,0.000000,0.449983,0.500000,0.150000,0.128205,0.114754,0.082474,0.027153,0.029204,0.045400,0.040807,3
0.666667,0.313725,0.336424,0.000000,0.739552,0.174312,0.083333,0.064137,0.153846,0.064137,0.083333,0.100000,0.102564,0.163934,0.175258,0.271899,0.259305,0.233916,0.207065,4
1.000000,0.009804,0.021884,1.000000,0.586754,0.376147,0.305556,0.180844,0.000000,0.180844,0.166667,0.450000,0.358974,0.327869,0.288660,0.145062,0.132844,0.113110,0.073187,3
0.666667,0.029412,0.051187,0.000000,0.667164,0.311927,0.333333,0.261824,0.076923,0.261824,0.250000,0.100000,0.179487,0.131148,0.103093,0.049098,0.066015,0.075579,0.061439,4
0.333333,0.215686,0.215875,0.000000,0.744030,0.009174,0.000000,0.081660,0.153846,0.081660,0.083333,0.000000,0.000000,0.016393,0.010309,0.035522,0.030427,0.026029,0.018141,4
0.666667,0.274510,0.231454,0.000000,0.765858,0.091743,0.194444,0.112964,0.153846,0.112964,0.083333,0.200000,0.205128,0.213115,0.206186,0.181328,0.188400,0.193013,0.242600,5
0.333333,0.647059,0.619807,0.000000,0.833955,0.183486,0.111111,0.041170,0.153846,0.041170,0.000000,0.050000,0.102564,0.163934,0.113402,0.270039,0.273159,0.266517,0.238740,5
0.333333,0.196078,0.212908,0.000000,0.878545,0.211009,0.611111,0.175400,0.307692,0.175400,0.166667,0.000000,0.000000,0.000000,0.000000,0.000186,0.000136,0.000086,0.000415,4
1.000000,0.009804,0.021884,1.000000,0.403172,0.357798,0.083333,0.568391,0.000000,0.568391,0.583333,0.100000,0.076923,0.065574,0.051546,0.024177,0.022956,0.024905,0.040101,2
0.333333,0.274510,0.286350,0.000000,0.874067,0.146789,0.472222,0.062266,0.153846,0.062266,0.083333,0.000000,0.051282,0.098361,0.082474,0.095034,0.084760,0.064511,0.061190,5
1.000000,0.029412,0.054896,1.000000,0.630597,0.908257,0.138889,0.662981,0.000000,0.662981,0.666667,0.100000,0.076923,0.065574,0.051546,0.023247,0.022548,0.021965,0.041015,4
0.333333,0.598039,0.626855,0.000000,0.813246,0.128440,0.638889,0.031643,0.230769,0.031643,0.000000,0.000000,0.000000,0.000000,0.020619,0.147852,0.175224,0.178312,0.166840,5
0.333333,0.225490,0.228116,0.000000,0.804291,0.110092,0.166667,0.141375,0.153846,0.141375,0.166667,0.000000,0.000000,0.000000,0.000000,0.024177,0.025808,0.024991,0.020217,4
0.666667,0.313725,0.250000,0.000000,0.722761,0.091743,0.083333,0.080640,0.153846,0.080640,0.083333,0.100000,0.153846,0.180328,0.164948,0.122745,0.117767,0.122449,0.198514,5
0.333333,0.215686,0.199184,0.000000,0.808396,0.119266,0.111111,0.087275,0.153846,0.087275,0.083333,0.000000,0.000000,0.016393,0.041237,0.105263,0.107172,0.099533,0.084935,4
1.000000,0.029412,0.048961,1.000000,0.698134,0.834862,0.222222,0.164001,0.000000,0.164001,0.166667,0.350000,0.384615,0.409836,0.391753,0.110656,0.086797,0.062176,0.039769,4
0.333333,0.519608,0.556751,0.000000,0.903731,0.128440,0.305556,0.036747,0.230769,0.036747,0.000000,0.000000,0.000000,0.000000,0.000000,0.026223,0.028389,0.027413,0.034580,4
0.666667,0.313725,0.337166,0.000000,0.467351,0.027523,0.611111,0.103266,0.153846,0.103266,0.083333,0.400000,0.435897,0.360656,0.329897,0.216478,0.227791,0.267987,0.302296,4
0.666667,0.235294,0.212537,0.000000,0.482090,0.036697,0.055556,0.167064,0.153846,0.167064,0.250000,0.050000,0.076923,0.114754,0.103093,0.066952,0.066422,0.079211,0.113205,4
1.000000,0.029412,0.052671,1.000000,0.864925,0.733945,0.305556,0.543212,0.000000,0.543212,0.583333,0.100000,0.076923,0.081967,0.072165,0.031802,0.030834,0.036320,0.050895,4
1.000000,0.019608,0.031528,1.000000,0.853918,0.366972,0.250000,0.468357,0.000000,0.468357,0.500000,0.050000,0.051282,0.049180,0.051546,0.024735,0.027574,0.048426,0.039769,3
0.333333,0.245098,0.279674,0.000000,0.794216,0.091743,0.277778,0.081831,0.153846,0.081831,0.083333,0.000000,0.000000,0.098361,0.061856,0.087781,0.088835,0.076790,0.077297,4
1.000000,0.009804,0.028932,1.000000,0.598507,0.321101,0.333333,0.513440,0.000000,0.513440,0.500000,0.100000,0.102564,0.081967,0.061856,0.025293,0.026352,0.036406,0.039935,3
1.000000,0.019608,0.028932,1.000000,0.093657,0.458716,0.027778,0.211977,0.000000,0.211977,0.166667,0.150000,0.179487,0.147541,0.134021,0.123303,0.106900,0.082843,0.077463,2
0.333333,0.215686,0.224036,0.000000,0.817537,0.192661,0.305556,0.081660,0.230769,0.081660,0.083333,0.000000,0.000000,0.000000,0.000000,0.000558,0.000815,0.000865,0.002532,4
0.333333,0.215686,0.170994,0.000000,0.821269,0.192661,0.305556,0.159068,0.307692,0.159068,0.166667,0.000000,0.000000,0.000000,0.000000,0.000000,0.000000,0.000086,0.000125,4
0.666667,0.274510,0.280045,0.000000,0.850933,0.229358,0.222222,0.049337,0.153846,0.049337,0.083333,0.200000,0.230769,0.262295,0.247423,0.497117,0.453817,0.432290,0.352194,5
0.333333,0.254902,0.265579,0.000000,0.748134,0.100917,0.222222,0.119258,0.230769,0.119258,0.166667,0.050000,0.025641,0.032787,0.030928,0.025293,0.025537,0.027153,0.034414,4
1.000000,0.039216,0.062685,1.000000,0.796455,0.678899,0.305556,0.388057,0.000000,0.388057,0.333333,0.100000,0.076923,0.065574,0.051546,0.032360,0.053790,0.059236,0.039852,4
0.333333,0.225490,0.198071,0.000000,0.708955,0.119266,0.055556,0.218952,0.230769,0.218952,0.250000,0.000000,0.000000,0.000000,0.000000,0.000186,0.000272,0.000259,0.000249,4
0.333333,0.235294,0.204748,0.000000,0.829851,0.110092,0.027778,0.090337,0.230769,0.090337,0.083333,0.000000,0.000000,0.000000,0.000000,0.001488,0.003260,0.005794,0.005314,4
0.333333,0.196078,0.170252,0.000000,0.717537,0.128440,0.333333,0.067710,0.153846,0.067710,0.083333,0.100000,0.102564,0.049180,0.072165,0.063418,0.063298,0.056468,0.054714,4
0.333333,0.235294,0.288947,0.000000,0.844776,0.100917,0.861111,0.138482,0.230769,0.138482,0.166667,0.000000,0.000000,0.016393,0.010309,0.013762,0.016707,0.015825,0.020715,4
1.000000,0.009804,0.011869,1.000000,0.511940,0.201835,0.111111,0.152263,0.000000,0.152263,0.166667,0.800000,0.743590,0.770492,0.680412,0.165334,0.160147,0.124178,0.079455,1
0.333333,0.303922,0.374629,0.000000,0.955037,0.174312,0.750000,0.101395,0.230769,0.101395,0.083333,0.000000,0.000000,0.000000,0.000000,0.019528,0.023227,0.026548,0.025157,4
1.000000,0.039216,0.073813,1.000000,0.902239,0.550459,0.388889,0.225077,0.000000,0.225077,0.250000,0.200000,0.128205,0.180328,0.123711,0.111028,0.096577,0.076271,0.049151,5
0.000000,0.000000,0.017804,0.000000,0.955037,0.174312,0.750000,0.264716,0.384615,0.264716,0.250000,0.000000,0.000000,0.000000,0.000000,0.000000,0.000000,0.000000,0.000000,1
1.000000,0.019608,0.043027,1.000000,0.766418,0.669725,0.055556,0.863729,0.000000,0.863729,0.916667,0.100000,0.102564,0.098361,0.061856,0.023433,0.022548,0.021359,0.039894,5
1.000000,0.019608,0.030786,1.000000,0.780410,0.504587,0.388889,0.611432,0.000000,0.611432,0.666667,0.050000,0.051282,0.049180,0.041237,0.022689,0.022005,0.022657,0.039769,4
1.000000,0.009804,0.006306,1.000000,0.303545,0.082569,0.111111,0.728139,0.000000,0.728139,0.750000,0.050000,0.051282,0.049180,0.041237,0.022503,0.021869,0.021359,0.039769,0
1.000000,0.049020,0.066395,1.000000,0.600746,0.972477,0.194444,0.363899,0.000000,0.363899,0.333333,0.150000,0.128205,0.098361,0.072165,0.030500,0.043059,0.061916,0.040516,4
0.333333,0.607843,0.692136,0.000000,0.824627,0.146789,0.055556,0.044743,0.153846,0.044743,0.083333,0.050000,0.051282,0.081967,0.061856,0.076251,0.084624,0.101090,0.087135,4
0.666667,0.303922,0.300816,0.000000,0.858582,0.183486,0.472222,0.088806,0.076923,0.088806,0.083333,0.100000,0.179487,0.245902,0.237113,0.181142,0.177126,0.157817,0.143925,4
1.000000,0.029412,0.068991,1.000000,0.877985,1.000000,0.472222,0.897414,0.000000,0.897414,0.916667,0.100000,0.076923,0.065574,0.051546,0.022503,0.021869,0.020841,0.039769,4
1.000000,0.039216,0.052300,1.000000,0.716978,0.660550,0.305556,0.330555,0.000000,0.330555,0.333333,0.150000,0.153846,0.147541,0.123711,0.072159,0.085846,0.114666,0.079331,4
1.000000,0.039216,0.067136,1.000000,0.747015,0.807339,0.333333,0.693944,0.000000,0.693944,0.750000,0.050000,0.051282,0.049180,0.041237,0.022689,0.022684,0.022397,0.039769,4
0.666667,0.245098,0.265208,0.000000,0.864739,0.229358,0.055556,0.092889,0.076923,0.092889,0.166667,0.200000,0.410256,0.459016,0.443299,0.407848,0.378701,0.358094,0.373947,4
0.333333,0.254902,0.264466,0.000000,0.821082,0.174312,0.638889,0.071283,0.153846,0.071283,0.083333,0.000000,0.102564,0.032787,0.051546,0.098568,0.111790,0.101003,0.105276,4
1.000000,0.009804,0.022255,1.000000,0.789366,0.357798,0.138889,0.410514,0.000000,0.410514,0.416667,0.050000,0.051282,0.049180,0.041237,0.033104,0.035996,0.057420,0.039769,3
0.333333,0.284314,0.267433,0.000000,0.413619,0.018349,0.333333,0.088465,0.153846,0.088465,0.083333,0.000000,0.000000,0.000000,0.000000,0.018412,0.020647,0.032515,0.031840,4
0.333333,0.196078,0.215134,0.000000,0.817164,0.339450,0.055556,0.104968,0.153846,0.104968,0.166667,0.150000,0.128205,0.196721,0.103093,0.054305,0.059087,0.062435,0.064760,4
0.666667,0.009804,0.017062,0.000000,0.008396,0.000000,0.000000,0.205852,0.307692,0.205852,0.166667,0.050000,0.051282,0.049180,0.041237,0.023619,0.023227,0.029920,0.039769,1
0.666667,0.362745,0.401335,0.000000,0.470896,0.000000,0.000000,0.066179,0.153846,0.066179,0.083333,0.150000,0.128205,0.131148,0.113402,0.075507,0.077696,0.129713,0.125285,5
0.666667,0.313725,0.329377,0.000000,0.778545,0.330275,0.666667,0.064137,0.076923,0.064137,0.083333,0.150000,0.256410,0.377049,0.381443,0.236377,0.223988,0.187651,0.166757,5
0.333333,0.264706,0.256306,0.000000,0.754291,0.183486,0.000000,0.060735,0.153846,0.060735,0.000000,0.150000,0.153846,0.131148,0.082474,0.066022,0.075659,0.079644,0.061356,4
1.000000,0.039216,0.061202,1.000000,0.527612,0.935780,0.083333,0.530963,0.000000,0.530963,0.583333,0.200000,0.230769,0.229508,0.206186,0.047982,0.046183,0.051366,0.077048,5
0.333333,0.235294,0.187315,0.000000,0.635075,0.009174,0.194444,0.110242,0.230769,0.110242,0.083333,0.000000,0.000000,0.000000,0.000000,0.024363,0.030427,0.036666,0.033750,4
1.000000,0.019608,0.027448,1.000000,0.768284,0.449541,0.472222,0.530282,0.000000,0.530282,0.583333,0.100000,0.076923,0.065574,0.051546,0.024735,0.024722,0.029488,0.040558,4
0.333333,0.009804,0.033754,0.000000,0.827612,0.330275,0.527778,0.368833,0.384615,0.368833,0.416667,0.000000,0.000000,0.000000,0.000000,0.000000,0.000000,0.000259,0.000291,3
0.333333,0.941176,0.902077,0.000000,0.860075,0.192661,0.472222,0.011398,0.153846,0.011398,0.000000,0.000000,0.102564,0.360656,0.412371,0.638274,0.680657,0.674075,0.659181,5
0.333333,0.235294,0.251855,0.000000,0.707463,0.110092,0.361111,0.131167,0.153846,0.131167,0.083333,0.000000,0.000000,0.000000,0.000000,0.007625,0.007199,0.006053,0.006476,4
1.000000,0.019608,0.044139,1.000000,0.834701,0.577982,0.611111,0.925995,0.000000,0.925995,0.916667,0.050000,0.051282,0.049180,0.041237,0.022503,0.021869,0.020841,0.039769,3
1.000000,0.009804,0.031899,1.000000,0.649813,0.504587,0.027778,0.272882,0.000000,0.272882,0.250000,0.150000,0.179487,0.131148,0.092784,0.092989,0.086254,0.062176,0.039769,3
0.666667,0.352941,0.321588,0.000000,0.438993,0.128440,0.305556,0.067540,0.230769,0.067540,0.083333,0.050000,0.102564,0.114754,0.103093,0.229124,0.253735,0.287011,0.289344,4
0.666667,0.294118,0.270401,0.000000,0.678172,0.376147,0.055556,0.095951,0.153846,0.095951,0.166667,0.200000,0.230769,0.213115,0.164948,0.186535,0.207416,0.177188,0.164183,5
1.000000,0.009804,0.021142,1.000000,0.418470,0.183486,0.055556,0.338891,0.000000,0.338891,0.416667,0.100000,0.076923,0.081967,0.072165,0.056537,0.075387,0.062262,0.039977,1
0.333333,0.480392,0.416914,0.000000,0.697388,0.027523,0.194444,0.086084,0.153846,0.086084,0.083333,0.000000,0.051282,0.032787,0.020619,0.011345,0.012768,0.017468,0.019303,4
0.666667,0.431373,0.389837,0.000000,0.541978,0.266055,0.055556,0.024498,0.076923,0.024498,0.083333,0.650000,1.000000,0.819672,0.948454,0.461038,0.444444,0.466621,0.445888,5
0.666667,0.019608,0.036721,0.000000,0.824254,0.302752,0.027778,0.332936,0.076923,0.332936,0.333333,0.000000,0.000000,0.000000,0.000000,0.000186,0.000136,0.000086,0.000083,3
0.333333,0.245098,0.227745,0.000000,0.777985,0.100917,0.055556,0.093229,0.153846,0.093229,0.166667,0.100000,0.051282,0.049180,0.041237,0.080900,0.085303,0.084227,0.105774,4
0.666667,0.019608,0.041914,0.000000,0.095896,0.192661,0.027778,0.266757,0.076923,0.266757,0.250000,0.000000,0.025641,0.016393,0.010309,0.000372,0.000272,0.000605,0.000291,3
1.000000,0.009804,0.031899,1.000000,0.766978,0.495413,0.000000,0.858966,0.000000,0.858966,0.916667,0.050000,0.102564,0.081967,0.061856,0.022689,0.022005,0.021013,0.039769,3
1.000000,0.009804,0.030786,1.000000,0.787500,0.201835,0.333333,0.230010,0.000000,0.230010,0.250000,0.300000,0.179487,0.196721,0.154639,0.098382,0.086118,0.062176,0.039769,3
1.000000,0.039216,0.063056,1.000000,0.585448,0.944954,0.388889,0.537087,0.000000,0.537087,0.583333,0.100000,0.076923,0.065574,0.051546,0.023991,0.023363,0.027672,0.039769,4
0.333333,0.294118,0.351632,0.000000,0.752985,0.238532,0.277778,0.148860,0.230769,0.148860,0.166667,0.000000,0.000000,0.000000,0.000000,0.007811,0.006927,0.009166,0.009672,4
0.333333,0.205882,0.185460,0.000000,0.651119,0.073394,0.055556,0.188840,0.153846,0.188840,0.250000,0.100000,0.128205,0.098361,0.072165,0.047424,0.053518,0.080422,0.057163,4
0.666667,0.215686,0.208086,0.000000,0.716791,0.064220,0.027778,0.224056,0.153846,0.224056,0.250000,0.100000,0.102564,0.131148,0.113402,0.076251,0.087205,0.103251,0.119308,4
0.333333,0.196078,0.167285,0.000000,0.784328,0.055046,0.055556,0.108540,0.230769,0.108540,0.166667,0.000000,0.000000,0.000000,0.000000,0.044635,0.041701,0.043324,0.052472,5
1.000000,0.039216,0.038205,1.000000,0.387313,0.568807,0.138889,0.377679,0.000000,0.377679,0.416667,0.150000,0.153846,0.147541,0.113402,0.061558,0.060310,0.083881,0.076010,4
1.000000,0.039216,0.050074,1.000000,0.417910,0.761468,0.500000,0.601735,0.000000,0.601735,0.666667,0.100000,0.076923,0.065574,0.051546,0.037753,0.036811,0.037530,0.064801,4
0.333333,0.215686,0.183234,0.000000,0.593470,0.055046,0.027778,0.127594,0.230769,0.127594,0.083333,0.000000,0.025641,0.016393,0.020619,0.015250,0.013583,0.013144,0.020922,4
0.666667,0.343137,0.360905,0.000000,0.869963,0.110092,0.388889,0.078938,0.230769,0.078938,0.083333,0.050000,0.102564,0.114754,0.113402,0.102288,0.102418,0.112072,0.164764,5
1.000000,0.019608,0.033754,1.000000,0.597015,0.587156,0.305556,0.667064,0.000000,0.667064,0.666667,0.050000,0.051282,0.049180,0.041237,0.022317,0.022005,0.021186,0.039769,3
0.666667,0.343137,0.350519,0.000000,0.649440,0.155963,0.333333,0.062606,0.153846,0.062606,0.083333,0.050000,0.205128,0.213115,0.195876,0.245118,0.233089,0.236164,0.243555,5
0.666667,0.009804,0.017804,0.000000,0.087500,0.146789,0.027778,0.562606,0.538462,0.562606,0.583333,0.000000,0.000000,0.000000,0.000000,0.000372,0.000272,0.000432,0.000747,0
1.000000,0.009804,0.012611,1.000000,0.591791,0.146789,0.222222,0.536067,0.000000,0.536067,0.583333,0.100000,0.076923,0.065574,0.051546,0.023061,0.022820,0.028364,0.039769,1
0.333333,0.294118,0.291172,0.000000,0.658022,0.110092,0.277778,0.080810,0.153846,0.080810,0.083333,0.000000,0.051282,0.032787,0.072165,0.096708,0.100244,0.089070,0.074598,4
0.333333,0.313725,0.335682,0.000000,0.405784,0.018349,0.500000,0.119428,0.230769,0.119428,0.166667,0.000000,0.025641,0.032787,0.030928,0.038311,0.037218,0.038136,0.067873,4
1.000000,0.019608,0.029674,1.000000,0.643097,0.449541,0.305556,0.263355,0.000000,0.263355,0.250000,0.150000,0.358974,0.262295,0.185567,0.107495,0.100244,0.080508,0.072813,3
1.000000,0.009804,0.032270,1.000000,0.712313,0.403670,0.305556,0.183055,0.000000,0.183055,0.166667,0.550000,0.435897,0.278689,0.237113,0.111772,0.087205,0.062695,0.041637,4
