550

34 1842 1920 1947 628 9 4
34 1842 1853 670 9 16
34 1842 63 94 217 9 6
34 1816 1923 1958 1193 449 9 15
34 1816 1822 1632 746 9 11
34 1816 396 403 1242 464 571 9 1
34 1660 1665 980 1159 126 9 5
34 1660 63 94 217 9 3
34 1559 636 643 562 9 10
34 1410 1419 9 9 2
34 1400 1915 1925 314 9 4
34 1400 1830 1836 549 9 18
34 1314 1185 1209 67 9 8
34 1263 1558 1572 627 9 3
34 1263 1401 1406 396 9 5
34 1263 1401 1404 554 9 1
34 1150 1156 1469 250 409 9 3
34 1150 1155 1173 349 9 3
34 1150 1155 972 984 663 9 1
34 1150 1154 1152 1163 145 9 12
34 1150 1154 1152 1162 773 9 3
34 1150 1152 1162 773 9 18
34 1026 575 581 259 9 6
34 1025 1080 844 864 325 9 16
34 1025 506 516 252 9 6
34 1025 488 502 557 9 6
34 923 1455 1457 1868 634 9 2
34 923 939 393 9 1
34 923 357 371 440 9 1
34 697 842 853 211 9 2
34 528 544 71 9 26
34 33 49 147 9 7
34 31 1918 1558 1572 627 9 4
34 31 43 787 9 6
34 30 39 131 9 15
100 1806 1353 1365 511 9 4
100 1806 1123 1134 165 9 2
100 1636 1648 636 9 20
100 1598 1616 1944 210 9 3
100 1502 1515 651 9 7
100 1430 1434 371 440 9 10
100 1430 783 802 204 9 10
100 1430 245 250 409 9 17
100 1430 57 68 1427 622 9 2
100 1390 944 966 529 9 17
100 1125 1149 547 9 20
100 1082 1089 706 9 1
100 1082 1080 844 864 325 9 3
100 1082 271 1181 1193 449 9 8
100 1027 1841 1852 697 9 5
100 1027 1841 1845 620 9 3
100 1027 1037 125 9 15
100 922 930 18 9 3
100 360 382 353 9 11
100 357 371 440 9 2
100 342 352 741 9 15
100 246 257 369 9 10
100 246 256 1573 343 9 11
100 105 1455 1457 1868 634 9 5
100 105 1350 1359 686 9 2
100 105 783 802 204 9 1
100 105 783 796 1444 1623 1219 1548 96 9 12
100 105 743 777 32 9 2
100 105 508 524 408 9 4
100 105 508 522 271 9 11
100 105 106 457 9 1
100 55 64 673 544 9 13
112 1831 1356 1376 383 9 5
112 1831 1356 1354 1371 1730 441 9 7
112 1635 1841 1852 697 9 1
112 1635 1350 1359 686 9 1
112 1635 842 853 211 9 1
112 1635 235 575 581 259 9 5
112 1635 235 359 380 602 9 19
112 1526 1660 1665 980 1159 126 9 2
112 1526 1480 1484 1576 240 9 4
112 1526 1480 111 123 279 9 4
112 1526 1400 1915 1931 555 218 9 2
112 1526 1400 1915 1925 314 9 2
112 1526 922 930 18 9 6
112 1410 1419 9 9 6
112 1391 1830 1836 549 9 2
112 1391 1710 1713 377 9 13
112 1391 1399 563 9 4
112 1311 182 193 541 9 12
112 1311 182 192 534 9 6
112 1311 182 191 231 9 4
112 1188 1230 577 594 676 9 3
112 1188 1221 719 9 8
112 1188 1219 1548 96 9 6
112 1188 1189 1228 422 9 6
112 1188 1185 1209 67 9 10
112 1188 1183 1203 432 9 1
112 1188 605 1350 1359 686 9 3
112 505 607 621 321 9 4
112 270 1246 735 746 618 9 2
112 270 1236 972 984 663 9 5
112 270 1098 1116 187 9 3
112 270 942 952 416 9 9
112 247 246 259 202 9 4
112 247 246 257 369 9 5
112 175 447 462 387 9 17
112 175 362 392 247 9 11
112 175 362 388 1242 464 571 9 3
112 175 362 359 380 602 9 7
112 116 143 710 9 27
112 113 871 887 61 9 8
112 113 135 392 247 9 2
695 1991 1998 464 9 24
695 1991 578 599 434 9 3
695 1961 1971 299 9 2
695 1862 1872 924 412 9 1
695 1862 1868 634 9 18
695 1776 1735 1736 1922 1952 698 9 6
695 1776 786 1096 1106 12 9 8
695 1776 480 482 28 9 5
695 1582 1597 1611 582 9 1
695 1582 1594 172 9 2
695 1582 1246 1258 288 9 4
695 1582 427 436 703 9 5
695 1525 736 755 673 9 2
695 1525 736 735 751 253 9 1
695 1525 736 735 750 596 9 13
695 1525 607 621 321 9 1
695 1311 1230 577 597 421 9 4
695 1311 182 193 541 9 3
695 1246 1258 288 9 16
695 1246 1257 442 9 7
695 1246 1256 947 1820 577 9 4
695 1235 1246 1256 947 1820 577 9 2
695 1235 1246 735 750 596 9 2
695 1235 1011 1017 195 9 2
695 1121 1129 694 9 3
695 697 1246 735 750 596 9 7
695 697 1246 735 746 618 9 8
695 697 842 853 211 9 1
695 576 591 767 9 21
695 446 877 638 653 70 9 6
695 446 447 462 387 9 5
695 311 337 427 9 20
695 287 271 1181 1195 362 9 5
695 287 271 1181 1193 449 9 1
695 195 1047 1076 793 9 1
695 195 427 436 703 9 1
695 56 1750 1758 481 9 6
695 56 1678 1699 34 9 7
695 56 738 763 414 9 6
695 56 63 94 217 9 2
695 25 55 65 494 9 4
695 25 55 64 673 544 9 10
712 1960 1965 350 9 23
712 1481 1483 1498 955 769 519 9 5
712 1481 1245 1251 1221 719 9 16
712 1481 1245 1250 762 1515 651 9 1
712 1481 286 299 566 9 7
712 1481 272 282 304 9 18
712 1456 1044 737 759 123 279 9 1
712 1335 1124 1141 861 30 9 1
712 1335 428 737 759 123 279 9 4
712 1335 428 182 1266 1294 587 1203 432 9 3
712 1335 428 182 193 541 9 10
712 1311 1413 1428 85 1315 655 9 6
712 1311 1413 1427 622 9 10
712 1311 1413 1425 371 9 2
712 1311 1319 431 9 24
712 921 928 463 9 4
712 711 1541 1545 260 9 3
712 711 920 924 412 9 9
712 711 725 729 470 9 4
712 711 180 183 201 9 4
712 637 1882 1890 330 9 8
712 579 603 242 9 10
712 553 568 572 9 6
712 397 413 285 9 14
712 397 410 493 9 19
712 397 248 265 1376 383 9 12
712 195 1047 1076 793 9 2
712 2 1410 1419 9 9 9
712 2 148 161 757 9 9
712 2 32 48 744 9 3
712 2 32 46 1359 686 9 3
816 1875 62 91 542 48 744 9 9
816 1875 62 63 94 217 9 1
816 1262 1276 1536 159 9 2
816 1180 1183 1204 1787 797 9 3
816 1180 1183 1203 432 9 18
816 1045 1044 1063 173 9 1
816 1045 1044 737 759 123 279 9 4
816 940 1841 1852 697 9 4
816 940 1010 488 502 557 9 3
816 940 947 1820 577 9 1
816 940 941 950 461 9 19
816 872 893 336 9 23
816 840 847 646 9 1
816 818 1637 1653 754 9 5
816 818 1637 1653 410 493 9 6
816 818 1401 1406 396 9 2
816 818 819 838 312 9 6
816 815 821 352 9 6
816 815 33 49 147 9 4
816 425 427 436 703 9 19
816 355 1310 577 597 421 9 1
816 355 365 647 9 20
816 272 282 304 9 4
816 236 1919 1941 342 9 8
816 236 1455 1457 1868 634 9 1
816 180 485 490 386 9 4
816 180 183 201 9 19
816 58 1725 1189 1228 422 9 4
816 58 1155 1175 41 9 21
816 58 1155 1173 349 9 10
816 58 63 94 217 9 12
816 1 357 374 853 211 9 2
1081 1962 1815 1820 577 9 8
1081 1962 1815 575 586 778 9 3
1081 1962 1815 575 585 668 539 9 9
1081 1962 1815 57 68 1427 622 9 11
1081 1831 1838 53 9 23
1081 1831 1752 1765 769 9 1
1081 1831 1356 1376 383 9 5
1081 1780 1804 505 9 5
1081 1780 1801 504 9 5
1081 1525 1528 318 9 7
1081 1096 1109 612 9 9
1081 1096 1106 12 9 17
1081 1041 1049 394 9 19
1081 690 1152 1164 194 9 1
1081 690 1152 1163 145 9 12
1081 690 692 1280 282 304 9 3
1081 690 575 585 668 539 9 1
1081 690 575 581 259 9 3
1081 690 204 878 913 675 726 9 1
1081 690 57 68 1427 622 9 2
1081 552 564 142 9 24
1081 552 562 326 1037 125 9 3
1081 552 551 556 364 9 1
1081 552 551 555 218 9 9
1081 505 636 644 361 9 15
1081 505 636 643 562 9 3
1081 505 607 621 321 9 16
1081 398 416 306 9 27
1081 398 396 403 1242 464 571 9 7
1247 1991 1998 464 9 1
1247 1985 1310 1315 655 9 8
1247 1985 1310 577 598 191 231 9 7
1247 1985 1310 577 597 421 9 1
1247 1985 1152 1164 194 9 3
1247 1985 843 861 30 9 2
1247 1985 843 857 357 9 3
1247 1875 425 427 441 536 9 6
1247 1875 205 1246 1258 288 9 3
1247 1875 205 203 219 227 9 7
1247 1875 62 1151 1159 126 9 2
1247 1875 62 92 598 191 231 9 8
1247 1502 1515 651 9 1
1247 1435 815 823 675 9 10
1247 1435 815 821 352 9 2
1247 1435 551 559 156 9 1
1247 1435 551 556 364 9 7
1247 1435 526 538 64 9 18
1247 1412 1736 1922 1952 698 9 12
1247 1412 1599 609 629 92 9 15
1247 1412 1124 1141 861 30 9 10
1247 1412 1096 1109 612 9 1
1247 1412 449 471 155 9 6
1247 1412 110 120 662 9 4
1247 1300 1306 254 9 6
1247 1259 856 1360 46 9 3
1247 971 979 293 9 5
1247 780 785 812 847 646 9 9
1247 780 578 599 434 9 8
1247 610 1750 1758 481 9 9
1247 570 1920 1947 628 9 1
1247 570 1882 1890 330 9 3
1247 570 574 747 9 20
1247 428 878 913 675 726 9 6
1247 428 737 759 123 279 9 4
1247 362 394 799 9 13
1247 362 392 247 9 14
1247 105 1916 1934 1173 349 9 4
1247 105 1455 1458 507 9 6
1247 105 1455 1457 1868 634 9 1
1264 1621 1632 746 9 13
1264 1621 1630 123 9 11
1264 1621 1580 638 653 70 9 3
1264 1621 1580 33 49 147 9 1
1264 1621 971 980 1159 126 9 8
1264 1621 971 979 293 9 6
1264 1503 1519 769 519 9 3
1264 1503 1504 975 993 658 9 22
1264 1503 1504 975 992 294 9 13
1264 1503 1502 1515 651 9 4
1264 1503 735 751 253 9 6
1264 1266 1294 587 1203 432 9 1
1264 1261 1806 1813 1204 1787 797 9 3
1264 1261 1806 1353 1365 511 9 8
1264 1261 1152 1164 194 9 1
1264 1261 3 285 291 755 9 2
1264 1261 3 18 668 9 22
1264 1261 3 16 246 9 1
1264 1010 1015 248 9 1
1264 1010 1013 52 9 8
1264 1010 488 503 523 9 25
1264 1010 488 502 557 9 7
1264 445 1430 1434 371 440 9 1
1264 445 452 366 9 11
1264 445 446 877 638 653 70 9 2
1264 308 1726 1730 441 9 10
1264 308 1726 1483 1498 955 769 519 9 6
1264 308 1726 528 544 71 9 1
1264 308 326 1037 125 9 7
1264 308 325 1345 524 408 9 6
1264 175 1483 1498 955 769 519 9 9
1264 175 1401 1406 396 9 16
1264 175 1189 1228 422 9 5
1264 175 1041 1049 394 9 1
1264 175 447 464 571 9 1
1264 175 447 462 387 9 4
1264 25 55 65 494 9 1
1441 1737 1882 1890 330 9 5
1441 1737 1777 1787 797 9 4
1441 1737 1777 1786 257 369 9 1
1441 1737 1749 498 197 9 10
1441 1737 1746 522 271 9 16
1441 1737 1746 80 1944 210 9 11
1441 1737 59 80 1944 210 9 3
1441 1639 1658 276 9 22
1441 1639 1096 1109 612 9 14
1441 1639 710 713 289 9 3
1441 1597 1611 582 9 2
1441 1442 1559 1576 240 9 3
1441 1442 1501 1509 540 9 3
1441 1442 1501 1506 569 9 14
1441 1442 941 950 461 9 2
1441 1442 235 575 586 778 9 5
1441 1340 1345 524 408 9 3
1441 1340 111 123 279 9 7
1441 819 838 312 9 7
1441 249 269 1575 586 778 9 10
1441 249 268 226 9 27
1441 249 246 259 202 9 8
1441 200 208 355 9 22
1441 200 203 219 227 9 2
1441 145 246 259 202 9 5
1441 145 150 641 9 10
1441 25 608 624 384 9 2
1441 25 236 1919 1941 342 9 18
1441 25 55 65 494 9 11
1465 1841 1852 697 9 17
1465 1662 844 864 325 9 2
1465 1662 636 646 108 9 2
1465 1662 636 645 1845 620 9 4
1465 1662 636 644 361 9 1
1465 1662 147 159 665 9 19
1465 1557 1736 1922 1952 698 9 6
1465 1557 973 972 984 663 9 7
1465 1557 486 1300 1306 254 9 1
1465 1555 1357 1350 1359 686 9 7
1465 1525 1637 1653 754 9 20
1465 1525 1528 318 9 4
1465 1455 1458 507 9 5
1465 1335 1806 1842 1920 1947 628 9 1
1465 1335 1806 1813 1204 1787 797 9 8
1465 1335 1660 1665 980 1159 126 9 3
1465 1335 1636 1648 636 9 2
1465 1335 1390 944 966 529 9 1
1465 841 842 853 211 9 1
1465 841 245 250 409 9 4
1465 781 1920 1947 628 9 6
1465 781 1265 1292 352 741 9 1
1465 781 1265 1289 625 9 26
1465 781 943 1181 1195 362 9 3
1465 781 943 638 653 70 9 2
1465 781 20 359 380 602 9 1
1465 551 559 156 9 21
1465 486 1300 1306 254 9 5
1465 486 817 831 730 9 18
1465 486 485 922 930 18 9 5
1465 486 485 490 386 9 6
1465 25 1960 1965 350 9 4
1465 25 1882 1890 330 9 6
1465 25 1676 1689 568 572 9 8
1465 25 1676 1678 1699 34 9 3
1465 25 1527 1536 159 9 12
1465 25 1301 576 591 767 9 6
1465 25 608 624 384 9 2
1467 1990 1580 638 653 70 9 7
1467 1990 1559 1578 317 9 3
1467 1990 1559 1576 240 9 5
1467 1990 1401 1407 939 393 9 10
1467 1990 1401 1406 396 9 1
1467 1990 485 922 930 18 9 6
1467 1990 286 299 566 9 16
1467 1990 248 265 1376 383 9 2
1467 1921 1440 1445 490 386 9 2
1467 1885 1908 3 9 16
1467 1885 1152 1164 194 9 13
1467 1753 1816 1923 1958 1193 449 9 2
1467 1753 1542 1552 558 9 14
1467 1753 658 1501 1509 540 9 2
1467 1753 658 675 726 9 17
1467 1753 33 49 147 9 3
1467 1581 1592 436 9 2
1467 1581 148 161 757 9 6
1467 1124 1960 1966 392 9 10
1467 1124 1920 1947 628 9 9
1467 1124 1141 861 30 9 3
1467 1122 1133 352 741 9 7
1467 1122 1123 1134 165 9 11
1467 1097 1884 1882 1891 768 9 3
1467 1097 1884 1882 1890 330 9 3
1467 1097 1884 1830 1836 549 9 2
1467 1097 1884 609 629 92 9 2
1467 1097 508 524 408 9 3
1467 1042 1044 1063 173 9 1
1467 636 646 108 9 22
1467 195 1300 1306 254 9 5
1467 195 1047 1076 793 9 20
1467 25 1960 1966 392 9 14
1467 20 877 909 136 9 7
1467 20 877 638 653 70 9 1
1622 1712 1919 1944 210 9 1
1622 1712 1919 1942 616 9 3
1622 1712 1721 138 9 5
1622 1662 1482 1496 488 9 2
1622 1662 1390 944 966 529 9 3
1622 1662 1187 1182 1198 1765 769 9 8
1622 1662 1010 1015 248 9 7
1622 1620 1482 1496 488 9 19
1622 1620 1482 1494 258 9 7
1622 1556 1840 1456 1463 435 9 13
1622 1556 1840 710 713 289 9 4
1622 1556 1044 1063 173 9 5
1622 1435 1882 1891 768 9 6
1622 1435 1862 1872 924 412 9 16
1622 1435 1542 1553 1496 488 9 2
1622 1435 1542 1552 558 9 11
1622 1435 971 980 1159 126 9 1
1622 1435 815 823 675 9 14
1622 1400 1915 1931 555 218 9 4
1622 1312 1323 301 9 21
1622 743 777 32 9 6
1622 696 1710 1713 377 9 1
1622 696 1456 1463 435 9 10
1622 696 1456 1044 1063 173 9 4
1622 696 739 769 519 9 4
1622 696 739 767 316 9 6
1622 696 580 972 984 663 9 12
1622 287 1918 1558 1572 627 9 1
1622 287 271 1181 1195 362 9 14
1622 20 1922 1952 698 9 2
1622 20 1440 1446 702 9 2
1622 20 1440 1445 490 386 9 5
1622 20 1098 1116 187 9 16
1622 20 1011 1017 195 9 12
1622 20 877 909 136 9 3
1711 1985 1597 1611 582 9 9
1711 1985 1310 1315 655 9 3
1711 1558 1573 343 9 12
1711 1558 1572 627 9 18
1711 1466 1779 1797 486 9 1
1711 1466 1413 1428 85 1315 655 9 1
1711 1466 1300 1306 254 9 3
1711 1435 1882 1896 6 9 2
1711 1435 1882 1891 768 9 11
1711 1401 1407 939 393 9 4
1711 1340 1455 1458 507 9 7
1711 1340 1350 1360 46 9 5
1711 1340 1345 120 9 25
1711 1260 1541 1548 96 9 4
1711 1260 1541 1545 260 9 5
1711 1230 1779 1797 486 9 3
1711 1230 577 598 191 231 9 5
1711 1095 1103 1093 1931 555 218 9 11
1711 1095 1043 607 621 321 9 1
1711 976 975 997 1952 698 9 1
1711 976 975 994 1576 240 9 14
1711 976 975 993 658 9 1
1711 606 612 56 9 6
1711 487 1780 1804 505 9 1
1711 487 1637 1654 345 9 9
1711 487 1637 1653 754 9 1
1711 487 1357 1384 897 490 386 9 8
1711 487 1357 1350 1360 46 9 6
1711 487 1357 1350 1359 686 9 1
1711 487 498 197 9 12
1711 181 1881 1889 382 9 13
1711 181 190 257 369 9 7
1711 146 154 472 9 20
1711 3 285 294 410 493 9 2
1711 3 285 291 755 9 18
1855 1961 1971 299 9 6
1855 1737 1882 1896 6 9 18
1855 1726 1731 1330 556 364 9 5
1855 1726 1730 441 9 5
1855 1725 1729 782 9 20
1855 1725 1189 1228 422 9 1
1855 1455 1460 611 9 18
1855 1455 1459 385 9 2
1855 1455 1458 507 9 9
1855 1430 1710 1715 732 9 12
1855 1313 1327 60 9 12
1855 1182 1198 1765 769 9 9
1855 1120 1127 334 9 27
1855 1120 1121 1129 694 9 9
1855 1044 1063 173 9 6
1855 870 1236 1243 495 9 14
1855 870 1236 1242 464 571 9 6
1855 870 1236 972 984 663 9 1
1855 449 1710 1715 732 9 6
1855 449 1710 1713 377 9 5
1855 449 475 451 9 21
1855 449 471 155 9 7
1855 397 415 220 9 23
1855 397 413 285 9 8
1875 1985 1963 1960 1967 664 9 6
1875 1985 1963 1960 1966 392 9 1
1875 1985 1597 1612 753 887 61 9 6
1875 1985 1597 1611 582 9 2
1875 1883 1558 1573 343 9 3
1875 1883 1540 1543 1545 260 9 5
1875 1883 110 121 88 9 4
1875 1883 110 120 662 9 5
1875 1861 1455 1460 611 9 4
1875 1861 1230 1779 1797 486 9 11
1875 1861 1044 1063 173 9 7
1875 1806 1842 1920 1947 628 9 5
1875 1778 1795 262 9 15
1875 1778 840 847 646 9 8
1875 1430 1710 1715 732 9 7
1875 1353 1368 1758 481 9 7
1875 1353 1365 511 9 13
1875 1011 1017 195 9 2
1875 977 1006 373 9 26
1875 977 972 984 663 9 1
1875 817 831 730 9 7
1875 742 735 751 253 9 19
1875 725 729 470 9 2
1875 661 657 673 544 9 3
1875 661 657 671 143 9 13
1875 608 624 384 9 3
1875 575 587 1592 436 9 12
1875 575 587 1203 432 9 2
1875 575 586 778 9 6
1875 480 1456 1463 435 9 2
1875 480 922 930 18 9 7
1875 480 657 671 143 9 3
1875 480 657 668 539 9 16
1875 480 482 28 9 16
1875 425 427 441 536 9 1
