1200 5306 480

0 25 200
1 50 500
2 75 800
3 100 1200
4 125 1700
5 150 2300
6 175 3000
7 200 3800
8 225 4600
9 250 5500

0 1500
1 1500
2 1500
3 1500
4 1500
5 2000
6 2000
7 1500
8 1500
9 1500
10 2000
11 2000
12 2000
13 2000
14 1500
15 2000
16 1500
17 1000
18 2000
19 2000
20 1500
21 1000
22 1000
23 2000
24 1500
25 1500
26 1500
27 1500
28 1500
29 2000
30 1000
31 2000
32 1000
33 1000
34 1500
35 1500
36 1000
37 2000
38 2000
39 1000
40 1000
41 2000
42 2000
43 2000
44 2000
45 1500
46 1500
47 1500
48 1500
49 1500
50 2000
51 1000
52 2000
53 1500
54 2000
55 1500
56 1500
57 1000
58 2000
59 2000
60 1500
61 1000
62 1500
63 1500
64 2000
65 2000
66 2000
67 1000
68 2000
69 2000
70 1500
71 1500
72 2000
73 2000
74 1000
75 2000
76 2000
77 1000
78 1500
79 2000
80 1000
81 1500
82 1500
83 1500
84 1000
85 1500
86 1500
87 1500
88 1500
89 2000
90 1500
91 1500
92 2000
93 1000
94 2000
95 1000
96 2000
97 1000
98 1000
99 1000
100 500
101 500
102 500
103 500
104 1000
105 2000
106 2000
107 1000
108 2000
109 2000
110 2000
111 2000
112 1500
113 2000
114 1000
115 1500
116 1500
117 1500
118 1500
119 1500
120 2000
121 2000
122 1000
123 1500
124 1500
125 2000
126 2000
127 1000
128 2000
129 1000
130 1500
131 1000
132 1500
133 1500
134 1500
135 2000
136 2000
137 1500
138 500
139 1500
140 1000
141 2000
142 1000
143 2000
144 2000
145 2000
146 1500
147 2000
148 2000
149 2000
150 2000
151 2000
152 2000
153 2000
154 1000
155 1000
156 1500
157 1500
158 500
159 1500
160 1500
161 500
162 500
163 2000
164 2000
165 2000
166 1500
167 1500
168 2000
169 1000
170 1500
171 1500
172 1000
173 1500
174 2000
175 1500
176 2000
177 1000
178 2000
179 2000
180 1500
181 1500
182 1500
183 1500
184 1000
185 1500
186 1000
187 1000
188 1500
189 2000
190 1000
191 1500
192 1000
193 2000
194 1000
195 2000
196 1500
197 1500
198 2000
199 2000
200 1500
201 1500
202 2000
203 1000
204 2000
205 1000
206 500
207 2000
208 2000
209 2000
210 1500
211 1500
212 1000
213 1500
214 2000
215 2000
216 1000
217 2000
218 2000
219 1500
220 500
221 500
222 1000
223 1500
224 1500
225 1000
226 1000
227 2000
228 1000
229 1000
230 1500
231 1500
232 1500
233 1500
234 1000
235 2000
236 2000
237 1500
238 1500
239 2000
240 2000
241 1500
242 2000
243 1000
244 2000
245 1500
246 1500
247 1500
248 1500
249 1500
250 2000
251 1000
252 2000
253 2000
254 1500
255 1500
256 2000
257 1000
258 2000
259 2000
260 1500
261 2000
262 1500
263 2000
264 2000
265 2000
266 1000
267 1000
268 2000
269 2000
270 1000
271 1500
272 1500
273 1500
274 1500
275 1000
276 1500
277 1500
278 1500
279 1500
280 2000
281 1000
282 2000
283 2000
284 2000
285 1500
286 1500
287 1000
288 2000
289 1500
290 1500
291 1500
292 1500
293 1500
294 1000
295 2000
296 1500
297 2000
298 2000
299 1500
300 1500
301 2000
302 1000
303 2000
304 2000
305 2000
306 2000
307 1500
308 2000
309 2000
310 1500
311 1500
312 1500
313 2000
314 1500
315 1000
316 1500
317 2000
318 1000
319 1500
320 2000
321 1000
322 1500
323 1000
324 2000
325 1500
326 1500
327 1500
328 1500
329 1000
330 1000
331 1500
332 2000
333 1000
334 1500
335 1500
336 2000
337 2000
338 1500
339 2000
340 1000
341 1000
342 1500
343 500
344 1500
345 1500
346 500
347 500
348 1500
349 2000
350 2000
351 1500
352 1000
353 1500
354 2000
355 1500
356 2000
357 2000
358 1500
359 2000
360 1500
361 1500
362 1500
363 1500
364 1500
365 1500
366 2000
367 2000
368 1000
369 2000
370 1500
371 1500
372 2000
373 1500
374 1000
375 1500
376 2000
377 2000
378 1000
379 1500
380 1500
381 1500
382 2000
383 2000
384 1000
385 1500
386 1000
387 2000
388 2000
389 2000
390 1500
391 1500
392 1500
393 1500
394 1500
395 1500
396 2000
397 2000
398 2000
399 1500
400 2000
401 2000
402 2000
403 2000
404 2000
405 1000
406 2000
407 1000
408 1500
409 2000
410 2000
411 1000
412 2000
413 2000
414 2000
415 2000
416 2000
417 1500
418 1500
419 1000
420 1500
421 1500
422 1500
423 1500
424 1500
425 1500
426 1500
427 2000
428 2000
429 2000
430 2000
431 1500
432 1000
433 1000
434 1500
435 1000
436 2000
437 1000
438 2000
439 1500
440 1000
441 2000
442 1500
443 2000
444 2000
445 2000
446 2000
447 1000
448 2000
449 2000
450 1500
451 2000
452 1000
453 1500
454 2000
455 1500
456 1500
457 2000
458 1500
459 2000
460 1000
461 1500
462 2000
463 2000
464 1000
465 1500
466 1500
467 1000
468 1500
469 2000
470 2000
471 2000
472 2000
473 1500
474 1000
475 1500
476 500
477 1500
478 1000
479 1500
480 2000
481 1000
482 1000
483 1000
484 2000
485 1500
486 1000
487 1500
488 1000
489 2000
490 1500
491 1000
492 1500
493 1000
494 1500
495 1500
496 1000
497 1000
498 2000
499 1500
500 2000
501 2000
502 1000
503 2000
504 1000
505 2000
506 2000
507 1500
508 1500
509 1000
510 2000
511 1500
512 1000
513 2000
514 2000
515 2000
516 2000
517 2000
518 2000
519 2000
520 1500
521 1500
522 1500
523 1500
524 2000
525 1000
526 2000
527 2000
528 1000
529 1000
530 2000
531 2000
532 1000
533 1500
534 1500
535 2000
536 2000
537 2000
538 2000
539 2000
540 1500
541 1500
542 1500
543 1500
544 2000
545 1000
546 2000
547 2000
548 2000
549 2000
550 1000
551 1000
552 2000
553 1500
554 1000
555 2000
556 1500
557 2000
558 2000
559 2000
560 1500
561 1500
562 1500
563 1500
564 1500
565 2000
566 1000
567 2000
568 2000
569 1500
570 2000
571 1500
572 2000
573 1500
574 2000
575 1000
576 2000
577 2000
578 1000
579 2000
580 2000
581 2000
582 2000
583 2000
584 1000
585 1500
586 1500
587 2000
588 2000
589 1000
590 1000
591 1500
592 1000
593 2000
594 1000
595 1500
596 1000
597 2000
598 2000
599 1000
600 1500
601 2000
602 1500
603 2000
604 1500
605 1500
606 1500
607 1500
608 1000
609 1500
610 1500
611 1500
612 1500
613 1500
614 1500
615 1500
616 2000
617 2000
618 1500
619 2000
620 2000
621 2000
622 2000
623 2000
624 1000
625 1000
626 2000
627 2000
628 1000
629 500
630 2000
631 2000
632 1000
633 2000
634 2000
635 1000
636 2000
637 2000
638 1000
639 2000
640 2000
641 1000
642 2000
643 1000
644 1500
645 1000
646 2000
647 2000
648 2000
649 1000
650 1500
651 2000
652 1500
653 1000
654 1000
655 1000
656 1500
657 1500
658 1000
659 500
660 500
661 500
662 1500
663 500
664 1000
665 2000
666 1000
667 1000
668 1000
669 2000
670 1500
671 1500
672 1500
673 1500
674 1500
675 1500
676 1000
677 2000
678 2000
679 2000
680 2000
681 2000
682 2000
683 1000
684 2000
685 1500
686 2000
687 2000
688 1000
689 2000
690 1000
691 2000
692 1000
693 2000
694 1000
695 1000
696 1500
697 1500
698 1500
699 1500
700 1500
701 1000
702 1000
703 2000
704 1500
705 1500
706 1000
707 2000
708 1000
709 2000
710 2000
711 2000
712 1500
713 2000
714 2000
715 1500
716 1500
717 1500
718 1500
719 1500
720 1500
721 1500
722 2000
723 2000
724 1500
725 2000
726 1500
727 1000
728 1000
729 2000
730 1000
731 1000
732 2000
733 2000
734 2000
735 1500
736 1000
737 2000
738 2000
739 2000
740 1500
741 1500
742 1500
743 1500
744 1500
745 1500
746 2000
747 2000
748 2000
749 2000
750 1500
751 2000
752 1500
753 1500
754 2000
755 1000
756 2000
757 2000
758 2000
759 1000
760 2000
761 1500
762 2000
763 2000
764 1000
765 2000
766 1000
767 2000
768 2000
769 2000
770 1500
771 1500
772 1500
773 1500
774 2000
775 2000
776 2000
777 2000
778 2000
779 1000
780 1000
781 2000
782 2000
783 2000
784 1500
785 2000
786 2000
787 2000
788 2000
789 1500
790 1500
791 1500
792 1000
793 1000
794 2000
795 2000
796 2000
797 2000
798 1000
799 1500
800 1500
801 1500
802 1500
803 1500
804 1500
805 1000
806 1500
807 2000
808 2000
809 1000
810 1000
811 2000
812 2000
813 1000
814 2000
815 1500
816 2000
817 1000
818 1500
819 1500
820 1000
821 2000
822 1000
823 1000
824 2000
825 1500
826 1500
827 1500
828 1500
829 1000
830 2000
831 1500
832 1500
833 2000
834 2000
835 2000
836 1500
837 1000
838 2000
839 2000
840 2000
841 1000
842 2000
843 2000
844 2000
845 1500
846 1500
847 1500
848 2000
849 1000
850 2000
851 2000
852 2000
853 1000
854 1500
855 1500
856 1500
857 1500
858 1500
859 1500
860 2000
861 1500
862 1000
863 1000
864 1500
865 2000
866 1000
867 2000
868 2000
869 2000
870 1000
871 1500
872 2000
873 1500
874 1500
875 2000
876 2000
877 1500
878 2000
879 1500
880 1500
881 1500
882 1000
883 2000
884 2000
885 2000
886 2000
887 2000
888 1000
889 2000
890 1500
891 1500
892 2000
893 1000
894 2000
895 2000
896 1000
897 1000
898 1000
899 1500
900 1500
901 1500
902 1500
903 1500
904 1500
905 1000
906 1500
907 2000
908 2000
909 2000
910 1000
911 2000
912 2000
913 2000
914 1500
915 2000
916 1500
917 1000
918 2000
919 1000
920 2000
921 2000
922 1000
923 2000
924 2000
925 2000
926 2000
927 1000
928 2000
929 1500
930 1000
931 1000
932 1000
933 1000
934 2000
935 1500
936 1500
937 1500
938 1500
939 1500
940 1000
941 2000
942 2000
943 1000
944 2000
945 2000
946 1500
947 1000
948 2000
949 2000
950 2000
951 1000
952 2000
953 2000
954 1000
955 1000
956 1000
957 2000
958 1500
959 1000
960 1500
961 1500
962 1000
963 1000
964 1000
965 1000
966 2000
967 2000
968 1000
969 1000
970 2000
971 1000
972 1000
973 500
974 500
975 1500
976 1500
977 1500
978 1500
979 2000
980 2000
981 2000
982 2000
983 2000
984 2000
985 1000
986 1000
987 2000
988 2000
989 2000
990 2000
991 1000
992 2000
993 1000
994 2000
995 1500
996 1000
997 1500
998 1500
999 1500
1000 1500
1001 1500
1002 1000
1003 2000
1004 2000
1005 1500
1006 1000
1007 1500
1008 2000
1009 1500
1010 1000
1011 1000
1012 500
1013 500
1014 1500
1015 2000
1016 1000
1017 2000
1018 1000
1019 1500
1020 2000
1021 1000
1022 1500
1023 2000
1024 1500
1025 2000
1026 1500
1027 1500
1028 2000
1029 1500
1030 1000
1031 1500
1032 500
1033 500
1034 500
1035 1500
1036 1500
1037 2000
1038 2000
1039 1000
1040 1500
1041 1500
1042 1500
1043 1500
1044 1500
1045 1500
1046 1500
1047 1000
1048 1000
1049 1000
1050 2000
1051 1500
1052 2000
1053 2000
1054 2000
1055 1000
1056 1500
1057 2000
1058 2000
1059 1500
1060 2000
1061 2000
1062 1500
1063 1000
1064 2000
1065 2000
1066 2000
1067 2000
1068 2000
1069 1000
1070 2000
1071 2000
1072 1500
1073 2000
1074 1500
1075 1000
1076 2000
1077 2000
1078 2000
1079 500
1080 1500
1081 1500
1082 2000
1083 1000
1084 1000
1085 2000
1086 1000
1087 1000
1088 2000
1089 1000
1090 1500
1091 1500
1092 1500
1093 1500
1094 1500
1095 2000
1096 2000
1097 2000
1098 2000
1099 1000
1100 2000
1101 1000
1102 2000
1103 2000
1104 1000
1105 2000
1106 1000
1107 2000
1108 1000
1109 2000
1110 2000
1111 1000
1112 2000
1113 2000
1114 1500
1115 1500
1116 1000
1117 1500
1118 1500
1119 1000
1120 2000
1121 1500
1122 1500
1123 1000
1124 1500
1125 1000
1126 1000
1127 2000
1128 2000
1129 1000
1130 1500
1131 1000
1132 1500
1133 2000
1134 1000
1135 2000
1136 1000
1137 2000
1138 1000
1139 1500
1140 1500
1141 1500
1142 1000
1143 1500
1144 1000
1145 1000
1146 2000
1147 1000
1148 1000
1149 2000
1150 2000
1151 1000
1152 1500
1153 2000
1154 1000
1155 2000
1156 1500
1157 500
1158 2000
1159 2000
1160 1500
1161 1000
1162 1500
1163 1000
1164 1500
1165 1500
1166 2000
1167 1500
1168 2000
1169 1500
1170 2000
1171 1500
1172 1000
1173 2000
1174 2000
1175 1500
1176 1500
1177 1500
1178 500
1179 2000
1180 2000
1181 1000
1182 2000
1183 1500
1184 1000
1185 1500
1186 2000
1187 1500
1188 2000
1189 1000
1190 1500
1191 1500
1192 2000
1193 2000
1194 2000
1195 1500
1196 2000
1197 2000
1198 2000
1199 1000

0 1 4 4
0 2 21 9
0 3 46 4
0 4 12 5
0 5 43 6
0 6 36 9
0 7 2 7
0 8 21 10
0 9 30 4
0 10 24 10
0 11 1 3
0 83 38 6
0 130 22 9
0 134 48 5
0 157 12 1
0 246 40 1
0 272 4 6
0 293 4 5
0 311 24 7
0 355 41 8
0 393 20 6
0 455 41 2
0 485 3 9
0 494 40 2
0 522 12 1
0 564 21 3
0 586 37 8
0 611 9 2
0 716 9 5
0 741 2 8
0 773 39 2
0 791 30 5
0 800 11 1
0 845 26 4
0 890 3 2
0 904 37 5
0 905 14 6
0 939 30 10
0 1092 16 9
0 1118 24 8
0 1143 23 2
0 1190 22 8
1 2 13 10
1 3 23 4
1 4 31 9
1 12 38 10
1 13 26 1
1 211 24 7
1 232 16 7
1 273 8 1
1 310 30 3
1 340 7 8
1 362 17 4
1 363 42 4
1 393 20 4
1 492 30 1
1 606 48 10
1 657 35 8
1 697 37 6
1 772 2 1
1 790 45 10
1 802 1 3
1 859 41 2
1 891 38 3
1 960 6 2
1 975 50 1
1 1045 31 8
1 1162 15 2
2 3 50 10
2 4 11 1
2 14 29 7
2 15 37 8
2 25 18 2
2 170 27 4
2 183 24 3
2 212 2 5
2 230 4 5
2 292 31 4
2 327 15 9
2 355 48 1
2 420 8 7
2 424 12 6
2 455 36 3
2 485 30 3
2 540 48 1
2 561 35 2
2 586 42 5
2 600 29 1
2 672 12 3
2 716 7 10
2 880 26 7
2 975 45 3
2 996 48 7
2 1080 43 4
3 4 44 5
3 16 32 5
3 17 31 4
3 18 26 2
3 71 17 8
3 117 43 5
3 157 24 5
3 325 17 1
3 466 50 8
3 522 13 4
3 543 37 1
3 595 30 3
3 655 30 9
3 859 10 2
3 880 32 5
3 939 4 9
3 962 27 5
3 1161 7 3
4 19 6 5
4 20 9 1
4 21 40 9
4 22 42 7
4 23 16 7
4 24 26 4
4 26 24 4
4 46 8 5
4 48 26 1
4 70 4 6
4 85 28 2
4 117 15 3
4 171 6 9
4 183 16 9
4 245 23 5
4 341 16 5
4 450 22 2
4 468 45 3
4 595 45 3
4 600 22 5
4 672 43 1
4 697 34 5
4 740 5 1
4 825 11 2
4 826 13 9
4 846 40 5
4 998 19 1
4 1030 39 5
4 1043 50 3
4 1090 22 5
4 1116 22 9
4 1142 11 7
4 1190 32 4
5 556 34 8
7 88 10 6
7 501 9 2
8 217 23 8
9 414 27 6
10 783 3 8
11 633 27 5
12 16 47 4
12 875 25 4
13 175 40 8
13 630 19 4
14 724 10 8
14 860 36 3
16 565 37 10
17 33 21 2
18 258 37 1
18 1059 1 5
19 1096 23 5
20 478 19 7
20 1125 39 4
20 1192 26 3
23 434 1 7
24 380 18 10
24 501 47 10
25 26 4 10
25 27 28 2
25 28 30 4
25 29 44 8
25 30 3 5
25 31 7 8
25 32 26 2
25 33 39 3
25 45 5 3
25 82 18 10
25 157 20 7
25 185 27 2
25 231 38 6
25 292 34 5
25 311 4 2
25 355 36 5
25 361 41 5
25 391 20 3
25 424 46 9
25 450 39 2
25 456 48 6
25 521 48 4
25 560 34 2
25 595 20 2
25 670 38 4
25 695 44 2
25 715 35 3
25 744 27 9
25 770 13 9
25 771 24 7
25 827 16 4
25 960 3 10
25 976 27 7
25 999 44 5
25 1094 25 10
25 1118 3 10
25 1160 34 3
25 1161 24 1
26 27 50 1
26 28 15 2
26 34 8 9
26 35 1 2
26 36 32 9
26 37 19 2
26 45 37 4
26 70 34 4
26 71 21 8
26 157 29 9
26 326 36 9
26 342 36 6
26 420 8 2
26 467 39 6
26 485 19 3
26 541 26 10
26 561 6 1
26 595 39 1
26 600 41 10
26 608 4 4
26 656 39 1
26 657 31 4
26 670 47 10
26 717 18 2
26 742 2 9
26 791 6 10
26 828 18 10
26 856 14 2
26 880 6 2
26 938 33 7
26 977 38 5
26 997 43 1
26 1031 10 8
26 1080 34 10
26 1093 3 6
26 1190 1 1
27 28 18 8
27 38 30 7
27 39 2 4
27 40 3 2
27 41 10 8
27 170 41 3
27 210 21 10
27 248 29 7
27 271 4 9
27 291 15 7
27 327 33 4
27 450 33 8
27 485 14 10
27 492 40 10
27 493 6 2
27 523 39 4
27 609 12 7
27 695 1 8
27 804 8 2
27 891 21 3
27 901 10 3
27 903 31 9
27 938 40 9
27 961 23 2
27 1045 12 6
27 1080 30 9
27 1142 2 2
27 1190 44 8
28 42 20 4
28 43 27 6
28 44 46 2
28 80 9 5
28 115 1 7
28 117 16 5
28 131 35 7
28 132 44 3
28 171 21 1
28 181 27 9
28 210 40 2
28 231 18 4
28 248 16 1
28 272 45 6
28 312 15 7
28 355 37 1
28 363 15 4
28 393 40 3
28 456 46 9
28 541 15 10
28 586 47 5
28 790 46 3
28 800 47 2
28 846 47 9
28 855 39 5
28 890 32 7
28 1030 46 3
28 1040 37 6
28 1117 34 4
28 1141 10 10
30 433 31 8
31 375 26 7
31 1112 8 5
32 411 47 4
34 783 37 1
34 968 48 3
35 195 9 6
35 989 41 1
37 843 22 8
38 501 41 6
38 756 25 8
40 219 6 4
41 344 23 7
41 1121 25 1
42 537 46 9
44 62 7 1
45 46 46 4
45 47 2 4
45 48 1 9
45 49 50 6
45 50 9 8
45 51 25 1
45 52 47 6
45 53 44 6
45 115 20 3
45 171 2 8
45 231 13 1
45 246 22 8
45 393 2 9
45 421 37 4
45 485 12 6
45 490 34 7
45 674 31 1
45 696 11 7
45 717 22 4
45 771 30 4
45 800 17 1
45 803 5 4
45 827 19 9
45 905 33 3
45 975 10 2
45 1031 12 4
45 1080 4 4
46 47 39 2
46 48 27 1
46 49 9 5
46 54 35 6
46 55 33 10
46 84 17 1
46 245 9 1
46 271 43 9
46 310 4 10
46 312 24 5
46 327 39 7
46 355 5 9
46 362 43 9
46 395 44 8
46 450 18 1
46 468 28 4
46 656 43 8
46 717 40 5
46 790 36 5
46 857 1 7
46 891 16 4
46 961 39 9
46 1047 11 6
46 1093 26 10
46 1116 2 2
46 1190 30 10
47 48 3 5
47 49 18 6
47 56 19 5
47 57 35 4
47 58 33 2
47 115 34 6
47 180 33 8
47 211 29 6
47 231 41 6
47 292 12 7
47 293 40 6
47 325 19 8
47 355 46 7
47 365 32 9
47 485 27 8
47 520 14 10
47 523 28 9
47 540 9 6
47 561 42 5
47 585 36 1
47 600 6 10
47 613 10 7
47 859 31 4
47 880 20 3
47 890 11 6
47 901 21 1
47 935 27 6
47 978 18 10
47 1141 12 7
47 1163 1 6
48 49 23 5
48 59 8 7
48 60 45 4
48 61 9 6
48 62 32 3
48 63 39 7
48 64 47 10
48 70 34 6
48 84 33 9
48 130 14 10
48 132 31 1
48 157 35 5
48 341 27 2
48 450 28 8
48 455 4 3
48 468 18 7
48 492 1 9
48 562 30 4
48 595 40 2
48 610 28 6
48 657 16 1
48 773 18 2
48 827 7 6
48 939 34 8
48 999 50 3
48 1031 50 2
48 1041 20 2
48 1190 19 7
49 65 27 2
49 66 21 10
49 67 18 10
49 68 41 2
49 69 10 4
49 71 10 10
49 180 49 3
49 212 14 10
49 272 2 6
49 341 42 4
49 456 13 5
49 543 45 8
49 586 33 3
49 595 27 4
49 600 21 7
49 671 20 2
49 695 34 1
49 742 34 6
49 745 16 8
49 791 27 1
49 845 41 7
49 881 21 9
49 960 2 1
49 997 48 2
49 1081 9 10
49 1093 41 4
49 1118 42 6
49 1140 50 9
49 1160 33 5
50 135 28 8
53 331 3 1
53 400 34 5
54 219 46 1
55 580 16 5
55 907 20 1
56 166 13 2
56 852 20 2
57 300 46 1
60 194 12 4
60 398 37 6
60 628 48 1
60 658 23 2
62 544 6 6
63 250 50 3
63 330 47 8
63 968 1 2
65 1074 50 3
68 721 27 9
70 71 49 4
70 72 46 2
70 73 43 3
70 74 15 6
70 75 38 3
70 76 7 8
70 77 35 6
70 81 12 10
70 116 3 8
70 133 34 1
70 171 41 9
70 185 38 9
70 210 28 3
70 213 9 7
70 231 19 2
70 232 33 5
70 270 2 4
70 293 7 2
70 312 27 9
70 326 42 6
70 327 22 7
70 341 39 2
70 342 27 2
70 363 40 9
70 390 20 1
70 423 25 4
70 425 23 2
70 450 3 3
70 455 26 5
70 468 48 8
70 485 48 7
70 492 43 10
70 542 29 4
70 560 29 8
70 585 8 1
70 595 22 7
70 600 22 7
70 655 8 1
70 696 3 9
70 697 39 8
70 716 6 7
70 718 5 5
70 771 31 5
70 773 25 5
70 804 35 5
70 828 32 5
70 845 16 6
70 855 22 5
70 880 19 8
70 881 5 2
70 904 8 10
70 961 27 9
70 1000 36 9
70 1031 41 1
70 1040 1 8
70 1080 30 9
70 1081 47 9
70 1091 15 9
70 1092 27 3
70 1116 3 3
70 1143 49 10
70 1160 42 7
70 1191 14 3
71 78 7 6
71 79 16 9
71 83 44 9
71 116 30 2
71 133 8 10
71 155 44 5
71 157 8 9
71 170 8 10
71 246 25 7
71 249 6 2
71 270 9 3
71 291 17 3
71 311 9 4
71 355 15 4
71 363 20 3
71 395 8 7
71 450 45 8
71 455 4 9
71 466 48 2
71 485 39 9
71 495 47 3
71 521 7 7
71 523 13 10
71 542 31 5
71 560 29 8
71 586 24 6
71 595 25 4
71 600 49 1
71 611 29 6
71 614 28 8
71 657 13 2
71 671 31 9
71 672 37 10
71 744 36 3
71 791 36 3
71 828 49 9
71 845 38 10
71 890 43 7
71 891 26 1
71 905 11 4
71 936 23 3
71 937 25 10
71 960 11 8
71 976 30 3
71 977 16 10
71 996 2 2
71 1030 35 4
71 1042 43 3
71 1116 9 1
71 1162 47 5
71 1190 18 6
72 1007 3 6
73 681 5 4
75 277 32 4
78 884 42 6
78 1005 2 2
80 81 31 8
80 82 19 7
80 83 13 1
80 84 46 1
80 85 43 9
80 86 34 7
80 87 42 3
80 115 33 8
80 213 46 1
80 455 2 5
80 485 24 1
80 600 6 10
80 717 33 2
80 828 15 9
80 845 40 10
80 1031 4 9
80 1162 10 4
81 82 20 7
81 83 34 5
81 84 50 9
81 85 30 7
81 86 5 5
81 88 19 1
81 89 26 7
81 90 41 7
81 91 22 9
81 92 50 5
81 93 41 5
81 157 16 9
81 232 19 1
81 271 14 7
81 290 9 2
81 310 43 4
81 326 8 3
81 327 35 8
81 355 11 8
81 456 47 6
81 494 47 2
81 695 42 6
81 890 43 4
81 1044 49 5
81 1080 20 7
81 1119 5 1
81 1142 37 1
82 83 40 10
82 84 23 4
82 85 27 4
82 86 50 6
82 94 31 7
82 131 2 8
82 212 20 2
82 230 6 5
82 292 4 6
82 363 38 6
82 365 12 10
82 520 38 2
82 600 19 10
82 607 3 1
82 672 47 6
82 744 19 5
82 791 18 9
82 803 9 10
82 804 46 10
82 855 34 8
82 859 45 10
82 1190 21 4
83 84 16 8
83 85 25 7
83 86 18 4
83 95 4 5
83 96 19 1
83 97 7 2
83 98 7 6
83 99 30 1
83 115 27 3
83 156 4 8
83 170 4 5
83 543 41 6
83 595 15 5
83 772 39 5
83 791 47 1
83 826 27 8
83 902 37 9
83 975 29 2
83 976 11 9
83 1092 23 10
84 85 43 1
84 86 44 4
84 100 40 2
84 101 33 10
84 102 44 4
84 103 44 3
84 184 45 2
84 249 4 3
84 310 22 9
84 391 43 5
84 450 21 8
84 485 3 2
84 522 2 9
84 560 21 10
84 586 33 3
84 612 16 8
84 674 28 3
84 880 23 7
84 890 9 8
84 961 21 5
84 998 27 5
84 1092 47 6
84 1190 30 10
85 86 1 4
85 104 37 6
85 105 25 4
85 106 45 5
85 170 36 6
85 341 4 7
85 355 50 7
85 395 24 5
85 421 10 6
85 465 35 10
85 491 26 2
85 586 17 3
85 595 50 2
85 696 34 10
85 880 10 1
85 904 24 7
85 939 5 1
85 961 16 4
85 1001 50 7
85 1047 42 10
85 1081 37 5
85 1142 18 3
85 1160 5 3
86 107 22 10
86 108 40 5
86 109 28 8
86 110 25 10
86 111 20 4
86 112 41 5
86 113 46 1
86 114 1 10
86 131 42 10
86 181 17 10
86 249 2 4
86 271 25 4
86 342 3 10
86 425 11 4
86 450 31 10
86 465 25 7
86 543 39 10
86 561 38 8
86 655 44 3
86 656 18 5
86 715 7 6
86 745 5 8
86 771 40 4
86 846 45 8
86 939 47 4
86 1031 42 6
86 1119 47 2
87 634 13 3
88 199 38 9
88 928 44 6
89 911 48 7
89 980 32 3
90 627 10 5
91 177 37 8
91 304 46 3
92 277 19 2
94 430 43 2
94 982 49 6
96 1003 47 8
97 940 17 7
99 917 4 5
101 1006 37 1
102 841 30 4
106 431 5 5
107 192 4 3
107 604 2 4
108 173 9 10
108 553 29 4
108 700 12 9
109 729 31 8
111 451 3 10
111 1114 22 6
112 483 22 9
112 952 38 9
115 116 41 7
115 117 35 5
115 118 25 4
115 119 28 3
115 120 36 9
115 155 16 6
115 171 10 5
115 210 39 1
115 212 14 5
115 246 23 1
115 247 36 8
115 271 3 4
115 272 4 5
115 290 34 4
115 292 2 5
115 311 39 1
115 355 49 7
115 361 2 1
115 455 16 8
115 467 15 8
115 468 34 2
115 485 4 9
115 490 5 7
115 540 49 3
115 563 32 1
115 585 37 10
115 595 33 7
115 600 22 3
115 612 48 5
115 655 39 8
115 656 3 9
115 670 36 4
115 698 48 4
115 718 20 2
115 742 33 7
115 744 36 3
115 804 17 1
115 828 29 4
115 855 7 5
115 890 2 2
115 900 3 5
115 936 40 2
115 960 39 1
115 975 20 5
115 999 26 7
115 1042 49 7
115 1081 39 5
115 1090 32 2
116 117 11 4
116 121 50 10
116 122 11 3
116 123 25 2
116 124 18 4
116 125 9 8
116 126 18 1
116 127 31 3
116 130 38 8
116 133 16 3
116 157 42 1
116 182 37 8
116 311 32 9
116 326 12 6
116 340 36 5
116 341 8 3
116 422 23 5
116 450 39 8
116 456 37 1
116 485 22 6
116 610 18 3
116 719 14 3
116 770 46 9
116 773 24 8
116 790 27 7
116 791 30 2
116 845 12 1
116 846 50 4
116 855 25 3
116 881 5 5
116 960 32 1
116 977 2 2
116 1117 37 1
116 1140 2 10
116 1142 26 10
116 1161 13 5
116 1162 20 10
116 1190 7 2
117 128 6 3
117 129 23 5
117 170 1 1
117 184 37 8
117 230 3 4
117 232 30 8
117 326 13 8
117 355 35 5
117 363 4 6
117 392 50 5
117 394 20 8
117 420 7 1
117 450 33 4
117 491 44 7
117 520 21 4
117 522 28 9
117 542 49 3
117 561 33 2
117 586 37 7
117 595 29 3
117 673 30 6
117 696 34 5
117 802 31 2
117 826 6 7
117 881 19 9
117 900 10 10
117 936 3 6
117 1000 3 7
117 1030 34 7
117 1045 4 7
117 1080 16 8
117 1090 23 9
117 1119 6 10
117 1191 10 5
118 681 15 5
118 874 35 4
119 124 22 1
119 332 9 6
119 412 30 6
122 375 16 5
122 864 49 3
123 785 50 10
124 225 30 3
124 415 12 9
124 504 2 6
124 913 28 3
129 206 38 10
130 131 17 1
130 132 43 3
130 133 41 4
130 134 27 2
130 135 8 10
130 136 41 7
130 156 20 7
130 185 3 6
130 293 50 9
130 365 13 5
130 450 17 1
130 455 18 9
130 467 23 8
130 491 45 5
130 520 29 2
130 561 24 8
130 585 37 2
130 606 2 5
130 656 36 1
130 671 50 2
130 715 49 6
130 845 19 6
130 890 32 9
130 937 8 9
130 978 37 3
130 1042 35 4
130 1190 10 2
131 132 8 2
131 133 10 7
131 134 49 3
131 137 29 10
131 138 26 2
131 139 1 8
131 171 2 8
131 246 29 7
131 273 29 2
131 312 42 1
131 391 43 7
131 425 8 7
131 485 3 8
131 600 6 6
131 610 36 2
131 674 12 2
131 745 40 5
131 791 35 7
131 858 21 9
131 881 31 5
131 900 17 1
131 936 43 7
131 961 22 4
131 1001 17 9
131 1080 46 8
131 1090 17 1
131 1115 28 9
132 133 28 8
132 134 35 9
132 140 44 5
132 141 48 9
132 142 49 2
132 143 48 10
132 144 3 5
132 157 12 1
132 180 22 5
132 212 2 7
132 232 16 6
132 311 7 3
132 340 50 1
132 355 10 2
132 456 12 10
132 485 11 9
132 595 33 9
132 695 34 2
132 697 28 2
132 772 2 6
132 773 9 7
132 826 17 3
132 903 38 1
132 1031 4 10
132 1115 1 2
132 1140 18 7
132 1163 1 1
132 1190 50 4
133 134 3 6
133 145 21 8
133 146 27 4
133 147 49 4
133 148 5 5
133 212 40 6
133 325 34 4
133 326 26 1
133 341 14 10
133 364 3 2
133 391 19 1
133 494 14 2
133 542 33 6
133 600 45 8
133 656 29 7
133 717 27 9
133 740 20 8
133 791 47 7
133 803 2 7
133 804 20 1
133 825 47 10
133 845 30 8
133 881 50 2
133 891 45 3
133 997 16 10
133 1030 10 8
133 1094 20 3
133 1141 16 1
133 1160 45 8
134 149 37 1
134 150 5 2
134 151 21 3
134 152 13 5
134 153 47 6
134 154 10 3
134 170 6 4
134 232 8 2
134 245 18 10
134 272 18 9
134 291 9 2
134 355 14 3
134 450 31 5
134 465 30 4
134 540 21 10
134 562 11 7
134 586 47 4
134 859 25 2
134 962 1 1
134 976 12 4
134 1045 24 7
134 1080 47 7
136 265 7 5
136 686 11 4
137 261 33 1
137 862 46 10
139 952 10 1
139 1154 10 9
141 446 18 7
142 573 6 4
144 652 43 5
146 568 41 4
147 457 43 7
148 834 37 1
149 367 24 1
150 304 31 3
150 1100 21 8
150 1109 35 8
151 1177 7 6
153 689 21 3
154 675 17 1
155 156 44 9
155 157 8 9
155 158 16 8
155 159 7 2
155 160 26 6
155 161 45 1
155 162 43 3
155 170 20 1
155 181 36 1
155 213 11 10
155 230 3 2
155 249 28 3
155 270 29 3
155 311 15 10
155 325 24 2
155 326 48 4
155 340 9 7
155 394 29 7
155 395 15 7
155 421 45 7
155 456 27 7
155 467 21 9
155 485 32 1
155 490 24 9
155 492 24 4
155 585 16 2
155 600 11 7
155 609 49 4
155 614 17 3
155 657 10 5
155 673 32 2
155 696 17 5
155 716 21 4
155 790 40 3
155 791 36 2
155 800 21 6
155 825 29 4
155 845 30 5
155 856 16 5
155 859 44 2
155 881 1 3
155 937 47 10
155 962 30 2
155 977 19 1
155 1001 50 10
155 1043 40 6
155 1140 11 5
155 1142 14 6
155 1190 29 3
156 157 13 6
156 163 37 9
156 164 21 9
156 165 37 10
156 171 35 8
156 184 31 5
156 211 40 4
156 249 26 2
156 270 1 2
156 293 3 2
156 355 11 4
156 363 36 8
156 456 34 1
156 465 15 8
156 595 22 5
156 741 9 5
156 771 31 5
156 772 11 1
156 801 41 4
156 825 12 3
156 845 31 7
156 880 27 2
156 890 10 10
156 891 32 8
156 905 31 8
156 996 3 4
156 1031 12 4
156 1045 48 1
156 1080 29 10
156 1081 27 9
156 1164 19 7
156 1191 12 10
157 166 23 9
157 167 32 1
157 168 48 10
157 169 29 2
157 231 2 4
157 290 32 7
157 340 29 4
157 355 14 3
157 364 39 4
157 423 24 5
157 450 23 5
157 520 30 4
157 543 38 2
157 561 32 2
157 562 29 9
157 595 4 3
157 600 28 7
157 671 22 1
157 695 8 10
157 745 33 6
157 902 20 9
157 935 11 10
157 962 18 3
157 977 14 4
157 1030 42 6
157 1092 1 6
157 1094 11 7
157 1116 38 8
157 1118 35 4
157 1165 40 10
159 553 15 10
159 555 20 3
159 1011 33 6
160 446 18 4
160 1056 23 1
162 922 39 3
163 334 23 6
164 282 12 8
166 582 4 5
167 733 39 1
167 876 43 6
168 278 11 8
168 319 42 10
169 866 21 4
170 171 48 2
170 172 33 3
170 173 8 9
170 174 15 4
170 175 16 2
170 181 50 6
170 210 27 9
170 231 42 5
170 246 21 4
170 248 23 4
170 270 40 3
170 310 44 4
170 311 16 8
170 327 4 5
170 340 50 8
170 355 17 1
170 392 44 7
170 395 27 10
170 450 26 1
170 485 47 2
170 540 26 8
170 542 5 7
170 561 12 8
170 564 11 2
170 585 2 5
170 595 9 7
170 600 48 10
170 611 40 10
170 673 4 3
170 697 45 2
170 698 24 3
170 717 4 3
170 719 27 9
170 740 42 5
170 770 40 4
170 790 23 9
170 826 34 3
170 846 35 5
170 880 5 1
170 891 42 4
170 906 2 6
170 935 9 7
170 962 4 7
170 1047 50 2
170 1080 28 8
170 1081 12 6
170 1093 23 9
170 1118 20 9
170 1140 16 8
170 1162 5 8
170 1190 11 8
171 176 48 8
171 177 6 5
171 178 32 5
171 179 34 8
171 181 41 4
171 211 31 7
171 270 19 1
171 291 17 9
171 293 25 8
171 327 3 3
171 341 23 5
171 361 38 3
171 420 33 2
171 422 16 1
171 450 18 1
171 455 34 5
171 456 34 3
171 466 28 1
171 468 17 7
171 485 46 2
171 490 15 2
171 492 47 1
171 520 2 7
171 522 5 5
171 586 40 1
171 595 4 5
171 600 33 9
171 608 16 9
171 655 42 7
171 742 47 9
171 770 50 9
171 790 14 7
171 801 2 6
171 804 20 7
171 826 42 3
171 855 30 6
171 858 16 1
171 891 47 5
171 901 44 5
171 936 33 10
171 960 36 4
171 976 31 5
171 977 44 5
171 995 31 9
171 1001 27 1
171 1031 12 4
171 1045 37 8
171 1092 50 8
171 1115 18 4
171 1163 17 2
172 993 22 2
173 1085 34 7
174 604 33 8
176 990 44 4
176 1192 48 3
177 321 22 1
178 196 6 4
178 735 34 9
179 876 44 3
180 181 50 8
180 182 40 2
180 183 1 6
180 184 48 10
180 185 23 1
180 186 38 10
180 187 7 9
180 188 38 1
180 189 48 10
180 245 25 6
180 271 18 9
180 340 44 10
180 423 43 5
180 542 43 2
180 543 20 1
180 600 43 3
180 672 38 8
180 698 15 8
180 716 24 5
180 745 19 5
180 791 43 10
180 857 27 1
180 859 1 9
180 1031 50 7
180 1191 35 10
181 182 31 3
181 183 26 1
181 184 31 2
181 185 34 8
181 190 25 4
181 191 40 6
181 192 31 10
181 193 17 5
181 194 9 2
181 195 34 10
181 196 27 8
181 197 22 10
181 293 13 4
181 327 7 2
181 342 42 4
181 465 44 5
181 561 25 6
181 562 48 2
181 600 23 5
181 742 13 4
181 770 46 4
181 828 27 5
181 890 43 3
181 1044 32 4
181 1118 36 6
181 1191 32 4
182 183 20 5
182 184 46 7
182 185 30 3
182 198 3 6
182 199 27 8
182 200 19 2
182 311 31 4
182 394 1 4
182 520 42 5
182 522 22 8
182 595 14 6
182 657 10 3
182 719 27 1
182 791 12 6
182 1081 32 7
183 184 47 3
183 185 42 9
183 201 27 2
183 202 20 5
183 203 6 3
183 204 49 1
183 205 42 3
183 212 34 5
183 231 40 7
183 249 5 6
183 310 19 1
183 325 6 1
183 355 17 8
183 361 12 6
183 395 34 3
183 455 50 2
183 493 48 7
183 608 21 2
183 801 47 3
183 826 12 10
183 900 13 9
183 961 11 4
183 978 6 10
183 1030 32 3
183 1044 19 8
183 1081 46 10
183 1094 29 2
183 1116 21 8
183 1163 23 2
183 1164 5 7
184 185 37 10
184 206 43 10
184 292 48 7
184 355 23 5
184 423 2 4
184 450 14 5
184 455 27 7
184 468 36 2
184 485 24 7
184 492 7 6
184 611 49 4
184 674 21 6
184 771 4 3
184 845 27 1
184 904 29 3
184 1000 27 7
184 1092 37 3
185 207 20 7
185 208 20 6
185 209 38 3
185 213 38 4
185 230 38 3
185 270 39 6
185 360 40 10
185 450 18 5
185 485 35 9
185 585 13 2
185 655 8 2
185 696 10 10
185 802 45 3
185 845 16 5
185 881 46 9
185 890 23 7
185 935 40 4
185 936 10 7
185 961 17 10
185 1001 46 9
185 1141 17 4
185 1143 21 3
186 251 27 4
188 1053 21 4
190 499 24 1
191 795 30 1
193 379 25 9
193 470 28 6
193 530 26 6
195 879 29 1
195 1095 5 2
197 382 50 1
198 572 7 2
199 1029 25 9
199 1194 12 2
200 1073 39 6
201 227 7 9
205 241 5 3
207 224 44 8
207 458 36 9
208 442 35 2
210 211 33 2
210 212 36 9
210 213 19 7
210 214 10 5
210 215 38 1
210 216 44 1
210 217 45 10
210 311 22 7
210 326 35 6
210 342 22 5
210 355 45 10
210 364 22 4
210 450 19 7
210 521 36 10
210 600 37 1
210 607 29 3
210 611 1 6
210 740 12 1
210 770 36 7
210 826 42 9
210 901 25 9
210 939 5 7
210 961 41 2
210 977 36 4
210 997 35 4
210 1000 44 2
210 1080 47 2
210 1115 33 2
210 1141 45 1
211 212 12 9
211 213 6 3
211 218 29 10
211 293 48 8
211 355 7 2
211 394 26 2
211 456 16 10
211 465 23 2
211 490 8 1
211 561 34 3
211 655 26 10
211 657 7 6
211 674 42 5
211 745 8 7
211 791 16 1
211 825 25 7
211 846 14 6
211 856 4 9
211 881 32 9
211 962 37 8
211 1040 12 8
211 1041 47 6
211 1163 23 8
212 213 50 4
212 219 46 7
212 220 44 1
212 221 13 4
212 232 2 6
212 247 18 1
212 272 31 3
212 293 36 10
212 311 46 5
212 340 12 5
212 465 16 4
212 485 45 10
212 542 14 7
212 585 15 4
212 586 40 1
212 595 23 5
212 671 26 5
212 718 1 3
212 791 22 5
212 801 20 3
212 845 7 3
212 891 38 4
212 978 17 2
212 1030 37 4
212 1080 25 5
212 1090 48 10
212 1191 37 7
213 222 41 2
213 223 31 5
213 224 20 9
213 225 49 5
213 226 33 4
213 227 31 6
213 228 3 4
213 229 4 8
213 230 15 4
213 245 49 10
213 272 24 6
213 327 46 3
213 363 48 8
213 390 21 1
213 421 36 6
213 424 17 9
213 450 49 8
213 492 32 5
213 523 43 10
213 542 50 2
213 560 49 7
213 600 7 3
213 696 2 9
213 715 3 7
213 772 23 8
213 803 17 9
213 858 38 1
213 890 43 9
213 900 22 1
213 939 11 4
213 1031 24 3
213 1093 28 10
213 1119 28 9
213 1141 17 6
213 1161 39 6
214 380 43 3
215 349 15 3
215 981 26 7
216 661 20 5
217 507 4 5
217 1057 12 9
220 991 5 8
223 786 12 6
223 931 38 5
225 1075 9 5
230 231 18 8
230 232 4 4
230 233 31 1
230 234 8 10
230 235 13 5
230 236 13 6
230 237 3 6
230 238 41 1
230 249 46 1
230 290 2 1
230 311 24 3
230 327 35 2
230 392 33 8
230 421 26 9
230 450 50 9
230 455 13 3
230 456 3 9
230 466 12 4
230 468 34 5
230 585 3 5
230 586 26 3
230 595 11 4
230 600 18 8
230 607 21 6
230 609 28 8
230 674 19 3
230 740 12 10
230 791 21 4
230 801 46 10
230 845 6 6
230 881 12 5
230 939 39 2
230 961 15 7
230 977 27 2
230 1119 48 8
230 1190 23 5
231 232 12 5
231 239 45 10
231 240 19 7
231 271 44 2
231 273 26 6
231 292 27 8
231 326 46 7
231 342 42 7
231 355 39 8
231 360 39 1
231 363 48 5
231 450 34 10
231 485 32 6
231 494 50 1
231 521 35 5
231 540 38 2
231 561 32 7
231 655 42 4
231 656 15 6
231 697 29 3
231 717 30 9
231 801 16 5
231 825 49 3
231 826 42 8
231 846 28 7
231 855 27 5
231 859 35 7
231 881 3 10
231 891 22 8
231 962 42 4
231 977 35 5
231 996 31 2
231 1030 27 7
231 1044 3 3
231 1115 14 9
231 1142 9 2
231 1161 12 6
231 1190 6 8
232 241 13 5
232 242 2 6
232 243 14 5
232 244 25 8
232 247 39 8
232 310 3 8
232 340 27 8
232 394 30 9
232 422 43 4
232 485 47 10
232 494 3 9
232 520 9 7
232 564 38 9
232 595 1 1
232 600 3 4
232 670 1 2
232 718 35 6
232 742 13 5
232 770 38 10
232 771 27 4
232 791 40 3
232 891 45 5
232 906 33 6
232 935 42 7
232 1000 13 9
232 1030 15 4
232 1045 32 2
232 1081 35 2
232 1092 34 4
232 1094 43 5
232 1142 34 5
232 1160 36 1
233 749 1 6
233 1006 22 1
234 315 35 4
234 571 50 9
235 752 48 2
235 1152 34 5
237 457 22 4
238 555 20 8
239 573 30 2
239 620 36 8
239 760 4 5
239 911 5 7
240 989 16 8
241 1159 4 1
242 691 48 1
242 1130 16 1
244 851 1 2
245 246 23 4
245 247 36 6
245 248 38 7
245 249 35 1
245 250 3 8
245 251 18 1
245 252 35 5
245 271 13 1
245 312 10 4
245 326 37 8
245 355 24 1
245 363 12 5
245 390 23 4
245 543 49 3
245 600 2 7
245 696 16 7
245 741 42 3
245 791 31 9
245 801 2 4
245 825 18 1
245 1030 11 1
245 1094 41 2
245 1162 41 5
246 247 27 4
246 248 47 4
246 249 17 7
246 253 45 10
246 254 10 3
246 255 24 3
246 256 41 4
246 291 16 10
246 485 11 3
246 522 7 3
246 564 21 4
246 595 9 6
246 600 48 10
246 716 4 1
246 743 20 8
246 802 31 6
246 845 27 4
246 881 8 3
246 999 27 5
246 1142 3 8
247 248 41 6
247 249 26 9
247 257 48 4
247 258 23 5
247 259 48 5
247 260 9 3
247 271 18 2
247 290 5 4
247 310 32 2
247 326 7 10
247 340 26 8
247 363 47 3
247 394 6 2
247 423 7 3
247 425 22 6
247 456 10 1
247 541 31 7
247 595 34 4
247 607 32 8
247 609 8 2
247 674 34 3
247 716 37 9
247 773 22 8
247 846 49 3
247 859 38 5
247 904 28 6
247 975 38 2
247 1046 14 1
248 249 50 10
248 261 21 1
248 262 9 10
248 263 44 6
248 264 15 4
248 265 42 7
248 266 27 9
248 267 3 9
248 450 33 2
248 485 19 10
248 492 35 4
248 520 30 6
248 564 43 1
248 585 46 10
248 656 39 2
248 698 49 9
248 771 18 5
248 791 13 6
248 827 48 6
248 857 31 9
248 881 1 3
248 890 11 2
248 906 33 5
248 936 42 5
248 977 23 2
248 1001 19 8
248 1080 14 4
248 1115 15 6
248 1141 4 9
248 1161 45 5
248 1190 4 6
249 268 34 10
249 269 11 7
249 355 7 4
249 456 20 10
249 466 45 1
249 493 36 5
249 586 34 3
249 655 40 7
249 672 29 7
249 891 44 1
249 937 1 5
249 960 4 7
249 961 22 9
249 1030 6 5
249 1047 1 1
249 1094 3 3
249 1119 14 4
249 1190 5 7
253 601 29 8
254 339 26 1
254 797 13 2
255 591 28 6
255 835 10 2
258 872 48 9
258 877 33 1
260 763 16 7
260 805 37 4
262 851 23 5
263 475 38 9
264 557 23 9
264 1059 19 6
269 1192 39 5
270 271 44 7
270 272 25 7
270 273 34 8
270 274 4 1
270 275 9 7
270 276 50 3
270 277 40 9
270 292 8 3
270 293 23 5
270 326 28 6
270 361 33 3
270 420 44 8
270 422 29 8
270 485 17 8
270 490 15 1
270 585 37 9
270 672 24 3
270 719 27 8
270 771 7 7
270 791 35 2
270 803 29 4
270 859 1 6
270 901 40 10
270 937 21 1
270 960 24 9
270 961 23 3
270 978 35 6
270 998 36 3
270 1043 31 9
270 1080 28 2
270 1143 5 6
271 272 12 5
271 273 39 5
271 278 16 3
271 279 3 6
271 280 44 8
271 281 11 6
271 282 14 10
271 283 10 8
271 311 39 5
271 355 19 9
271 456 21 10
271 522 7 2
271 541 46 10
271 600 10 8
271 610 9 7
271 655 16 2
271 773 16 1
271 801 46 2
271 845 50 3
271 1000 25 1
271 1030 44 10
271 1080 14 10
271 1116 15 10
271 1160 7 1
272 273 11 5
272 284 9 4
272 285 10 4
272 286 16 7
272 355 43 6
272 361 16 5
272 450 45 9
272 467 19 5
272 485 40 3
272 523 32 3
272 560 17 3
272 563 17 4
272 595 13 9
272 600 20 9
272 657 28 6
272 695 1 9
272 716 41 5
272 742 42 7
272 825 25 7
272 826 11 4
272 845 18 6
272 880 24 8
272 890 29 9
272 938 20 3
272 1031 38 9
272 1094 11 9
272 1118 34 9
272 1165 14 1
273 287 16 9
273 288 32 8
273 289 7 10
273 311 36 6
273 327 28 6
273 341 7 3
273 390 18 3
273 392 26 3
273 450 48 4
273 465 44 1
273 491 10 8
273 542 24 9
273 585 29 2
273 595 37 1
273 610 7 10
273 672 18 7
273 696 42 7
273 743 40 10
273 790 21 3
273 859 8 1
273 880 12 6
273 890 13 2
273 900 29 3
273 977 32 9
273 1045 13 3
273 1090 28 7
273 1141 24 4
273 1190 49 7
273 1191 4 10
274 688 3 6
274 883 2 3
274 955 36 8
275 1055 37 7
275 1083 27 10
275 1187 27 10
276 1149 45 3
279 580 18 4
279 622 2 5
280 1124 15 9
281 296 18 2
281 458 15 1
281 532 48 9
282 832 28 7
284 426 49 5
285 398 47 2
286 438 9 1
289 945 47 2
290 291 37 2
290 292 14 9
290 293 14 2
290 294 26 10
290 295 35 2
290 296 24 4
290 311 8 3
290 363 42 4
290 422 33 8
290 450 25 9
290 485 45 10
290 492 39 9
290 523 7 1
290 586 7 9
290 595 30 1
290 600 44 4
290 673 22 5
290 695 26 2
290 716 41 7
290 845 27 8
290 846 45 6
290 891 9 6
290 901 41 1
290 904 45 2
290 937 25 3
290 978 41 2
290 1040 25 10
290 1116 27 1
290 1143 31 7
290 1190 22 7
291 292 4 10
291 293 4 4
291 297 38 9
291 298 29 4
291 299 2 10
291 300 30 9
291 301 22 2
291 327 25 2
291 341 3 5
291 392 43 4
291 455 48 3
291 456 40 2
291 465 40 4
291 492 17 1
291 540 36 1
291 542 37 8
291 560 2 6
291 600 36 2
291 674 26 6
291 697 17 5
291 718 39 5
291 790 16 2
291 800 2 8
291 859 40 9
291 962 49 5
291 978 22 6
291 998 50 2
291 1093 34 9
291 1163 29 8
292 293 23 5
292 302 10 4
292 303 1 1
292 304 48 1
292 305 42 2
292 311 27 8
292 355 20 9
292 364 26 3
292 466 16 7
292 520 20 6
292 564 41 8
292 586 47 9
292 655 28 10
292 742 34 7
292 745 6 9
292 790 49 7
292 827 37 6
292 856 7 9
292 881 42 3
292 890 20 1
292 1030 10 1
292 1031 9 8
292 1043 50 3
292 1080 19 3
292 1092 7 2
293 306 33 1
293 307 11 10
293 308 45 5
293 309 37 4
293 327 20 6
293 340 35 4
293 355 6 7
293 395 8 1
293 423 41 2
293 485 21 7
293 595 49 3
293 609 29 9
293 613 24 3
293 655 29 1
293 772 32 3
293 773 1 8
293 800 22 1
293 881 17 2
293 935 40 4
293 962 25 2
293 1001 25 8
293 1080 26 2
293 1118 18 7
293 1143 28 1
293 1163 41 9
293 1190 42 4
295 508 37 10
295 598 15 5
295 618 41 4
296 620 21 6
296 693 21 5
296 1167 48 5
299 524 15 4
300 428 50 4
300 777 31 10
301 1109 47 2
302 584 45 6
304 949 12 2
305 371 9 1
305 873 24 10
306 379 19 7
306 682 23 8
307 388 32 7
310 311 41 10
310 312 29 8
310 313 14 2
310 314 40 2
310 315 49 10
310 316 48 6
310 325 15 8
310 341 3 10
310 455 30 6
310 465 45 7
310 485 37 9
310 520 50 2
310 540 31 4
310 585 28 1
310 595 31 9
310 657 1 3
310 673 8 5
310 698 29 1
310 719 37 10
310 742 35 1
310 791 11 8
310 828 15 8
310 858 26 4
310 881 50 9
310 890 36 1
310 937 49 9
310 976 17 2
310 977 9 3
310 995 22 9
310 1001 50 9
310 1030 49 8
310 1044 11 7
310 1081 1 7
310 1092 12 7
310 1119 18 5
310 1141 34 5
310 1143 1 5
310 1161 14 8
310 1163 3 5
310 1191 38 7
311 312 16 8
311 317 48 7
311 318 34 8
311 319 38 8
311 326 50 10
311 355 31 8
311 361 48 9
311 392 35 6
311 394 32 3
311 422 43 6
311 450 49 10
311 491 12 9
311 495 41 4
311 542 45 4
311 563 38 3
311 564 35 10
311 600 19 7
311 613 1 1
311 674 23 10
311 719 27 4
311 790 10 10
311 845 22 3
311 859 1 6
311 890 17 4
311 904 12 3
311 962 50 2
311 1117 28 10
312 320 35 6
312 321 44 9
312 322 45 4
312 323 5 1
312 324 27 8
312 340 16 7
312 364 34 6
312 424 9 4
312 450 1 4
312 485 21 6
312 520 13 8
312 595 22 1
312 600 39 8
312 608 18 2
312 656 9 2
312 698 45 7
312 745 20 3
312 772 22 6
312 773 38 6
312 802 29 10
312 804 19 2
312 828 9 1
312 846 34 10
312 880 40 4
312 904 25 7
312 962 19 2
312 1030 2 2
312 1047 19 10
312 1080 40 8
312 1091 3 10
312 1190 50 7
313 499 22 5
314 934 14 8
314 1139 16 2
316 875 4 6
320 861 11 6
320 934 9 8
320 1056 1 9
322 602 49 5
322 981 50 8
324 535 14 2
325 326 50 3
325 327 2 2
325 328 21 8
325 329 45 2
325 330 33 9
325 331 28 4
325 332 31 3
325 342 45 5
325 355 2 10
325 391 25 5
325 422 26 5
325 424 40 9
325 450 18 2
325 455 46 9
325 468 21 2
325 485 11 5
325 493 32 2
325 495 12 2
325 521 2 8
325 542 18 10
325 562 47 10
325 595 3 1
325 607 48 3
325 672 19 2
325 715 29 10
325 740 11 3
325 770 49 10
325 771 47 4
325 802 4 5
325 891 3 10
325 960 2 9
325 1040 34 3
325 1046 22 4
325 1080 10 9
325 1093 43 1
325 1190 39 1
326 327 41 8
326 333 24 3
326 334 5 3
326 335 16 10
326 336 16 4
326 355 7 10
326 362 44 6
326 364 27 1
326 393 31 6
326 450 7 2
326 467 34 10
326 560 22 4
326 600 2 5
326 656 35 5
326 717 30 2
326 825 17 6
326 846 15 6
326 857 45 2
326 880 34 3
326 903 5 2
326 904 32 8
326 977 39 8
326 997 3 5
326 1030 11 10
326 1031 9 5
326 1090 33 7
326 1119 34 4
326 1143 12 4
327 337 43 6
327 338 21 1
327 339 30 4
327 340 9 1
327 455 29 9
327 485 16 6
327 521 43 5
327 541 15 5
327 586 46 6
327 600 13 5
327 613 23 4
327 657 2 6
327 673 33 3
327 695 3 3
327 744 19 8
327 790 15 3
327 800 28 3
327 828 45 8
327 845 7 1
327 855 48 7
327 881 4 10
327 891 4 9
327 936 1 8
327 937 31 6
327 960 41 8
327 1000 33 2
327 1116 2 8
327 1143 43 4
327 1165 15 10
327 1191 35 4
328 503 16 9
331 357 22 1
331 358 50 5
331 1128 21 8
332 582 42 8
332 914 29 4
335 414 29 1
335 766 14 2
336 477 38 10
337 665 17 2
338 738 1 10
340 341 14 9
340 342 25 2
340 343 15 4
340 344 5 9
340 355 9 5
340 362 19 7
340 395 11 6
340 425 19 4
340 450 24 3
340 465 43 7
340 485 7 9
340 523 16 9
340 540 45 6
340 600 42 4
340 611 14 5
340 657 31 5
340 671 18 3
340 715 6 4
340 743 8 5
340 770 43 8
340 790 41 7
340 846 2 7
340 858 33 10
340 890 34 5
340 891 39 4
340 900 44 10
340 960 34 8
340 976 42 3
340 1080 26 6
340 1090 37 4
340 1161 14 7
340 1190 29 8
341 342 45 6
341 345 14 3
341 346 18 3
341 347 46 9
341 348 10 2
341 355 40 8
341 391 17 6
341 425 32 3
341 456 43 2
341 485 19 1
341 523 24 5
341 540 46 7
341 562 38 4
341 585 37 3
341 611 50 7
341 698 20 3
341 716 23 8
341 773 35 6
341 802 10 3
341 846 22 5
341 881 25 2
341 906 13 4
341 935 17 1
341 1001 15 5
341 1030 18 9
341 1041 33 10
341 1046 14 5
341 1081 32 7
341 1116 27 9
341 1141 28 3
341 1142 47 10
341 1190 3 3
342 349 21 6
342 350 44 6
342 351 8 9
342 352 50 5
342 353 9 1
342 354 20 7
342 361 13 3
342 450 1 1
342 455 14 5
342 493 17 9
342 495 13 5
342 561 31 2
342 595 29 6
342 600 1 10
342 655 36 6
342 672 16 8
342 698 33 2
342 741 7 8
342 791 22 2
342 802 33 5
342 825 34 3
342 856 11 2
342 881 39 10
342 939 45 5
342 962 13 7
342 977 41 3
342 998 30 2
342 1030 34 2
342 1093 37 6
342 1119 30 1
342 1164 41 6
344 634 36 5
344 813 22 7
345 620 48 2
345 690 14 3
348 354 26 6
348 724 43 4
348 953 50 3
348 1086 20 5
349 462 48 10
351 369 23 4
351 582 50 7
353 1146 27 10
355 356 1 4
355 357 14 7
355 358 34 2
355 359 28 7
355 360 31 10
355 361 16 6
355 390 45 2
355 393 1 10
355 421 6 7
355 424 21 4
355 450 6 4
355 455 35 9
355 467 44 8
355 468 34 10
355 485 22 9
355 491 6 10
355 492 44 8
355 522 10 8
355 540 26 1
355 541 18 4
355 562 6 6
355 564 43 2
355 585 41 10
355 595 13 2
355 600 14 2
355 612 13 4
355 614 15 9
355 655 32 1
355 657 44 3
355 674 15 3
355 695 36 7
355 698 28 8
355 715 15 7
355 716 7 2
355 743 10 10
355 744 13 7
355 770 38 5
355 773 29 4
355 791 10 7
355 803 17 2
355 826 3 5
355 827 17 6
355 845 13 4
355 846 36 4
355 856 8 6
355 858 19 10
355 880 39 9
355 881 31 4
355 890 10 3
355 891 23 2
355 904 23 4
355 905 35 9
355 939 33 8
355 960 9 8
355 962 50 6
355 975 48 4
355 978 4 8
355 1001 19 7
355 1031 49 8
355 1040 31 8
355 1044 31 2
355 1080 17 9
355 1081 28 9
355 1090 32 8
355 1092 2 1
355 1118 1 4
355 1119 9 2
355 1140 34 5
355 1161 2 3
355 1191 37 9
356 571 34 5
357 847 7 4
358 489 14 5
359 569 43 8
360 182 39 4
360 361 31 3
360 362 20 4
360 363 4 5
360 364 45 10
360 365 38 2
360 366 15 6
360 367 24 5
360 368 19 3
360 391 14 5
360 465 45 7
360 495 7 10
360 522 3 10
360 743 48 8
360 1001 41 1
360 1069 18 7
360 1092 26 3
361 362 38 7
361 363 24 2
361 364 6 9
361 365 8 9
361 369 42 4
361 370 9 3
361 371 22 2
361 372 28 2
361 373 10 9
361 450 42 6
361 485 49 1
361 600 19 2
361 656 39 5
361 697 21 1
361 715 15 2
361 717 40 10
361 772 6 8
361 855 45 8
361 880 45 2
361 890 44 1
361 976 37 2
361 978 35 2
361 1094 50 7
361 1116 38 6
361 1163 12 8
362 363 26 3
362 364 23 7
362 365 44 7
362 374 19 10
362 375 13 6
362 376 49 6
362 377 20 9
362 378 17 6
362 490 16 6
362 520 36 8
362 541 24 10
362 560 8 6
362 585 46 2
362 606 44 5
362 671 41 10
362 695 39 4
362 791 29 10
362 804 48 6
362 845 21 1
362 937 24 7
362 1043 39 7
362 1080 35 2
363 364 21 2
363 365 10 3
363 379 18 5
363 380 36 5
363 381 18 3
363 382 20 10
363 390 22 10
363 423 41 9
363 456 23 2
363 485 30 1
363 563 21 5
363 586 49 3
363 657 19 9
363 670 31 9
363 891 43 7
363 937 6 10
363 995 35 1
363 1041 45 6
363 1190 49 6
364 365 5 4
364 383 42 4
364 384 26 1
364 385 5 7
364 450 32 6
364 455 2 7
364 542 24 2
364 745 31 8
364 770 25 6
364 791 37 9
364 803 16 8
364 825 31 5
364 828 9 7
364 962 24 9
364 1030 42 5
364 1031 21 5
364 1080 20 1
364 1141 12 8
365 386 13 7
365 387 38 6
365 388 12 1
365 389 36 2
365 424 4 2
365 466 23 6
365 595 6 3
365 607 44 10
365 856 10 5
365 881 46 2
365 900 20 2
365 906 50 8
365 962 1 1
365 1117 41 9
365 1143 37 2
365 1164 33 6
365 1190 19 3
368 528 29 9
370 514 50 2
370 1059 22 6
371 747 46 5
371 759 27 3
371 874 40 6
373 410 6 9
373 1109 10 2
373 1121 33 8
374 615 48 6
376 385 20 10
376 916 11 3
377 886 41 9
377 929 24 7
377 1192 27 6
378 854 11 5
379 758 47 4
380 783 33 1
380 829 49 9
381 775 50 3
381 836 48 4
381 1149 22 4
383 704 48 8
383 967 42 8
384 504 50 7
384 653 39 10
384 1024 41 9
385 1017 24 2
386 1156 34 10
388 416 42 2
389 815 15 2
390 391 34 8
390 392 13 4
390 393 8 6
390 394 20 3
390 395 25 6
390 396 41 6
390 397 2 2
390 455 29 10
390 466 9 6
390 491 25 6
390 493 49 7
390 520 9 1
390 595 30 6
390 670 32 8
390 696 9 3
390 770 14 9
390 790 43 5
390 845 49 10
390 902 43 2
390 937 47 1
390 962 10 8
390 998 28 9
390 1030 16 9
390 1091 29 4
390 1117 47 5
391 392 9 1
391 393 46 10
391 394 33 8
391 395 8 2
391 398 18 8
391 399 40 1
391 400 10 1
391 401 23 10
391 422 2 8
391 450 8 2
391 468 7 9
391 523 42 5
391 562 38 5
391 600 43 2
391 656 22 6
391 657 24 5
391 670 4 7
391 698 31 9
391 715 42 8
391 856 10 3
391 976 37 5
391 1191 49 7
392 393 3 4
392 394 6 3
392 395 41 1
392 402 11 5
392 403 41 1
392 404 10 6
392 405 10 2
392 406 18 5
392 407 7 5
392 408 3 1
392 485 5 4
392 585 20 9
392 600 31 4
392 613 6 4
392 791 35 5
392 828 14 10
392 880 4 1
392 937 2 4
392 998 26 10
392 1046 8 9
393 394 7 5
393 395 16 7
393 409 38 2
393 410 22 1
393 411 34 9
393 412 47 8
393 450 17 4
393 485 7 1
393 540 7 1
393 595 37 1
393 741 15 8
393 744 42 10
393 828 46 10
393 855 32 2
393 962 10 3
393 1142 32 1
394 395 3 5
394 413 48 1
394 414 49 9
394 456 29 9
394 541 18 1
394 612 29 5
394 771 45 3
394 801 2 9
394 845 40 10
394 881 6 3
394 890 22 1
394 902 2 10
394 975 25 4
394 1042 28 6
394 1080 26 10
394 1093 17 9
394 1117 37 6
394 1160 36 7
395 415 24 5
395 416 6 4
395 417 30 5
395 418 38 4
395 419 49 9
395 424 40 1
395 564 42 6
395 586 6 5
395 715 47 9
395 801 18 9
395 891 27 1
395 1031 48 7
395 1081 12 6
395 1142 29 8
395 1163 40 7
395 1190 29 1
396 1169 33 2
397 909 29 4
397 1077 38 7
398 637 43 9
399 477 37 8
399 765 13 7
400 868 43 8
403 1183 1 5
405 641 21 10
406 430 1 1
406 1068 1 3
408 729 38 3
409 449 37 9
409 957 10 6
413 1174 37 10
415 924 49 6
417 813 40 1
417 1150 4 7
418 929 50 8
418 1192 3 6
419 1184 2 3
420 421 5 8
420 422 9 5
420 423 14 4
420 424 43 1
420 425 26 2
420 426 48 8
420 427 14 5
420 456 34 3
420 492 5 1
420 563 36 4
420 595 34 9
420 614 24 7
420 741 38 9
420 744 49 8
420 857 25 9
420 900 16 10
420 997 37 10
420 1031 34 8
421 422 12 6
421 423 4 8
421 424 9 2
421 425 39 6
421 428 29 10
421 429 34 4
421 430 44 6
421 431 38 3
421 432 46 2
421 456 20 3
421 672 41 2
421 770 23 2
421 803 12 7
421 804 33 9
421 845 42 1
421 846 33 4
421 858 19 6
421 881 30 2
421 890 22 5
421 1031 5 5
421 1115 36 2
421 1160 41 10
421 1161 28 10
421 1191 30 2
422 423 4 10
422 424 12 4
422 425 48 9
422 433 41 5
422 434 28 6
422 435 38 8
422 436 10 1
422 543 35 7
422 586 28 7
422 772 40 9
422 791 30 2
422 905 6 6
422 936 3 7
422 1081 24 2
422 1090 4 7
422 1143 18 7
423 424 40 10
423 425 37 3
423 437 30 7
423 438 22 9
423 439 36 9
423 440 24 4
423 441 37 10
423 442 14 9
423 443 10 3
423 450 17 7
423 468 16 9
423 520 34 9
423 560 39 4
423 585 22 7
423 600 28 4
423 719 29 4
423 790 47 3
423 826 36 6
423 962 5 7
424 425 22 1
424 444 3 2
424 445 22 6
424 446 10 6
424 447 17 10
424 465 50 1
424 485 27 4
424 522 31 1
424 542 14 7
424 600 9 1
424 696 9 7
424 891 44 8
424 975 49 3
424 998 50 1
424 1040 26 2
424 1043 14 5
424 1081 31 4
424 1092 40 10
424 1191 23 5
425 448 11 10
425 449 17 4
425 450 40 5
425 485 46 10
425 492 33 8
425 595 40 7
425 610 1 4
425 655 44 6
425 671 40 2
425 697 16 1
425 715 2 5
425 827 34 5
425 881 47 10
425 939 15 4
425 962 22 5
425 975 35 3
425 1116 38 3
425 1141 5 5
427 583 44 5
430 925 34 6
430 1072 30 9
431 573 36 8
431 1097 16 7
434 1198 11 5
437 1104 49 1
439 642 37 4
440 534 19 4
440 650 15 1
444 463 38 7
444 1169 34 8
446 553 11 2
447 798 18 5
448 684 47 2
450 451 23 1
450 452 37 9
450 453 6 10
450 454 17 10
450 455 50 4
450 456 42 5
450 468 41 10
450 485 17 3
450 490 29 1
450 491 15 6
450 520 41 10
450 523 50 10
450 540 29 3
450 541 25 7
450 560 29 10
450 561 39 4
450 586 45 1
450 595 37 10
450 600 24 5
450 614 12 7
450 655 43 2
450 656 2 9
450 670 21 6
450 672 39 10
450 695 15 10
450 696 4 3
450 715 20 2
450 719 20 3
450 743 16 7
450 745 38 7
450 770 42 10
450 772 16 5
450 790 6 2
450 800 29 5
450 802 35 7
450 826 10 2
450 845 37 9
450 846 45 2
450 857 19 1
450 859 41 1
450 881 45 7
450 891 18 8
450 904 36 3
450 906 4 9
450 936 19 7
450 939 36 3
450 961 47 6
450 962 40 6
450 977 36 1
450 978 45 6
450 998 5 9
450 1001 46 9
450 1030 4 2
450 1040 30 2
450 1043 44 2
450 1080 35 5
450 1081 18 5
450 1093 22 7
450 1094 10 1
450 1115 49 9
450 1118 41 3
450 1141 35 6
450 1143 15 3
450 1164 38 4
450 1191 41 10
453 877 6 7
453 1182 47 1
454 854 30 9
455 456 18 2
455 457 41 2
455 458 24 6
455 459 15 10
455 460 14 7
455 461 43 9
455 465 3 8
455 485 36 1
455 492 21 3
455 520 29 5
455 541 23 2
455 564 48 6
455 586 14 3
455 595 47 6
455 608 5 2
455 613 46 2
455 656 43 1
455 657 41 7
455 671 21 10
455 719 26 9
455 743 49 4
455 771 41 3
455 790 28 8
455 791 48 6
455 825 7 6
455 827 11 4
455 857 49 2
455 881 3 1
455 891 23 8
455 960 16 6
455 962 36 4
455 975 28 7
455 995 37 6
455 999 31 1
455 1047 36 5
455 1081 39 3
455 1090 6 10
455 1091 5 7
455 1119 6 9
455 1142 47 8
455 1165 2 6
456 462 34 6
456 463 6 8
456 464 23 10
456 465 37 3
456 485 34 7
456 495 48 6
456 523 7 9
456 541 3 7
456 562 2 5
456 585 25 6
456 595 12 2
456 600 34 1
456 673 44 3
456 696 44 5
456 697 33 8
456 717 14 2
456 742 9 9
456 770 43 9
456 801 18 8
456 803 31 10
456 845 15 9
456 846 24 2
456 857 28 2
456 881 36 9
456 891 44 4
456 904 6 5
456 906 1 8
456 936 13 5
456 938 12 8
456 977 38 6
456 1031 11 1
456 1080 1 5
456 1119 50 4
456 1140 19 7
456 1190 1 4
457 458 37 9
459 1008 9 2
461 776 25 10
461 1056 2 4
463 684 20 5
465 466 16 9
465 467 14 2
465 468 41 10
465 469 5 3
465 470 40 6
465 560 33 4
465 563 47 1
465 585 22 3
465 595 35 1
465 600 7 10
465 613 1 7
465 719 27 5
465 773 15 10
465 801 5 9
465 845 13 6
465 855 31 10
465 857 50 8
465 937 35 10
465 975 40 5
465 1091 34 2
465 1115 48 5
465 1140 2 4
465 1143 44 5
465 1164 19 7
465 1191 13 9
466 467 40 5
466 468 18 9
466 471 39 3
466 472 39 2
466 473 36 9
466 474 31 5
466 475 38 5
466 485 49 6
466 540 10 7
466 585 12 4
466 673 37 1
466 745 26 5
466 827 7 7
466 880 18 4
466 905 27 7
466 961 47 1
466 1031 28 10
466 1081 27 6
466 1093 34 5
467 468 33 2
467 476 37 1
467 477 10 1
467 478 1 7
467 491 42 2
467 520 50 10
467 542 29 5
467 611 36 7
467 655 50 1
467 673 9 6
467 698 35 7
467 715 27 5
467 742 10 4
467 791 26 7
467 827 37 1
467 890 15 2
467 891 32 10
467 936 22 10
467 978 27 3
467 997 12 4
467 1031 32 4
467 1047 29 4
467 1164 37 1
467 1190 3 7
468 479 9 5
468 480 28 6
468 481 7 1
468 482 38 8
468 483 15 9
468 484 11 4
468 485 6 2
468 492 36 7
468 521 6 8
468 600 10 3
468 655 24 4
468 695 11 4
468 791 2 1
468 802 33 5
468 846 41 7
468 881 16 1
468 904 17 9
468 961 33 7
468 998 33 6
468 1044 42 5
468 1080 50 2
468 1116 41 3
470 519 29 10
470 1167 44 10
471 1195 32 6
473 580 14 4
473 1108 13 1
475 1183 48 9
479 621 47 6
480 685 43 5
480 1076 22 6
481 666 7 1
484 892 24 3
485 486 30 1
485 487 39 7
485 488 36 7
485 489 26 10
485 490 37 3
485 493 14 6
485 520 13 1
485 523 2 2
485 540 22 9
485 543 12 6
485 560 5 3
485 563 49 7
485 585 21 10
485 586 32 9
485 595 2 2
485 600 9 4
485 609 17 6
485 611 47 2
485 657 3 10
485 672 13 3
485 674 15 6
485 695 41 4
485 697 39 1
485 716 41 3
485 742 49 1
485 743 18 9
485 772 39 6
485 773 3 8
485 790 14 10
485 791 30 2
485 802 11 3
485 825 14 3
485 826 4 1
485 845 33 1
485 846 17 4
485 858 28 4
485 881 47 9
485 890 36 9
485 891 1 4
485 904 50 10
485 906 30 6
485 936 48 7
485 939 48 2
485 960 31 5
485 962 30 2
485 975 24 6
485 976 29 6
485 998 9 1
485 1000 10 9
485 1030 42 2
485 1031 14 5
485 1043 37 7
485 1047 27 6
485 1080 6 5
485 1081 15 7
485 1092 45 1
485 1094 15 10
485 1115 14 2
485 1116 45 7
485 1141 13 2
485 1143 37 10
485 1162 27 3
485 1163 17 8
485 1190 40 5
485 1191 49 7
487 544 20 9
490 491 35 5
490 492 20 6
490 493 2 4
490 494 21 6
490 495 9 1
490 496 34 1
490 497 4 1
490 498 25 10
490 600 6 6
490 804 7 4
490 845 50 8
490 890 2 4
490 975 12 1
490 1042 39 4
490 1080 47 8
490 1094 1 4
490 1119 26 6
490 1161 12 9
491 492 38 10
491 493 45 3
491 494 29 10
491 495 19 6
491 499 32 4
491 606 44 6
491 770 4 1
491 790 34 3
491 801 31 3
491 880 46 9
491 1030 39 5
492 493 1 9
492 494 26 1
492 495 37 10
492 500 10 2
492 501 30 9
492 502 17 2
492 503 23 7
492 504 2 6
492 505 29 2
492 506 41 7
492 507 9 7
492 508 29 7
492 509 26 8
492 510 31 1
492 540 22 1
492 541 22 7
492 595 3 3
492 600 36 7
492 655 20 7
492 657 36 10
492 827 24 10
492 846 2 10
492 880 3 1
492 902 12 9
492 998 42 3
492 1117 23 2
492 1140 13 3
492 1191 37 8
493 494 8 7
493 495 45 7
493 511 23 5
493 605 42 10
493 673 22 3
493 718 30 8
493 741 6 1
493 856 50 4
493 890 42 10
493 935 33 10
493 939 20 10
493 975 1 6
493 1031 17 9
493 1191 46 2
494 495 11 3
494 512 41 4
494 513 13 8
494 522 37 7
494 560 42 10
494 561 35 1
494 585 23 1
494 586 14 7
494 595 41 10
494 673 23 6
494 716 49 10
494 772 12 4
494 791 18 3
494 827 21 5
494 905 38 2
494 961 22 10
494 1044 24 5
494 1090 2 7
494 1140 33 10
495 514 19 5
495 515 5 6
495 516 9 3
495 517 33 7
495 518 30 10
495 519 30 1
495 522 4 3
495 695 42 7
495 697 7 1
495 744 46 7
495 856 32 4
495 999 18 4
495 1080 15 6
495 1163 26 2
497 910 46 5
497 1074 19 2
500 524 33 2
502 1132 20 1
503 885 41 4
505 615 26 4
505 875 17 1
506 787 31 4
508 823 48 1
509 817 39 4
510 534 50 6
510 1155 40 4
511 950 43 1
513 516 3 3
515 1102 1 6
520 521 24 8
520 522 40 4
520 523 15 2
520 524 47 3
520 525 27 6
520 526 43 5
520 527 5 9
520 528 46 5
520 610 30 9
520 741 20 7
520 828 10 7
520 845 9 1
520 881 48 6
520 902 34 10
520 938 25 3
520 977 28 10
520 995 49 9
520 1031 31 3
520 1090 35 7
520 1093 47 2
520 1119 48 8
520 1143 33 3
520 1190 31 7
521 522 42 6
521 523 25 1
521 529 41 4
521 530 7 7
521 531 8 1
521 532 41 4
521 533 43 1
521 585 37 10
521 595 47 9
521 655 21 1
521 715 16 6
521 719 25 7
521 771 49 7
521 773 5 7
521 790 1 9
521 804 2 4
521 827 14 7
521 846 42 6
521 976 14 3
521 997 4 8
521 1041 49 7
521 1047 10 3
521 1117 2 5
522 523 37 2
522 534 49 4
522 535 14 4
522 536 26 6
522 537 36 4
522 538 14 5
522 543 7 9
522 562 43 10
522 671 3 2
522 696 38 1
522 698 14 6
522 803 12 1
522 858 40 2
522 891 25 9
522 962 39 5
522 1081 49 6
522 1162 47 10
522 1164 30 3
522 1191 49 10
523 539 21 3
523 541 9 2
523 561 43 6
523 586 8 2
523 600 36 6
523 606 18 6
523 674 39 4
523 740 5 6
523 791 21 9
523 891 27 6
523 936 33 3
523 962 48 4
523 1031 49 10
523 1143 29 2
527 835 21 7
528 863 27 4
532 556 14 2
533 1082 32 1
537 864 31 6
540 541 28 10
540 542 25 4
540 543 36 4
540 544 25 10
540 545 35 9
540 546 44 2
540 547 46 7
540 656 39 8
540 674 45 7
540 718 21 2
540 744 42 10
540 773 37 8
540 791 32 3
540 825 46 10
540 900 23 9
540 905 43 1
540 937 45 9
540 997 44 4
540 998 21 6
540 1031 20 4
540 1092 40 8
540 1141 2 4
541 542 41 2
541 543 42 10
541 548 30 5
541 549 29 3
541 550 16 3
541 551 27 9
541 552 9 6
541 553 14 5
541 554 18 1
541 611 33 6
541 657 6 9
541 670 29 2
541 715 13 7
541 744 23 3
541 790 24 6
541 846 12 8
541 857 19 3
541 859 32 10
541 881 38 7
541 890 30 4
541 1031 12 2
541 1047 15 1
541 1080 25 8
541 1119 36 7
542 543 8 6
542 555 50 7
542 556 13 6
542 561 40 2
542 562 38 1
542 595 46 2
542 697 2 2
542 828 14 9
542 846 49 6
542 881 23 4
542 961 9 5
542 962 21 10
542 1116 41 9
542 1140 21 1
542 1190 35 8
543 557 5 10
543 558 49 2
543 559 37 1
543 585 1 10
543 586 24 10
543 595 38 10
543 600 48 10
543 610 19 7
543 698 4 2
543 801 18 8
543 803 40 2
543 890 42 10
543 939 15 6
543 975 14 6
543 976 28 8
543 1045 14 7
543 1081 17 6
543 1092 39 6
543 1161 14 2
543 1190 45 1
544 581 28 3
544 699 38 7
546 678 36 5
549 1035 23 10
550 1072 46 4
552 784 12 10
552 946 39 1
553 578 24 6
555 705 28 7
555 750 15 9
557 720 30 4
560 561 50 9
560 562 11 8
560 563 19 8
560 564 12 5
560 565 2 2
560 606 46 3
560 744 2 2
560 857 3 10
560 880 3 3
560 961 35 4
560 996 1 2
560 1031 8 5
560 1091 29 4
560 1190 25 10
561 562 19 8
561 563 4 6
561 564 28 8
561 566 39 3
561 567 3 9
561 568 1 6
561 569 40 4
561 586 35 7
561 609 32 2
561 671 40 3
561 695 37 2
561 698 18 4
561 790 7 7
561 828 38 8
561 845 14 7
561 906 42 10
561 1044 11 3
561 1116 33 9
561 1142 44 5
561 1191 28 2
562 563 17 6
562 564 50 7
562 570 1 1
562 571 46 4
562 572 11 2
562 573 11 10
562 574 6 10
562 575 4 6
562 576 15 9
562 577 18 10
562 585 11 7
562 595 36 10
562 600 50 5
562 655 46 8
562 717 47 1
562 804 45 5
562 825 22 1
562 891 27 5
562 935 43 1
562 999 9 7
562 1081 25 10
562 1165 32 9
563 564 22 2
563 578 20 1
563 579 31 10
563 580 27 10
563 581 37 2
563 582 37 9
563 595 5 5
563 600 3 2
563 673 34 2
563 718 35 6
563 740 50 10
563 770 29 6
563 773 48 1
563 803 23 3
563 845 43 7
563 890 42 8
563 904 42 1
563 936 36 9
563 960 10 4
563 1093 32 6
563 1116 13 2
563 1142 17 7
563 1162 32 4
564 583 19 5
564 584 30 1
564 657 32 2
564 790 37 5
564 880 15 6
564 977 3 4
564 1030 21 3
564 1043 13 2
564 1081 16 6
565 685 23 5
565 757 48 1
565 1062 23 5
568 1185 48 8
570 836 16 3
571 694 23 1
572 710 26 2
574 712 17 3
575 499 26 10
575 615 34 9
576 726 24 6
577 1107 8 1
580 753 2 4
582 811 15 9
585 586 19 9
585 587 28 5
585 595 12 10
585 600 32 9
585 614 9 6
585 657 2 8
585 696 17 9
585 697 12 6
585 718 21 6
585 745 3 9
585 773 41 4
585 791 46 6
585 802 47 3
585 825 24 8
585 845 16 8
585 858 30 9
585 880 33 8
585 891 36 5
585 937 31 7
585 960 46 3
585 961 1 7
585 975 39 7
585 976 43 9
585 1031 5 1
585 1044 13 8
585 1080 49 7
585 1092 6 5
585 1117 44 8
585 1142 2 6
585 1160 21 9
585 1165 25 6
586 588 25 6
586 589 44 4
586 590 2 3
586 591 34 2
586 592 6 9
586 593 31 4
586 594 16 10
586 600 2 8
586 612 11 6
586 656 38 4
586 672 31 5
586 674 30 7
586 715 15 3
586 740 24 5
586 773 4 7
586 790 7 5
586 803 45 5
586 826 49 4
586 846 17 7
586 858 48 6
586 880 31 2
586 891 5 2
586 903 34 4
586 906 7 4
586 938 21 7
586 997 1 6
586 1001 4 1
586 1045 25 9
586 1081 45 2
586 1092 23 6
586 1117 22 4
586 1141 39 1
586 1190 26 7
586 1191 35 10
589 898 46 3
591 851 21 9
592 604 35 9
595 596 9 5
595 597 39 9
595 598 45 7
595 599 27 7
595 600 6 5
595 610 33 5
595 611 48 2
595 656 45 1
595 657 32 1
595 671 28 10
595 674 2 9
595 696 9 2
595 697 4 8
595 717 3 3
595 719 21 6
595 743 29 3
595 745 3 6
595 770 17 6
595 790 31 4
595 791 34 10
595 800 14 4
595 801 41 5
595 825 25 10
595 828 16 1
595 846 9 9
595 856 31 2
595 858 28 5
595 880 21 5
595 881 36 10
595 891 10 7
595 900 24 1
595 901 18 9
595 936 18 1
595 937 9 8
595 961 30 4
595 962 32 6
595 975 6 1
595 978 17 4
595 998 3 7
595 1030 36 9
595 1031 1 6
595 1041 23 1
595 1046 4 8
595 1080 17 10
595 1081 30 9
595 1092 30 4
595 1094 33 4
595 1119 33 8
595 1142 22 6
595 1143 5 10
595 1164 28 1
595 1165 35 1
595 1190 7 1
595 1191 23 4
599 789 30 5
600 601 5 2
600 602 5 6
600 603 8 3
600 604 17 2
600 605 42 9
600 611 32 4
600 655 50 5
600 670 15 2
600 674 21 6
600 695 49 9
600 696 47 4
600 717 23 4
600 719 28 7
600 744 15 10
600 770 28 8
600 772 45 5
600 791 49 7
600 802 15 10
600 803 35 7
600 828 46 3
600 845 48 9
600 855 32 7
600 880 2 6
600 881 14 10
600 890 24 3
600 891 24 3
600 902 4 7
600 906 16 4
600 936 16 6
600 937 8 10
600 961 4 7
600 962 2 10
600 975 5 1
600 978 47 3
600 996 35 7
600 1000 45 6
600 1030 5 8
600 1031 20 5
600 1040 39 7
600 1042 6 5
600 1081 41 2
600 1094 16 10
600 1116 23 3
600 1119 41 1
600 1141 26 7
600 1142 35 6
600 1163 20 1
600 1190 26 1
600 1191 18 8
601 787 45 4
602 794 8 1
605 606 35 9
605 607 41 10
605 608 32 7
605 609 28 8
605 610 5 2
605 611 10 4
605 612 15 10
605 613 31 7
605 614 22 10
605 615 13 6
605 616 4 2
605 617 5 8
605 618 25 4
605 619 19 6
605 620 13 3
605 826 44 6
605 881 15 10
605 1117 3 2
605 1119 32 6
606 607 41 6
606 608 46 10
606 609 40 9
606 610 13 1
606 611 20 3
606 612 4 8
606 613 18 1
606 614 1 9
606 621 6 2
606 622 3 6
606 623 24 10
606 624 8 9
606 625 42 2
606 626 11 2
606 695 2 7
606 715 49 10
606 995 47 10
607 608 14 6
607 609 27 2
607 610 39 10
607 611 31 2
607 612 27 2
607 613 2 6
607 614 46 5
607 627 39 5
607 628 16 2
607 671 3 5
607 771 26 9
607 891 19 3
607 1031 1 4
607 1092 30 1
607 1162 14 5
607 1191 44 8
608 609 31 8
608 610 17 6
608 611 46 8
608 612 28 5
608 613 25 1
608 614 30 7
608 629 47 9
608 772 20 9
608 1191 10 6
609 610 1 4
609 611 41 5
609 612 44 9
609 613 24 4
609 614 18 7
609 630 20 2
609 631 28 6
609 656 7 9
609 696 32 4
609 802 32 1
609 905 22 9
609 1031 12 9
609 1043 24 1
609 1080 37 8
609 1141 34 10
610 611 29 7
610 612 10 3
610 613 42 5
610 614 35 10
610 632 32 7
610 633 30 10
610 634 12 3
610 635 1 8
610 636 34 1
610 637 47 6
610 672 41 4
610 791 27 9
610 880 50 7
610 936 11 7
610 975 24 10
610 998 7 6
610 1091 27 4
611 612 35 6
611 613 48 6
611 614 24 2
611 638 20 8
611 639 17 5
611 640 1 1
611 657 10 2
611 715 30 5
611 859 16 3
611 961 24 6
612 613 45 10
612 614 38 6
612 641 21 4
612 642 25 4
612 643 27 5
612 644 34 2
612 645 37 5
612 646 48 2
612 740 39 8
612 800 34 6
612 845 35 7
612 901 30 6
612 960 22 2
612 977 41 1
612 1040 15 6
612 1080 34 8
613 614 50 3
613 647 31 6
613 648 35 1
613 649 42 9
613 856 22 3
613 937 24 10
613 1140 42 4
614 650 40 7
614 651 29 10
614 652 17 4
614 653 29 1
614 654 14 6
614 744 42 9
614 828 33 7
614 891 33 3
614 1160 6 3
616 819 40 3
616 1025 46 4
619 1194 17 9
620 704 29 1
622 735 46 2
622 872 6 6
629 660 46 2
630 876 26 9
635 964 29 3
636 724 20 9
636 1070 34 6
639 873 34 9
640 750 41 6
643 1033 18 5
644 1097 5 10
648 1076 8 7
650 941 45 6
651 1156 28 10
652 918 3 1
652 1011 5 8
653 1154 12 2
655 656 44 3
655 657 41 9
655 658 20 5
655 659 33 9
655 660 45 9
655 661 23 3
655 662 9 5
655 663 30 9
655 670 19 10
655 697 11 7
655 718 17 8
655 740 5 9
655 791 31 3
655 902 12 9
655 936 8 3
655 975 6 6
655 1030 33 9
655 1042 1 6
655 1043 42 3
655 1080 28 9
655 1118 35 9
655 1191 34 3
656 657 13 4
656 664 6 2
656 665 48 10
656 666 37 9
656 667 39 3
656 668 9 10
656 697 32 2
656 717 47 10
656 741 12 4
656 803 5 9
656 828 50 2
656 845 8 7
656 856 10 10
656 857 24 4
656 891 8 8
656 960 26 7
656 961 17 9
656 1031 21 8
656 1080 46 7
656 1091 29 1
656 1160 25 4
656 1191 42 8
657 669 38 5
657 670 39 10
657 772 3 10
657 773 31 6
657 790 47 1
657 804 40 4
657 846 9 10
657 880 11 6
657 881 18 9
657 901 44 4
657 936 23 9
657 976 39 8
657 999 12 10
657 1001 25 3
657 1092 4 7
657 1119 17 1
657 1140 38 2
657 1141 21 1
657 1165 5 7
658 862 18 2
662 1052 18 7
666 899 29 3
670 671 6 9
670 672 22 2
670 673 18 2
670 674 49 7
670 675 27 2
670 676 28 2
670 677 48 9
670 678 45 4
670 679 50 7
670 680 9 8
670 697 36 10
670 800 4 6
670 801 26 9
670 845 42 3
670 846 19 8
670 935 37 8
670 938 27 8
670 1141 28 8
670 1161 43 5
670 1190 44 7
671 672 40 2
671 673 24 1
671 674 18 10
671 681 40 9
671 682 12 1
671 683 45 6
671 695 6 8
671 719 29 2
671 744 29 3
671 1000 45 10
671 1118 24 9
672 673 29 9
672 674 32 8
672 684 48 9
672 685 14 6
672 686 26 9
672 687 16 3
672 825 2 7
672 962 25 3
672 975 4 2
673 674 3 4
673 688 6 8
673 689 1 6
673 690 28 3
673 719 24 2
673 772 41 4
673 790 4 2
673 857 16 3
673 880 40 6
673 890 32 1
673 906 18 6
673 1030 2 7
673 1046 39 3
673 1080 46 7
673 1093 38 7
673 1162 16 1
674 691 26 10
674 692 26 1
674 693 18 6
674 694 34 10
674 744 8 10
674 773 24 5
674 790 38 9
674 826 13 3
674 859 31 9
674 880 21 8
674 890 28 9
674 906 32 3
674 960 4 8
674 998 15 4
674 1030 19 5
674 1042 44 6
674 1080 8 9
674 1094 49 5
674 1115 42 9
674 1141 7 8
675 1155 50 6
680 1158 7 8
683 685 44 8
685 1196 33 6
686 761 30 8
690 793 3 9
695 696 40 6
695 697 12 8
695 698 3 7
695 699 45 6
695 718 30 10
695 719 16 10
695 771 6 3
695 790 34 2
695 801 36 8
695 845 14 4
695 880 15 7
695 891 18 10
695 903 21 10
695 906 1 4
695 939 17 1
695 961 17 9
695 978 13 2
695 1030 6 5
695 1080 1 6
695 1119 32 6
695 1143 36 3
695 1162 11 8
695 1191 39 7
696 697 47 8
696 698 10 4
696 700 27 10
696 701 29 2
696 702 1 6
696 703 6 9
696 704 28 2
696 740 28 6
696 800 15 7
696 845 41 7
696 855 30 7
696 1045 1 5
696 1117 37 2
697 698 3 4
697 705 30 1
697 706 35 10
697 707 25 6
697 708 21 3
697 709 10 4
697 710 4 2
697 770 23 6
697 857 41 7
697 890 42 6
697 962 47 6
697 1047 30 2
697 1081 42 7
697 1094 28 1
697 1142 32 3
697 1160 3 3
697 1190 50 3
698 711 10 2
698 712 43 7
698 713 6 2
698 714 32 6
698 743 24 2
698 790 48 10
698 826 7 5
698 827 4 4
698 880 32 4
698 937 20 1
698 975 48 3
698 995 23 10
698 998 1 9
698 1030 35 7
703 860 44 4
710 1064 7 6
713 725 39 8
715 716 32 4
715 717 14 8
715 718 49 5
715 719 37 2
715 720 31 5
715 721 20 8
715 722 2 8
715 723 25 9
715 741 25 10
715 791 28 10
715 902 24 2
715 939 21 6
715 960 27 1
715 962 38 2
715 977 29 2
715 1080 32 10
715 1092 39 7
715 1163 21 10
716 717 37 3
716 718 25 4
716 719 10 10
716 724 31 7
716 725 20 6
716 726 40 3
716 727 2 10
716 728 42 2
716 729 18 5
716 730 5 4
716 743 45 2
716 845 48 1
716 855 36 7
716 997 32 1
716 1093 43 7
716 1119 47 8
717 718 36 7
717 719 10 8
717 731 36 8
717 732 5 2
717 733 23 2
717 734 38 4
717 735 47 3
717 736 25 7
717 770 17 3
717 790 22 4
717 801 48 9
717 827 45 7
717 845 5 4
717 858 7 2
717 935 15 5
717 978 42 6
717 1031 11 8
717 1119 41 6
717 1141 28 1
717 1163 19 2
717 1190 2 2
718 719 49 7
718 737 21 10
718 770 32 2
718 802 27 8
718 890 13 5
718 903 46 3
718 1047 5 1
718 1081 14 5
718 1141 22 5
719 738 35 7
719 739 8 1
719 826 32 4
719 880 44 10
719 881 35 9
719 891 31 1
719 999 39 8
719 1031 11 5
719 1042 26 1
719 1190 28 9
720 1151 12 5
721 797 18 7
723 1171 11 3
732 1051 29 4
733 776 29 9
734 966 44 7
735 898 34 8
740 741 15 7
740 742 14 4
740 743 9 8
740 744 14 7
740 745 43 3
740 746 29 1
740 747 2 7
740 748 40 10
740 749 25 9
740 750 46 4
740 751 22 8
740 790 19 8
740 802 17 1
740 961 27 1
740 978 30 5
740 1118 33 6
740 1165 42 8
741 742 45 3
741 743 20 9
741 744 36 7
741 745 50 5
741 752 49 6
741 753 23 7
741 754 16 10
741 772 45 7
741 845 27 5
741 858 18 6
741 901 15 7
741 977 11 8
741 1000 28 9
741 1046 41 7
741 1143 47 1
741 1191 5 6
742 743 18 9
742 744 39 2
742 745 12 1
742 755 35 4
742 756 35 7
742 791 43 6
742 826 48 4
742 846 49 1
742 880 4 6
742 890 45 2
742 904 42 6
742 936 5 5
742 996 5 4
742 1031 2 3
743 744 36 7
743 745 41 6
743 757 50 8
743 758 1 5
743 759 21 8
743 760 10 6
743 761 14 9
743 762 44 8
743 859 39 7
743 1041 4 8
743 1080 2 6
743 1091 41 6
743 1191 45 2
744 745 28 5
744 763 18 2
744 764 13 2
744 765 4 7
744 766 48 4
744 825 11 4
744 881 37 6
744 935 6 8
744 961 46 5
744 1093 40 8
744 1142 39 4
744 1165 41 4
745 767 35 2
745 768 9 7
745 769 25 3
745 802 24 2
745 1030 5 2
745 1118 33 4
746 818 47 4
747 914 5 10
747 1019 41 4
756 988 9 9
756 1022 7 10
761 941 12 9
767 1187 34 1
770 771 19 1
770 772 12 3
770 773 30 3
770 774 11 6
770 775 31 2
770 776 15 2
770 777 20 8
770 778 16 8
770 779 2 3
770 801 26 3
770 803 37 7
770 859 7 4
770 890 33 4
770 938 43 5
770 961 12 8
770 976 29 3
770 1030 26 5
770 1092 7 1
770 1162 27 2
770 1191 30 5
771 772 35 9
771 773 20 9
771 780 28 2
771 781 50 5
771 790 6 6
771 845 37 10
771 855 32 3
771 891 8 4
771 996 47 7
771 1031 29 5
771 1093 20 6
771 1117 21 3
771 1162 30 2
772 773 47 7
772 782 23 8
772 783 35 10
772 790 41 10
772 826 22 2
772 827 33 1
772 845 4 1
772 902 45 2
772 938 8 1
772 960 5 10
772 975 13 4
772 997 7 5
772 1081 48 5
772 1117 3 6
772 1190 45 6
773 784 36 8
773 785 5 6
773 786 20 3
773 787 10 8
773 788 27 6
773 789 20 5
773 880 30 2
773 881 20 8
773 905 5 2
773 1044 22 7
773 1045 16 3
773 1081 40 6
773 1140 50 4
773 1141 46 10
780 1187 49 7
783 831 38 10
783 1139 28 3
787 848 37 3
789 862 48 6
789 1020 24 2
790 791 49 10
790 792 15 7
790 793 4 5
790 794 35 1
790 856 45 6
790 890 7 5
790 900 48 1
790 937 21 8
790 960 5 2
790 962 5 4
790 975 38 10
790 1000 36 7
790 1001 27 3
790 1030 38 10
790 1031 12 8
790 1042 33 5
790 1080 50 10
790 1090 44 8
790 1118 11 10
790 1141 12 3
790 1143 41 6
790 1190 44 8
790 1191 9 8
791 795 47 9
791 796 10 3
791 797 8 7
791 798 30 1
791 799 2 4
791 800 15 2
791 801 2 9
791 825 50 6
791 826 49 3
791 845 2 10
791 846 3 1
791 856 50 3
791 881 35 7
791 891 27 1
791 906 47 9
791 938 50 10
791 977 31 5
791 1043 12 1
791 1080 44 9
791 1092 21 1
791 1115 39 3
791 1161 14 8
791 1164 45 10
792 1035 38 5
793 805 44 7
799 865 32 3
800 801 8 2
800 802 9 3
800 803 23 3
800 804 30 7
800 805 26 8
800 806 3 10
800 807 4 2
800 808 33 1
800 891 2 7
800 960 16 4
800 961 47 7
800 1031 50 6
800 1081 26 8
800 1091 3 8
800 1093 39 1
800 1191 37 7
801 802 37 9
801 803 21 6
801 804 22 6
801 809 14 3
801 810 8 6
801 811 36 4
801 812 14 5
801 937 15 4
801 975 25 6
801 1080 19 2
802 803 21 8
802 804 41 3
802 813 32 3
802 814 11 2
802 815 49 1
802 816 15 7
802 846 29 9
802 858 8 4
802 881 42 6
802 890 5 7
802 1140 30 1
802 1160 12 3
803 804 50 1
803 817 14 9
803 818 12 7
803 819 21 5
803 820 9 10
803 821 17 5
803 855 36 8
803 881 25 9
803 902 13 9
803 936 27 10
803 977 16 1
803 996 29 7
803 1047 47 2
803 1115 49 1
803 1119 20 1
804 822 31 10
804 823 38 4
804 824 10 1
804 827 29 8
804 846 7 5
804 900 38 3
804 998 30 3
804 1031 21 8
804 1040 43 2
804 1160 15 5
806 1096 9 1
808 949 4 6
825 826 26 3
825 827 24 1
825 828 15 8
825 829 29 6
825 830 30 4
825 856 13 7
825 880 26 6
825 902 8 3
825 977 12 1
825 1040 27 2
825 1047 3 5
825 1080 34 6
825 1143 2 9
825 1164 19 8
825 1190 27 7
826 827 38 6
826 828 50 9
826 831 48 9
826 832 26 1
826 833 18 3
826 834 4 7
826 939 21 2
826 961 5 7
826 1030 30 10
827 828 44 9
827 835 27 7
827 836 23 2
827 837 15 6
827 845 22 5
827 855 39 4
827 881 30 10
827 890 40 7
827 891 36 6
827 900 38 2
827 937 24 2
827 962 50 5
827 996 3 9
827 1001 50 3
827 1030 1 3
827 1092 15 10
827 1190 26 9
828 838 25 6
828 839 22 8
828 840 5 5
828 841 23 5
828 842 3 2
828 843 10 2
828 844 15 1
828 845 15 7
828 977 38 1
828 1080 42 7
828 1093 1 8
828 1115 33 8
828 1117 7 8
828 1164 44 1
831 979 44 4
832 1025 16 8
834 1024 28 4
838 871 39 7
840 915 20 1
845 846 18 5
845 847 28 1
845 848 5 5
845 849 21 4
845 850 22 5
845 851 25 2
845 859 42 5
845 891 39 1
845 903 25 7
845 906 16 7
845 977 45 9
845 1031 5 7
845 1040 6 8
845 1080 9 9
845 1081 33 3
845 1092 11 4
845 1117 27 10
845 1140 22 3
845 1161 49 8
846 852 50 3
846 853 22 1
846 854 22 10
846 859 18 1
846 880 23 3
846 881 20 3
846 891 28 10
846 936 4 10
846 937 11 1
846 960 15 9
846 975 22 7
846 1000 7 7
846 1001 31 3
846 1044 26 5
846 1094 4 7
846 1142 6 10
846 1162 18 7
846 1190 31 9
846 1191 48 2
847 1056 26 5
847 1062 32 7
855 856 6 9
855 857 14 8
855 858 13 9
855 859 9 3
855 860 28 3
855 861 42 6
855 862 26 5
855 937 26 1
855 961 16 3
855 1031 5 1
856 857 33 4
856 858 22 2
856 859 30 6
856 863 46 7
856 864 21 1
856 865 18 7
856 866 14 10
856 867 19 8
856 891 13 8
856 901 46 2
856 937 13 2
856 1116 19 9
857 858 39 8
857 859 11 6
857 868 12 4
857 869 49 3
857 890 27 10
857 902 9 4
857 977 28 6
857 999 2 3
857 1090 27 6
857 1092 35 7
858 859 20 7
858 870 29 8
858 871 23 7
858 872 23 1
858 873 49 4
858 874 37 9
858 875 34 7
858 880 36 1
858 960 48 1
858 999 43 5
858 1030 19 2
858 1045 18 4
858 1080 47 6
858 1117 31 1
858 1143 2 1
858 1191 9 5
859 876 20 5
859 877 13 2
859 878 2 8
859 879 35 9
859 880 16 7
859 977 44 6
859 1044 4 6
859 1081 49 4
859 1160 50 6
864 1069 30 8
870 1022 6 2
871 940 34 3
871 1073 9 1
871 1083 24 2
874 1061 20 10
880 881 46 5
880 882 49 10
880 883 18 6
880 884 12 4
880 885 4 6
880 886 5 2
880 905 10 6
880 939 3 6
880 962 7 9
880 975 9 3
880 1030 38 10
880 1046 27 2
880 1047 42 10
880 1092 29 8
880 1143 43 2
880 1163 23 1
880 1164 15 7
880 1190 17 7
881 887 20 4
881 888 43 7
881 889 35 6
881 890 36 6
881 891 34 8
881 903 37 9
881 937 20 9
881 960 20 5
881 976 31 7
881 996 8 2
881 999 32 3
881 1080 11 3
881 1091 7 1
881 1115 22 2
881 1117 41 10
881 1143 2 3
881 1191 30 5
883 970 4 6
890 891 49 1
890 892 15 7
890 893 43 5
890 894 10 1
890 938 13 2
890 976 29 5
890 1000 23 6
890 1030 6 1
890 1041 16 8
890 1081 3 7
890 1119 45 8
890 1165 44 3
890 1190 37 10
891 895 42 7
891 896 3 3
891 897 15 8
891 898 3 10
891 899 48 9
891 903 28 7
891 906 20 2
891 939 40 1
891 961 45 3
891 976 18 10
891 998 4 7
891 1031 32 5
891 1046 15 8
891 1081 17 7
891 1093 10 9
891 1094 25 8
891 1117 45 4
891 1141 1 7
891 1143 45 5
891 1163 37 2
891 1191 3 4
899 1146 46 4
900 901 32 5
900 902 23 10
900 903 28 7
900 904 49 6
900 905 30 10
900 906 1 7
900 907 7 3
900 908 32 2
900 909 14 3
900 910 40 10
900 911 20 1
900 912 36 2
900 938 37 9
900 1031 2 1
901 902 35 3
901 903 14 8
901 904 33 1
901 905 28 5
901 906 43 7
901 913 49 8
901 914 4 1
901 915 34 7
901 916 48 9
901 917 3 4
901 918 33 6
901 919 24 8
901 920 13 3
901 962 29 6
901 1091 22 5
901 1143 15 9
902 903 32 1
902 904 16 1
902 905 38 8
902 906 13 2
902 921 20 6
902 922 21 8
902 923 7 2
902 1031 3 6
902 1044 29 2
902 1162 24 8
902 1165 19 8
903 904 3 3
903 905 9 10
903 906 11 3
903 924 31 6
903 925 29 8
903 926 42 3
903 927 35 7
903 962 24 7
903 976 47 6
903 1090 42 8
903 1190 3 2
903 1191 9 1
904 905 12 4
904 906 24 7
904 928 28 8
904 996 30 2
904 1081 39 6
905 906 17 8
905 929 37 1
905 930 20 1
905 978 8 1
905 1117 42 2
905 1142 26 3
906 931 4 8
906 932 2 2
906 933 25 3
906 934 5 6
906 936 19 2
906 997 20 1
906 1040 32 1
906 1081 31 3
906 1115 41 2
908 1175 36 8
909 981 23 1
917 1032 40 3
918 1009 13 7
923 1176 21 9
928 952 23 1
930 1027 4 2
935 936 17 1
935 937 6 5
935 938 28 8
935 939 9 8
935 940 12 7
935 941 4 8
935 942 10 7
935 943 29 3
935 944 3 5
935 961 43 9
935 977 25 8
935 995 44 1
935 1031 16 2
935 1042 14 2
935 1163 47 8
936 937 23 6
936 938 26 3
936 939 20 9
936 945 25 2
936 946 33 10
936 962 16 1
936 1031 42 5
936 1081 26 3
936 1091 48 9
936 1142 47 2
936 1191 7 6
937 938 18 10
937 939 33 5
937 947 23 4
937 948 30 10
937 949 44 1
937 950 11 4
937 951 47 1
937 952 32 7
937 1093 19 8
937 1164 27 6
937 1190 43 8
938 939 33 5
938 953 8 4
938 954 45 5
938 955 34 2
938 956 10 6
938 995 16 5
938 1047 49 3
938 1081 7 9
938 1142 5 5
939 957 36 4
939 958 9 5
939 959 39 8
939 975 8 1
939 1116 21 7
939 1117 28 4
948 1132 18 10
958 1097 37 5
960 961 33 1
960 962 20 9
960 963 39 8
960 964 24 2
960 965 21 5
960 966 44 9
960 967 34 1
960 976 18 4
960 1030 40 4
960 1041 2 8
960 1080 41 5
960 1143 49 3
960 1190 40 1
961 962 44 6
961 968 30 7
961 969 34 8
961 970 9 10
961 971 25 3
961 972 36 7
961 1031 44 2
961 1093 42 8
961 1115 29 3
961 1141 38 7
961 1160 40 8
961 1162 2 2
962 973 23 1
962 974 11 4
962 976 45 3
962 996 28 7
962 1000 16 10
962 1042 23 8
962 1080 45 5
962 1090 15 8
962 1115 26 5
962 1190 10 7
966 1029 23 7
967 1186 50 7
972 1019 23 4
975 976 37 9
975 977 50 7
975 978 25 6
975 979 35 4
975 980 26 9
975 981 20 4
975 982 14 8
975 983 31 5
975 984 5 5
975 985 2 4
975 986 31 3
975 998 17 5
975 1030 2 2
975 1041 27 4
975 1081 9 3
975 1164 49 2
976 977 7 9
976 978 32 5
976 987 24 5
976 1081 29 8
976 1115 31 9
976 1160 5 6
976 1191 39 8
977 978 3 2
977 988 44 5
977 989 18 1
977 990 15 6
977 991 32 5
977 992 6 2
977 1094 1 6
977 1142 28 7
977 1191 18 8
978 993 46 5
978 994 30 5
978 1001 1 9
978 1031 29 9
978 1043 7 2
978 1094 16 6
978 1116 49 3
979 1179 50 4
993 1176 20 9
994 1014 25 5
995 996 32 10
995 997 5 8
995 998 29 8
995 999 39 5
995 1000 44 4
995 1001 24 10
995 1002 37 3
995 1003 45 2
995 1004 22 1
995 1005 15 4
995 1006 40 8
995 1007 35 7
995 1008 3 6
995 1009 40 1
995 1010 41 3
995 1031 26 6
995 1046 8 5
996 997 2 5
996 998 29 9
996 999 18 2
996 1000 18 2
996 1001 19 10
996 1011 9 1
996 1012 25 8
996 1013 7 8
996 1014 16 8
996 1190 27 2
997 998 38 8
997 999 45 5
997 1000 22 4
997 1001 47 7
997 1015 18 10
997 1016 46 6
997 1017 9 3
997 1018 5 4
997 1042 39 2
997 1080 4 8
997 1092 8 4
997 1117 45 7
997 1142 9 2
998 999 23 2
998 1000 24 9
998 1001 19 5
998 1019 39 7
998 1020 46 7
998 1090 9 10
998 1160 36 3
999 1000 6 2
999 1001 41 6
999 1021 18 6
999 1022 4 10
999 1023 49 5
999 1117 43 5
1000 1001 26 10
1000 1024 33 7
1000 1025 19 3
1000 1026 41 2
1000 1143 16 3
1000 1165 13 7
1001 1027 31 10
1001 1028 4 10
1001 1029 14 7
1001 1030 13 3
1001 1081 42 3
1001 1191 44 3
1005 1028 4 8
1014 1195 14 1
1020 1179 34 9
1021 1079 47 9
1021 1152 22 1
1026 1088 24 7
1027 1198 31 2
1030 1031 33 9
1030 1032 7 10
1030 1033 19 6
1030 1034 48 9
1030 1035 19 2
1030 1081 28 7
1030 1119 19 2
1030 1142 6 10
1030 1164 26 7
1030 1165 12 8
1031 1036 13 6
1031 1037 23 8
1031 1038 38 9
1031 1039 36 1
1031 1040 10 7
1031 1042 31 9
1031 1080 27 1
1031 1090 44 2
1031 1092 50 6
1031 1116 44 3
1031 1190 26 5
1031 1191 18 6
1034 1148 18 7
1035 1169 50 3
1036 1166 26 5
1040 1041 37 6
1040 1042 28 5
1040 1043 50 4
1040 1044 2 3
1040 1045 47 7
1040 1046 16 8
1040 1047 24 7
1040 1048 26 2
1040 1049 12 5
1040 1050 42 6
1040 1090 32 5
1041 1042 27 3
1041 1043 47 1
1041 1044 7 6
1041 1045 43 3
1041 1046 9 1
1041 1047 2 7
1041 1051 14 4
1041 1052 34 10
1041 1053 29 5
1042 1043 40 7
1042 1044 16 4
1042 1045 44 4
1042 1046 37 9
1042 1047 43 1
1042 1054 26 7
1042 1055 4 7
1042 1056 37 3
1042 1142 10 5
1042 1143 46 2
1042 1165 18 5
1043 1044 49 7
1043 1045 47 2
1043 1046 14 7
1043 1047 15 9
1043 1057 10 3
1043 1058 15 4
1043 1059 19 7
1043 1060 45 2
1043 1061 47 3
1044 1045 6 4
1044 1046 36 8
1044 1047 26 10
1044 1062 16 6
1044 1063 39 7
1044 1064 6 5
1044 1065 13 6
1044 1066 11 3
1044 1067 15 10
1044 1081 4 6
1044 1091 17 10
1044 1190 48 8
1045 1046 24 10
1045 1047 33 4
1045 1068 44 8
1045 1069 46 2
1045 1070 4 3
1045 1080 27 8
1045 1119 11 2
1045 1162 35 2
1046 1047 44 2
1046 1071 37 1
1046 1072 10 4
1046 1073 19 5
1046 1074 21 5
1046 1075 10 4
1046 1076 40 10
1046 1077 3 9
1046 1078 27 3
1046 1118 46 4
1047 1079 45 8
1047 1190 3 6
1059 1103 38 5
1071 1122 27 8
1080 1081 7 3
1080 1082 7 1
1080 1083 38 8
1080 1091 48 7
1080 1160 23 1
1080 1190 44 8
1080 1191 24 8
1081 1084 11 9
1081 1085 4 4
1081 1086 16 5
1081 1087 7 1
1081 1088 11 6
1081 1089 6 1
1081 1093 37 6
1081 1115 35 3
1081 1118 16 5
1081 1140 19 4
1081 1141 24 1
1081 1160 38 6
1090 1091 32 5
1090 1092 41 4
1090 1093 37 5
1090 1094 7 2
1090 1095 22 2
1090 1096 26 7
1090 1097 26 9
1090 1161 11 3
1090 1190 23 3
1091 1092 17 6
1091 1093 16 9
1091 1094 18 10
1091 1098 43 5
1091 1099 10 10
1091 1100 49 2
1091 1101 3 7
1091 1102 15 1
1091 1103 47 6
1091 1142 11 8
1092 1093 18 4
1092 1094 12 7
1092 1104 27 2
1092 1105 50 4
1092 1191 9 5
1093 1094 15 7
1093 1106 38 3
1093 1107 41 5
1093 1108 3 6
1093 1109 46 3
1093 1110 33 3
1093 1115 6 2
1093 1116 29 10
1093 1160 12 4
1094 1111 14 3
1094 1112 26 4
1094 1113 47 2
1094 1114 38 2
1094 1140 7 6
1096 1097 38 8
1109 1122 40 4
1115 1116 2 5
1115 1117 37 10
1115 1118 5 10
1115 1119 28 4
1115 1120 33 4
1115 1121 16 6
1115 1122 41 7
1115 1123 6 4
1115 1124 3 6
1115 1143 4 7
1115 1162 42 3
1115 1163 46 10
1115 1191 23 9
1116 1117 8 2
1116 1118 6 6
1116 1119 18 1
1116 1125 24 1
1117 1118 28 1
1117 1119 38 1
1117 1126 16 7
1117 1127 26 2
1117 1128 34 7
1117 1129 11 7
1117 1130 34 5
1117 1131 49 9
1117 1132 18 9
1117 1142 26 5
1118 1119 36 8
1118 1133 42 7
1118 1134 33 10
1118 1135 7 9
1118 1136 15 9
1118 1137 22 7
1118 1138 16 1
1118 1190 23 8
1119 1139 45 9
1135 1183 36 1
1140 1141 45 2
1140 1142 43 6
1140 1143 36 7
1140 1144 1 5
1140 1145 42 3
1140 1146 27 6
1140 1147 9 8
1140 1148 4 6
1140 1149 13 9
1140 1191 50 10
1141 1142 6 7
1141 1143 29 10
1141 1150 12 2
1141 1151 45 9
1141 1152 33 1
1141 1153 11 4
1141 1154 39 3
1141 1155 3 9
1141 1164 5 4
1142 1143 25 9
1142 1156 14 6
1142 1157 25 4
1143 1158 45 3
1143 1159 27 6
1143 1164 21 4
1143 1191 12 4
1160 1161 32 4
1160 1162 24 4
1160 1163 24 3
1160 1164 39 2
1160 1165 24 6
1160 1166 2 10
1160 1167 21 5
1160 1168 38 8
1160 1169 35 10
1160 1170 24 4
1160 1190 32 6
1161 1162 43 9
1161 1163 42 4
1161 1164 1 2
1161 1165 36 4
1161 1171 18 8
1162 1163 38 7
1162 1164 24 10
1162 1165 25 8
1162 1172 19 4
1162 1173 22 6
1162 1174 26 9
1162 1175 18 3
1163 1164 31 1
1163 1165 41 9
1163 1176 19 5
1163 1177 44 6
1163 1178 18 8
1164 1165 28 7
1164 1179 12 3
1164 1180 12 4
1164 1181 11 9
1164 1191 8 8
1165 1182 6 8
1165 1183 24 1
1165 1184 4 7
1165 1185 25 2
1165 1186 16 8
1165 1187 44 5
1165 1188 5 3
1165 1189 24 10
1169 1177 5 9
1173 1192 3 3
1176 1179 30 4
1190 1191 46 1
1190 1192 42 4
1190 1193 44 6
1190 1194 24 8
1190 1195 48 3
1191 1196 31 10
1191 1197 46 4
1191 1198 4 8
1191 1199 15 4

0 1008 8
1 366 6
2 52 29
3 1065 6
4 204 33
5 227 9
6 651 17
7 1107 19
8 350 14
9 758 31
10 835 34
11 867 10
12 552 19
13 357 19
14 38 41
15 703 14
16 1037 13
17 96 31
18 989 22
19 76 3
20 471 48
21 884 18
22 957 25
23 263 54
24 559 23
25 738 19
26 587 10
27 451 13
28 568 20
29 427 39
30 261 26
31 679 24
32 840 18
33 1004 8
34 68 46
35 980 30
36 851 22
37 623 11
38 1103 48
39 218 15
40 339 37
41 153 37
42 1053 15
43 583 40
44 377 57
45 23 9
46 821 11
47 626 7
48 383 33
49 1067 9
50 527 7
51 50 26
52 988 37
53 925 21
54 265 15
55 454 13
56 1198 17
57 572 31
58 58 14
59 121 33
60 396 48
61 576 26
62 749 18
63 787 76
64 449 29
65 236 9
66 1174 23
67 92 46
68 510 85
69 436 6
70 264 18
71 354 31
72 782 9
73 209 18
74 795 40
75 66 10
76 1068 27
77 415 38
78 844 9
79 240 18
80 920 7
81 198 3
82 256 14
83 682 9
84 309 25
85 907 7
86 168 54
87 765 7
88 1166 8
89 398 91
90 669 26
91 981 56
92 79 6
93 459 12
94 843 17
95 894 6
96 250 22
97 1127 6
98 665 45
99 501 37
100 253 32
101 942 5
102 1155 46
103 313 14
104 1003 24
105 620 49
106 722 2
107 109 39
108 178 24
109 73 20
110 579 18
111 401 12
112 751 11
113 577 16
114 1196 30
115 125 3
116 1052 12
117 733 26
118 526 17
119 581 21
120 506 19
121 1066 3
122 570 7
123 786 20
124 814 5
125 113 10
126 714 18
127 812 9
128 410 18
129 120 14
130 941 21
131 89 43
132 637 62
133 295 83
134 619 9
135 872 41
136 165 21
137 217 49
138 565 62
139 283 5
140 816 10
141 824 7
142 723 9
143 598 25
144 711 3
145 546 28
146 691 52
147 15 19
148 926 16
149 767 38
150 389 18
151 636 25
152 403 11
153 639 30
154 402 3
155 252 24
156 681 15
157 531 5
158 860 48
159 617 3
160 1159 14
161 406 13
162 336 25
163 317 34
164 470 53
165 616 48
166 1188 2
167 627 22
168 480 53
169 193 52
170 503 52
171 298 9
172 320 14
173 429 21
174 469 2
175 367 24
176 797 11
177 280 29
178 777 23
179 75 29
180 242 25
181 567 1
182 324 28
183 72 25
184 582 77
185 1128 32
186 987 9
187 923 14
188 588 12
189 950 17
190 633 37
191 1102 6
192 967 45
193 725 40
194 416 26
195 500 14
196 1137 9
197 778 12
198 304 35
199 869 34
200 747 45
201 548 7
202 445 7
203 580 19
204 244 9
205 1077 15
206 10 18
207 174 23
208 1071 15
209 472 13
210 952 71
211 539 9
212 1109 58
213 41 19
214 349 43
215 1095 11
216 830 14
217 763 19
218 1179 71
219 382 36
220 44 36
221 1150 8
222 948 25
223 838 39
224 1015 8
225 834 27
226 369 29
227 945 16
228 732 15
229 848 18
230 811 29
231 808 12
232 308 17
233 603 3
234 781 31
235 518 15
236 1054 12
237 895 17
238 43 13
239 768 3
240 757 61
241 54 25
242 887 6
243 1110 23
244 1186 25
245 65 32
246 19 13
247 1076 15
248 713 31
249 110 8
250 259 13
251 438 19
252 1170 11
253 966 46
254 108 63
255 269 13
256 215 46
257 883 15
258 11 18
259 1193 10
260 928 65
261 444 17
262 774 4
263 372 12
264 646 14
265 136 33
266 555 33
267 143 31
268 1028 5
269 519 29
270 597 10
271 642 29
272 446 16
273 195 42
274 1182 20
275 306 17
276 839 12
277 258 29
278 448 25
279 305 51
280 1180 3
281 909 14
282 921 6
283 356 21
284 147 54
285 982 38
286 1158 29
287 630 33
288 31 12
289 126 10
290 207 36
291 530 19
292 631 20
293 788 7
294 710 16
295 303 1
296 428 34
297 387 15
298 1088 8
299 64 18
300 686 32
301 979 63
302 141 28
303 689 15
304 337 20
305 794 21
306 414 69
307 852 36
308 785 28
309 621 37
310 1192 109
311 1064 7
312 913 53
313 397 45
314 430 79
315 756 16
316 515 3
317 1073 45
318 463 16
319 388 23
320 1146 65
321 739 5
322 145 13
323 912 9
324 1085 14
325 709 6
326 288 16
327 332 61
328 970 7
329 239 55
330 1133 20
331 574 11
332 796 4
333 412 44
334 1061 46
335 5 17
336 400 51
337 148 28
338 934 13
339 1153 4
340 404 6
341 783 40
342 513 5
343 6 18
344 59 6
345 687 5
346 1070 9
347 301 33
348 42 29
349 557 24
350 214 24
351 762 26
352 150 26
353 144 24
354 1017 18
355 359 22
356 746 48
357 775 41
358 517 23
359 413 36
360 151 19
361 549 14
362 1082 20
363 850 13
364 737 10
365 1194 15
366 268 21
367 1173 9
368 677 14
369 1120 21
370 484 20
371 199 71
372 924 25
373 622 33
374 1058 7
375 284 20
376 547 24
377 69 3
378 29 30
379 833 7
380 128 4
381 13 24
382 163 38
383 876 83
384 748 28
385 1078 18
386 842 2
387 1097 45
388 953 40
389 680 6
390 535 17
391 865 33
392 1038 24
393 505 28
394 1020 37
395 885 14
396 647 18
397 640 21
398 729 20
399 538 9
400 1050 9
401 1112 16
402 776 19
403 807 3
404 984 2
405 1025 55
406 111 28
407 1057 7
408 94 57
409 911 48
410 179 52
411 1105 29
412 516 5
413 769 13
414 1135 24
415 878 1
416 514 22
417 734 17
418 536 12
419 1149 25
420 707 11
421 297 22
422 634 29
423 376 29
424 1096 33
425 441 26
426 152 4
427 875 49
428 189 33
429 202 5
430 918 15
431 593 10
432 524 62
433 176 54
434 1113 22
435 135 11
436 105 7
437 944 2
438 462 40
439 684 43
440 235 46
441 949 16
442 994 17
443 1197 32
444 760 6
445 37 14
446 990 22
447 992 4
448 892 10
449 1100 20
450 868 35
451 915 25
452 282 16
453 489 19
454 18 28
455 106 25
456 537 44
457 1060 31
458 1023 31
459 693 17
460 889 14
461 648 16
462 443 3
463 544 74
464 149 21
465 457 88
466 1168 10
467 908 42
468 498 16
469 1098 16
470 754 8
471 678 25
472 983 8
473 164 14
474 558 21
475 409 31
476 12 54
477 208 28
478 601 20
479 886 18
