1200 5287 480

0 25 200
1 50 500
2 75 800
3 100 1200
4 125 1700
5 150 2300
6 175 3000
7 200 3800
8 225 4600
9 250 5500

0 1500
1 1500
2 1500
3 2000
4 1500
5 1000
6 2000
7 2000
8 2000
9 1000
10 2000
11 2000
12 1000
13 2000
14 2000
15 1500
16 1500
17 1500
18 1500
19 1500
20 1000
21 2000
22 2000
23 1000
24 1000
25 1500
26 1500
27 2000
28 2000
29 2000
30 1500
31 1000
32 1500
33 2000
34 2000
35 1500
36 1500
37 1500
38 2000
39 2000
40 2000
41 1500
42 1000
43 2000
44 2000
45 2000
46 2000
47 2000
48 1500
49 1000
50 1500
51 1500
52 1500
53 1000
54 1500
55 2000
56 2000
57 2000
58 2000
59 2000
60 1000
61 1000
62 2000
63 1000
64 1500
65 1500
66 1500
67 1500
68 2000
69 2000
70 2000
71 1000
72 1000
73 2000
74 2000
75 1000
76 2000
77 2000
78 2000
79 2000
80 1500
81 1000
82 2000
83 1500
84 2000
85 1500
86 1000
87 2000
88 2000
89 2000
90 1000
91 1500
92 1500
93 500
94 500
95 1500
96 1500
97 1500
98 1500
99 2000
100 1000
101 1000
102 2000
103 1500
104 2000
105 1500
106 2000
107 2000
108 2000
109 2000
110 2000
111 1500
112 1000
113 2000
114 1000
115 1000
116 1500
117 1500
118 1500
119 1500
120 1500
121 1500
122 1000
123 1500
124 1500
125 500
126 1000
127 2000
128 2000
129 1500
130 1500
131 2000
132 2000
133 2000
134 1500
135 2000
136 2000
137 1000
138 1500
139 2000
140 2000
141 1000
142 1000
143 2000
144 2000
145 1500
146 2000
147 2000
148 2000
149 2000
150 2000
151 1500
152 2000
153 1000
154 500
155 1500
156 1000
157 2000
158 1500
159 2000
160 2000
161 2000
162 2000
163 1500
164 1500
165 1500
166 1500
167 1500
168 1500
169 1500
170 1500
171 1000
172 1000
173 2000
174 1000
175 1500
176 2000
177 1500
178 2000
179 2000
180 2000
181 2000
182 1000
183 1000
184 1500
185 2000
186 2000
187 1500
188 1000
189 2000
190 1500
191 2000
192 1000
193 2000
194 2000
195 1500
196 1500
197 1500
198 1000
199 1500
200 1500
201 1000
202 2000
203 2000
204 1000
205 2000
206 1000
207 2000
208 2000
209 2000
210 2000
211 1500
212 1000
213 1000
214 2000
215 2000
216 2000
217 2000
218 2000
219 2000
220 1500
221 2000
222 2000
223 1500
224 2000
225 1500
226 1500
227 1000
228 1500
229 1500
230 1500
231 1500
232 2000
233 1000
234 2000
235 2000
236 1000
237 2000
238 500
239 2000
240 2000
241 1500
242 1500
243 2000
244 1000
245 1500
246 2000
247 1500
248 2000
249 2000
250 2000
251 2000
252 1000
253 1000
254 2000
255 2000
256 2000
257 1000
258 1000
259 2000
260 1500
261 2000
262 1000
263 2000
264 1000
265 1500
266 2000
267 1500
268 2000
269 2000
270 1500
271 1500
272 1500
273 2000
274 1000
275 2000
276 2000
277 2000
278 1000
279 2000
280 1000
281 1500
282 2000
283 2000
284 1500
285 1500
286 1500
287 1500
288 1000
289 2000
290 2000
291 1000
292 1500
293 2000
294 2000
295 1000
296 2000
297 1000
298 2000
299 1500
300 2000
301 1000
302 1500
303 1000
304 1500
305 1500
306 1500
307 1500
308 1500
309 1500
310 1500
311 1500
312 2000
313 2000
314 1000
315 2000
316 1000
317 2000
318 2000
319 1500
320 1000
321 1000
322 2000
323 2000
324 2000
325 1500
326 2000
327 1500
328 2000
329 2000
330 1000
331 1500
332 1000
333 2000
334 2000
335 1500
336 2000
337 1000
338 2000
339 2000
340 1500
341 1500
342 1500
343 1500
344 1500
345 2000
346 2000
347 1500
348 1000
349 2000
350 2000
351 2000
352 1000
353 2000
354 1500
355 2000
356 1500
357 2000
358 2000
359 2000
360 1500
361 1000
362 2000
363 2000
364 2000
365 1500
366 1000
367 1000
368 2000
369 2000
370 1500
371 2000
372 1500
373 2000
374 1000
375 1500
376 1500
377 1000
378 1000
379 2000
380 1000
381 2000
382 2000
383 2000
384 2000
385 1000
386 2000
387 2000
388 1000
389 2000
390 2000
391 1500
392 500
393 1000
394 1500
395 1500
396 1500
397 1500
398 1500
399 1500
400 1500
401 1500
402 1000
403 1500
404 1000
405 2000
406 1500
407 2000
408 2000
409 1500
410 1500
411 1000
412 2000
413 2000
414 2000
415 2000
416 2000
417 1000
418 1000
419 2000
420 1500
421 1000
422 2000
423 1500
424 2000
425 2000
426 1000
427 1500
428 1500
429 2000
430 1000
431 1000
432 2000
433 1500
434 1000
435 1500
436 1500
437 2000
438 2000
439 2000
440 1500
441 1500
442 1500
443 1000
444 1500
445 1500
446 1500
447 2000
448 1000
449 2000
450 2000
451 2000
452 1500
453 1000
454 1500
455 2000
456 2000
457 2000
458 2000
459 1500
460 1500
461 1000
462 1500
463 500
464 1500
465 1000
466 1500
467 2000
468 1000
469 1000
470 1500
471 2000
472 2000
473 2000
474 1500
475 1000
476 1000
477 500
478 500
479 1000
480 1500
481 1500
482 1000
483 2000
484 1000
485 1000
486 2000
487 2000
488 1500
489 1000
490 1500
491 2000
492 500
493 1500
494 1500
495 1500
496 2000
497 2000
498 2000
499 1000
500 1500
501 1500
502 1500
503 1500
504 1500
505 1000
506 2000
507 2000
508 1500
509 2000
510 2000
511 1000
512 1000
513 1500
514 1500
515 2000
516 1000
517 1000
518 2000
519 1500
520 1500
521 2000
522 2000
523 2000
524 2000
525 1500
526 1500
527 1500
528 1500
529 1500
530 1500
531 1500
532 2000
533 1500
534 2000
535 1000
536 2000
537 2000
538 2000
539 2000
540 2000
541 2000
542 2000
543 2000
544 1000
545 1000
546 1000
547 1500
548 1500
549 2000
550 1500
551 2000
552 1000
553 2000
554 1000
555 2000
556 2000
557 2000
558 1000
559 2000
560 1500
561 1500
562 1500
563 1500
564 1000
565 1500
566 1500
567 1000
568 2000
569 2000
570 1500
571 2000
572 1500
573 1000
574 2000
575 2000
576 1500
577 2000
578 2000
579 2000
580 1000
581 2000
582 1500
583 1500
584 1000
585 1500
586 2000
587 1000
588 1000
589 1000
590 2000
591 1000
592 1500
593 1500
594 2000
595 1500
596 1500
597 2000
598 2000
599 2000
600 1000
601 1500
602 1500
603 1500
604 500
605 1000
606 2000
607 1000
608 1000
609 1000
610 2000
611 1000
612 2000
613 2000
614 1000
615 1500
616 1000
617 2000
618 1500
619 1500
620 1500
621 1500
622 2000
623 1500
624 2000
625 1000
626 2000
627 1000
628 2000
629 2000
630 1500
631 1500
632 1500
633 1500
634 1500
635 1500
636 1000
637 1500
638 1500
639 1500
640 1000
641 2000
642 2000
643 1000
644 1500
645 2000
646 1500
647 1000
648 2000
649 1000
650 1000
651 1000
652 2000
653 1000
654 1000
655 1000
656 2000
657 2000
658 2000
659 1500
660 1500
661 2000
662 2000
663 1000
664 1000
665 2000
666 500
667 1500
668 1500
669 1500
670 1000
671 1500
672 2000
673 1000
674 2000
675 2000
676 2000
677 2000
678 1500
679 2000
680 1500
681 1500
682 1000
683 1500
684 1000
685 2000
686 1000
687 2000
688 2000
689 1500
690 2000
691 2000
692 1000
693 2000
694 500
695 1500
696 1500
697 1500
698 1500
699 1000
700 1500
701 1000
702 1500
703 1000
704 1000
705 1500
706 2000
707 1000
708 1500
709 2000
710 1000
711 2000
712 2000
713 1500
714 1500
715 2000
716 2000
717 2000
718 2000
719 500
720 1500
721 1500
722 1500
723 1500
724 1500
725 2000
726 2000
727 2000
728 1500
729 2000
730 2000
731 1500
732 2000
733 2000
734 2000
735 1000
736 1000
737 2000
738 2000
739 1000
740 1500
741 1500
742 2000
743 2000
744 2000
745 1500
746 1500
747 1500
748 1500
749 1500
750 1500
751 1500
752 1500
753 2000
754 2000
755 1500
756 2000
757 1000
758 2000
759 2000
760 1000
761 2000
762 2000
763 2000
764 1500
765 2000
766 1500
767 2000
768 1000
769 1000
770 1500
771 1000
772 2000
773 1000
774 1500
775 2000
776 1000
777 1000
778 1000
779 2000
780 2000
781 2000
782 2000
783 2000
784 1500
785 1500
786 1500
787 1500
788 2000
789 1000
790 2000
791 1000
792 1500
793 2000
794 2000
795 1500
796 1500
797 2000
798 2000
799 2000
800 1500
801 1500
802 1500
803 1500
804 2000
805 1000
806 2000
807 1500
808 1000
809 1000
810 2000
811 2000
812 1000
813 2000
814 1000
815 1500
816 1000
817 1500
818 1500
819 1000
820 1000
821 1500
822 1500
823 2000
824 2000
825 2000
826 1500
827 1500
828 1500
829 1500
830 1000
831 1500
832 2000
833 1500
834 2000
835 1000
836 2000
837 2000
838 1500
839 500
840 1500
841 1500
842 1500
843 1500
844 2000
845 2000
846 1500
847 2000
848 2000
849 1000
850 1000
851 2000
852 2000
853 1500
854 1000
855 2000
856 2000
857 1000
858 1000
859 1500
860 1500
861 1000
862 1000
863 1000
864 2000
865 1000
866 2000
867 1000
868 1500
869 1500
870 1500
871 1500
872 1500
873 1500
874 2000
875 1000
876 2000
877 1000
878 1000
879 1000
880 1500
881 1000
882 2000
883 1500
884 1000
885 2000
886 1000
887 2000
888 1000
889 1000
890 1500
891 1500
892 1000
893 1000
894 1500
895 1500
896 1500
897 1500
898 2000
899 2000
900 1000
901 1000
902 1500
903 1000
904 1500
905 1500
906 1500
907 2000
908 500
909 500
910 500
911 1500
912 1000
913 2000
914 1500
915 2000
916 2000
917 1000
918 2000
919 2000
920 2000
921 2000
922 1500
923 1500
924 1500
925 2000
926 1000
927 1000
928 2000
929 2000
930 1500
931 1500
932 1500
933 2000
934 1000
935 2000
936 2000
937 2000
938 2000
939 2000
940 1000
941 1500
942 1500
943 1500
944 500
945 1500
946 2000
947 2000
948 2000
949 1000
950 1500
951 1000
952 1000
953 1000
954 1500
955 1500
956 1500
957 2000
958 2000
959 1000
960 2000
961 1500
962 1500
963 1500
964 1500
965 1500
966 500
967 1000
968 1000
969 2000
970 2000
971 1000
972 1500
973 2000
974 2000
975 1000
976 1000
977 1000
978 1000
979 1500
980 1000
981 2000
982 2000
983 2000
984 1000
985 1500
986 1500
987 1500
988 1500
989 1500
990 2000
991 2000
992 1500
993 2000
994 1000
995 2000
996 2000
997 1000
998 2000
999 2000
1000 1000
1001 1000
1002 1500
1003 2000
1004 1000
1005 1500
1006 1500
1007 1500
1008 1000
1009 1500
1010 1000
1011 1500
1012 2000
1013 1000
1014 1500
1015 2000
1016 2000
1017 2000
1018 2000
1019 1000
1020 2000
1021 1000
1022 2000
1023 2000
1024 2000
1025 500
1026 2000
1027 2000
1028 1000
1029 1000
1030 1000
1031 1500
1032 1500
1033 1500
1034 1500
1035 1500
1036 2000
1037 1000
1038 2000
1039 2000
1040 2000
1041 1000
1042 1000
1043 1000
1044 2000
1045 1500
1046 1500
1047 2000
1048 2000
1049 2000
1050 2000
1051 1000
1052 2000
1053 1000
1054 2000
1055 1500
1056 1000
1057 1000
1058 2000
1059 2000
1060 1500
1061 1500
1062 1500
1063 1500
1064 1500
1065 1500
1066 1000
1067 1500
1068 1500
1069 2000
1070 1000
1071 2000
1072 1000
1073 1000
1074 2000
1075 2000
1076 2000
1077 2000
1078 2000
1079 2000
1080 1500
1081 2000
1082 1000
1083 2000
1084 2000
1085 1500
1086 2000
1087 2000
1088 1000
1089 2000
1090 2000
1091 1000
1092 2000
1093 2000
1094 1500
1095 500
1096 1000
1097 2000
1098 1500
1099 1500
1100 1000
1101 2000
1102 2000
1103 2000
1104 2000
1105 1500
1106 2000
1107 1500
1108 1000
1109 2000
1110 1500
1111 1500
1112 2000
1113 1500
1114 2000
1115 1000
1116 2000
1117 2000
1118 1500
1119 2000
1120 1000
1121 1500
1122 1500
1123 1500
1124 2000
1125 2000
1126 1500
1127 2000
1128 2000
1129 1000
1130 2000
1131 1500
1132 2000
1133 1000
1134 1000
1135 1500
1136 1500
1137 1000
1138 1500
1139 1500
1140 2000
1141 1000
1142 1500
1143 2000
1144 1500
1145 1500
1146 2000
1147 1000
1148 1000
1149 500
1150 2000
1151 2000
1152 1000
1153 2000
1154 1000
1155 2000
1156 2000
1157 1500
1158 2000
1159 2000
1160 1500
1161 1000
1162 1000
1163 1000
1164 2000
1165 1500
1166 1500
1167 1000
1168 1000
1169 1500
1170 1500
1171 1500
1172 1000
1173 2000
1174 2000
1175 1000
1176 2000
1177 500
1178 1000
1179 500
1180 1500
1181 1000
1182 500
1183 1000
1184 500
1185 1000
1186 500
1187 1000
1188 2000
1189 1000
1190 2000
1191 1000
1192 2000
1193 1000
1194 1500
1195 1500
1196 1000
1197 2000
1198 2000
1199 1500

0 1 49 3
0 2 26 10
0 3 23 3
0 4 35 7
0 5 30 1
0 6 2 9
0 7 44 6
0 8 41 1
0 9 41 7
0 30 31 5
0 35 10 5
0 52 4 4
0 80 24 7
0 86 9 9
0 95 6 1
0 97 32 1
0 119 8 2
0 226 34 2
0 229 47 3
0 265 26 5
0 306 35 4
0 365 28 5
0 375 36 7
0 378 50 5
0 402 45 10
0 475 47 1
0 482 10 2
0 501 8 4
0 529 19 2
0 530 37 10
0 566 33 5
0 595 5 4
0 603 18 2
0 696 9 5
0 697 10 7
0 785 30 10
0 787 7 6
0 816 40 9
0 860 28 10
0 861 35 8
0 930 6 1
0 941 32 8
0 1008 24 8
0 1009 31 4
0 1030 25 10
0 1045 41 8
0 1046 22 4
0 1065 21 6
0 1105 37 10
0 1121 27 5
0 1137 31 9
0 1160 33 9
0 1167 26 2
1 2 19 6
1 10 34 2
1 11 22 7
1 12 4 7
1 15 18 6
1 51 42 1
1 65 39 10
1 260 3 6
1 271 4 7
1 285 28 9
1 287 39 4
1 308 6 4
1 341 46 6
1 370 48 10
1 402 47 2
1 440 13 9
1 480 20 2
1 502 4 5
1 561 14 5
1 603 13 4
1 620 5 5
1 636 19 4
1 639 17 7
1 722 31 6
1 745 36 4
1 747 10 3
1 840 8 9
1 873 38 6
1 895 13 3
1 986 18 10
1 1032 2 7
1 1067 35 4
1 1111 44 8
1 1120 29 5
1 1160 2 5
2 13 49 10
2 14 27 7
2 16 25 1
2 36 37 4
2 66 20 1
2 166 16 4
2 170 39 6
2 200 50 7
2 265 41 9
2 271 35 10
2 344 24 3
2 370 27 4
2 475 5 10
2 495 10 8
2 621 50 4
2 680 8 10
2 722 45 3
2 800 34 1
2 801 24 5
2 817 29 3
2 843 37 5
2 870 15 2
2 896 8 5
2 930 30 4
2 940 18 8
2 955 16 3
2 956 26 5
2 1055 33 7
2 1105 47 6
2 1110 27 8
2 1136 5 3
2 1165 46 2
3 493 18 8
4 549 38 6
6 628 30 7
7 514 38 7
7 948 43 6
8 138 4 7
8 999 18 3
9 922 14 9
10 660 47 4
11 419 5 6
12 211 34 4
13 555 48 2
14 521 38 1
14 1113 36 9
14 1125 2 10
15 16 46 5
15 17 31 10
15 18 50 10
15 19 4 1
15 20 19 2
15 21 18 6
15 30 24 7
15 35 27 3
15 85 28 9
15 118 20 9
15 165 41 4
15 170 13 2
15 230 42 5
15 288 19 1
15 340 30 10
15 344 26 7
15 365 1 10
15 370 11 4
15 400 41 10
15 402 29 10
15 443 25 9
15 475 12 10
15 481 15 2
15 482 13 2
15 495 22 8
15 501 34 10
15 503 21 8
15 525 18 5
15 561 44 10
15 565 4 1
15 620 31 6
15 621 47 2
15 631 19 6
15 682 28 1
15 697 36 8
15 748 47 1
15 749 25 9
15 787 2 3
15 800 26 2
15 817 25 5
15 842 2 8
15 873 6 10
15 930 36 4
15 986 3 2
15 1045 17 7
15 1055 18 4
15 1105 43 7
15 1110 21 3
15 1111 35 10
15 1121 35 9
15 1139 32 1
15 1170 37 7
16 17 48 8
16 22 6 2
16 23 48 9
16 24 24 4
16 25 36 10
16 26 9 2
16 30 19 8
16 51 2 10
16 65 38 10
16 66 13 5
16 80 46 10
16 225 13 4
16 260 14 4
16 265 37 1
16 272 5 7
16 287 45 7
16 307 48 4
16 308 22 1
16 377 38 1
16 475 16 3
16 495 27 8
16 527 25 10
16 595 21 10
16 603 45 6
16 633 5 5
16 721 1 6
16 724 49 10
16 786 38 2
16 860 19 1
16 897 23 4
16 930 28 9
16 941 32 3
16 952 2 10
16 1030 39 7
16 1032 36 10
16 1064 3 7
16 1068 37 5
16 1160 6 5
17 27 11 7
17 28 46 4
17 29 44 7
17 35 31 4
17 52 28 10
17 86 13 6
17 96 28 6
17 98 48 1
17 124 6 1
17 196 8 8
17 199 16 8
17 260 46 5
17 265 3 9
17 272 43 8
17 365 44 10
17 370 13 3
17 377 1 3
17 442 9 9
17 595 7 2
17 600 44 6
17 681 29 3
17 696 24 5
17 800 7 5
17 816 22 5
17 841 41 8
17 860 22 1
17 894 16 5
17 941 32 9
17 953 8 1
17 987 46 4
17 1007 38 8
17 1009 16 10
17 1045 47 8
17 1055 26 5
17 1105 40 2
17 1122 35 2
17 1136 3 4
17 1166 9 1
18 877 47 6
18 982 11 8
19 160 30 8
19 707 37 8
21 281 45 3
21 784 11 5
25 33 17 3
26 276 7 2
28 177 7 7
29 556 11 1
29 1123 7 4
30 31 36 10
30 32 50 2
30 33 43 2
30 34 50 2
30 36 5 7
30 50 35 6
30 65 2 6
30 80 37 4
30 85 1 3
30 86 12 2
30 97 3 5
30 117 5 3
30 118 12 3
30 168 14 2
30 169 19 2
30 198 27 8
30 200 46 4
30 227 35 4
30 229 29 10
30 260 28 5
30 265 8 8
30 270 27 9
30 272 12 4
30 286 40 8
30 287 44 5
30 306 2 2
30 310 35 6
30 342 47 10
30 344 20 2
30 365 9 3
30 370 36 6
30 378 8 6
30 398 7 1
30 401 20 10
30 440 41 2
30 444 18 5
30 475 4 8
30 480 24 3
30 482 11 3
30 495 38 9
30 500 9 1
30 503 23 8
30 527 47 10
30 531 18 1
30 562 34 4
30 566 4 5
30 595 11 9
30 600 25 6
30 601 5 3
30 620 16 4
30 621 11 4
30 635 13 8
30 638 9 3
30 680 14 7
30 681 17 7
30 695 22 1
30 697 50 10
30 720 28 6
30 721 39 9
30 747 33 5
30 751 40 4
30 785 33 2
30 787 27 5
30 800 4 9
30 815 27 7
30 817 14 10
30 842 47 6
30 843 46 7
30 861 46 1
30 872 32 7
30 896 24 10
30 930 48 8
30 940 22 10
30 941 30 8
30 952 14 7
30 955 42 4
30 986 2 10
30 987 18 8
30 1008 28 10
30 1009 31 10
30 1030 38 9
30 1045 40 9
30 1046 24 4
30 1055 29 1
30 1061 44 1
30 1067 24 10
30 1105 26 7
30 1111 40 4
30 1122 46 4
30 1135 1 5
30 1160 45 7
30 1165 17 7
30 1166 15 2
32 692 4 1
32 1101 33 10
33 945 18 4
33 983 37 2
34 740 36 6
35 36 6 8
35 37 39 3
35 38 9 8
35 39 15 5
35 40 39 2
35 41 33 10
35 80 21 5
35 305 32 2
35 365 25 2
35 370 16 7
35 378 9 8
35 444 2 2
35 475 19 6
35 501 6 3
35 504 11 3
35 562 29 8
35 602 4 1
35 620 39 5
35 637 5 2
35 699 2 4
35 720 23 3
35 745 32 10
35 787 6 4
35 819 14 4
35 860 1 3
35 890 22 9
35 896 1 7
35 930 12 3
35 985 3 2
35 1005 33 6
35 1008 26 9
35 1030 49 3
35 1031 40 9
35 1045 20 5
35 1046 7 5
35 1055 30 6
35 1105 7 10
35 1110 7 10
35 1111 32 7
35 1138 25 9
35 1160 15 5
36 37 28 7
36 42 11 1
36 43 45 8
36 44 32 4
36 45 14 3
36 52 41 1
36 67 35 4
36 98 4 2
36 122 10 2
36 167 38 9
36 195 39 2
36 198 35 9
36 229 40 4
36 260 39 6
36 270 9 10
36 288 47 6
36 340 3 7
36 397 9 3
36 401 26 3
36 482 45 3
36 529 36 10
36 595 35 3
36 601 6 5
36 637 12 10
36 800 10 9
36 818 44 4
36 871 1 8
36 931 33 5
36 940 15 5
36 941 25 5
36 1055 5 6
36 1060 48 2
36 1061 24 7
36 1120 29 3
36 1137 45 1
36 1160 16 1
36 1169 20 10
37 46 36 9
37 47 41 2
37 48 6 10
37 49 20 2
37 52 41 3
37 65 21 10
37 80 14 3
37 85 7 8
37 86 48 8
37 98 44 10
37 121 16 2
37 165 24 2
37 229 20 9
37 260 18 2
37 265 32 6
37 270 49 10
37 309 18 9
37 342 28 4
37 376 17 10
37 445 29 2
37 475 44 7
37 495 22 5
37 529 7 7
37 560 7 10
37 595 33 7
37 680 33 2
37 681 29 1
37 697 20 7
37 720 4 1
37 746 9 4
37 785 49 8
37 802 35 2
37 842 17 5
37 843 26 5
37 861 40 1
37 873 26 3
37 950 37 10
37 952 35 4
37 988 50 1
37 1105 29 10
37 1167 4 4
38 354 32 3
38 586 45 10
41 299 44 3
41 774 16 4
41 1083 48 9
43 539 7 1
44 394 40 5
45 74 40 1
46 133 12 5
48 935 50 1
48 1173 22 9
50 51 23 3
50 52 4 10
50 53 47 5
50 54 24 1
50 55 37 10
50 56 3 1
50 57 10 2
50 58 33 8
50 98 6 9
50 117 10 2
50 168 21 8
50 169 33 5
50 200 34 10
50 230 23 7
50 271 36 10
50 341 42 4
50 378 3 3
50 400 19 9
50 441 50 4
50 475 34 4
50 495 3 3
50 501 32 6
50 530 25 9
50 565 31 4
50 595 5 2
50 631 38 6
50 633 5 8
50 695 27 10
50 801 36 10
50 817 27 3
50 860 27 10
50 872 36 3
50 892 30 6
50 931 37 10
50 940 35 1
50 987 3 6
50 988 36 6
50 1005 35 5
50 1105 13 4
50 1111 43 10
50 1120 38 3
50 1121 27 8
50 1138 43 5
50 1170 44 2
51 52 37 7
51 59 23 4
51 60 20 7
51 61 27 9
51 65 46 9
51 85 32 5
51 198 20 10
51 260 15 1
51 265 47 2
51 286 23 5
51 308 5 9
51 310 3 2
51 341 48 8
51 365 44 7
51 370 30 9
51 443 7 3
51 481 4 6
51 495 32 3
51 503 9 5
51 528 19 4
51 601 39 4
51 602 21 4
51 621 19 9
51 682 20 6
51 699 2 8
51 722 49 10
51 724 16 8
51 786 3 5
51 842 50 6
51 956 40 6
51 1046 49 10
51 1060 28 7
51 1066 22 8
51 1110 30 9
52 62 41 7
52 63 47 4
52 64 25 4
52 67 28 4
52 80 1 3
52 86 10 8
52 96 38 8
52 229 7 10
52 265 42 2
52 285 46 10
52 365 42 8
52 370 20 7
52 402 47 5
52 475 39 8
52 481 38 2
52 563 21 4
52 595 11 4
52 621 20 10
52 682 6 6
52 747 2 2
52 785 6 1
52 801 17 10
52 818 17 4
52 841 43 6
52 861 23 6
52 871 50 3
52 896 8 6
52 931 44 3
52 953 4 2
52 1005 6 6
52 1030 2 2
52 1031 50 2
52 1055 17 4
52 1105 28 9
52 1138 15 6
52 1160 22 5
52 1167 7 5
54 960 43 10
54 1199 16 2
56 57 32 5
56 357 29 2
58 972 6 1
59 979 42 6
59 1107 49 8
62 740 28 10
63 332 21 8
63 1099 37 3
64 1078 15 6
65 66 25 6
65 67 35 8
65 68 34 2
65 69 16 9
65 70 11 10
65 71 43 3
65 72 14 8
65 86 15 10
65 98 3 7
65 122 14 9
65 195 21 9
65 200 30 4
65 228 23 8
65 272 20 10
65 285 7 9
65 365 12 1
65 370 39 10
65 376 37 2
65 401 46 2
65 442 24 9
65 475 46 4
65 482 14 5
65 503 4 8
65 528 4 2
65 560 42 10
65 620 33 9
65 681 29 5
65 696 5 8
65 785 14 8
65 800 50 8
65 841 48 5
65 930 29 9
65 940 5 9
65 952 33 9
65 1032 28 5
65 1046 8 5
65 1055 23 9
65 1064 9 8
65 1110 21 7
65 1111 39 5
65 1122 49 2
65 1160 49 4
66 67 2 10
66 73 35 4
66 74 23 3
66 75 47 2
66 80 29 6
66 86 5 3
66 167 24 1
66 260 43 8
66 265 26 10
66 270 48 1
66 288 14 2
66 310 2 7
66 342 43 3
66 365 28 6
66 475 4 6
66 481 50 3
66 495 24 3
66 504 33 9
66 525 25 9
66 595 14 3
66 632 25 10
66 633 42 4
66 680 11 7
66 699 15 8
66 815 21 10
66 843 3 9
66 861 23 1
66 871 15 4
66 891 35 3
66 931 11 4
66 940 30 3
66 954 33 1
66 988 44 3
66 1006 14 3
66 1009 12 3
66 1045 15 4
66 1055 28 9
66 1139 45 7
66 1160 35 6
66 1165 18 9
67 76 45 4
67 77 27 1
67 78 37 1
67 79 21 9
67 80 23 3
67 95 45 6
67 167 45 4
67 226 11 10
67 260 23 10
67 265 46 9
67 309 38 9
67 343 20 1
67 370 41 4
67 376 33 5
67 400 32 4
67 441 46 9
67 495 36 9
67 565 9 7
67 595 29 8
67 602 40 9
67 621 13 4
67 723 19 7
67 746 8 10
67 749 31 10
67 786 6 5
67 818 48 9
67 861 32 1
67 871 30 10
67 890 50 5
67 985 48 9
67 1032 2 10
67 1065 21 9
67 1105 45 8
67 1120 8 8
67 1138 24 4
67 1168 43 7
68 334 25 9
68 534 35 10
69 519 42 10
74 957 38 2
77 906 18 10
78 383 14 2
79 550 43 9
79 1074 21 5
80 81 4 10
80 82 2 4
80 83 48 9
80 84 15 1
80 86 44 4
80 96 27 9
80 98 15 7
80 119 6 10
80 122 5 2
80 167 41 10
80 168 47 6
80 197 39 6
80 199 48 3
80 226 6 2
80 230 26 9
80 260 30 6
80 265 34 4
80 270 24 6
80 271 24 8
80 285 36 10
80 286 10 10
80 307 43 8
80 309 38 8
80 342 38 9
80 344 29 4
80 365 34 2
80 370 45 6
80 375 36 7
80 376 25 9
80 396 24 1
80 403 42 2
80 440 12 5
80 442 49 3
80 475 34 8
80 480 48 1
80 481 48 10
80 495 29 9
80 502 21 6
80 527 10 4
80 530 39 7
80 560 13 5
80 565 26 1
80 595 37 10
80 600 26 4
80 602 50 3
80 620 21 1
80 621 37 3
80 633 11 10
80 636 10 10
80 681 44 10
80 697 48 3
80 698 31 2
80 721 49 4
80 723 15 1
80 746 36 3
80 748 40 5
80 785 48 2
80 786 31 8
80 801 42 1
80 817 44 2
80 818 27 10
80 840 9 7
80 842 17 9
80 861 39 2
80 870 46 2
80 897 42 5
80 930 46 10
80 940 43 7
80 941 3 8
80 950 40 3
80 955 13 10
80 986 27 4
80 988 16 1
80 1006 27 8
80 1031 36 4
80 1045 12 3
80 1046 26 9
80 1055 28 2
80 1066 38 10
80 1105 36 9
80 1110 20 1
80 1111 34 3
80 1121 30 6
80 1122 23 10
80 1135 4 7
80 1160 41 10
80 1166 48 1
82 961 25 5
83 368 32 7
83 1181 20 3
84 914 34 5
84 1020 1 2
85 86 19 4
85 87 2 9
85 88 35 6
85 89 23 9
85 90 35 1
85 91 44 1
85 92 8 8
85 98 1 6
85 119 43 2
85 170 34 4
85 199 7 5
85 226 40 2
85 260 40 8
85 265 4 4
85 271 3 2
85 288 28 5
85 306 16 10
85 308 31 10
85 341 34 7
85 342 38 1
85 365 44 4
85 370 7 3
85 378 41 8
85 395 7 7
85 399 26 2
85 443 24 6
85 475 15 5
85 480 49 5
85 495 25 10
85 530 33 2
85 563 4 10
85 595 17 10
85 600 14 9
85 603 4 5
85 620 16 2
85 680 50 4
85 696 49 4
85 721 13 2
85 723 6 3
85 745 48 7
85 801 48 2
85 815 17 7
85 819 5 8
85 843 36 7
85 861 50 5
85 871 18 10
85 930 38 7
85 986 17 2
85 987 10 9
85 1009 25 5
85 1032 31 10
85 1045 18 5
85 1046 16 3
85 1055 20 6
85 1105 49 4
85 1110 12 5
85 1120 31 6
85 1137 31 2
85 1160 3 9
86 93 3 3
86 94 37 10
86 95 30 8
86 116 29 7
86 170 10 2
86 198 10 1
86 228 49 4
86 272 34 1
86 288 37 8
86 370 18 5
86 443 2 6
86 475 36 5
86 481 47 3
86 495 40 7
86 500 5 6
86 504 15 3
86 525 9 4
86 561 41 3
86 595 22 6
86 621 17 4
86 631 26 8
86 634 18 2
86 682 4 7
86 699 26 1
86 747 46 1
86 785 13 2
86 787 3 1
86 800 17 9
86 843 49 1
86 860 22 3
86 892 20 8
86 895 35 3
86 930 26 2
86 940 9 6
86 941 45 3
86 950 21 9
86 954 34 9
86 1006 29 5
86 1031 8 10
86 1063 35 10
86 1066 38 6
86 1105 2 6
86 1111 48 10
86 1138 34 8
86 1160 6 4
86 1166 31 3
87 289 47 10
88 759 7 7
89 925 7 7
90 1072 45 10
91 505 42 10
91 1059 20 7
92 333 10 4
93 573 49 3
95 96 32 2
95 97 32 3
95 98 45 6
95 99 14 3
95 100 2 6
95 101 3 10
95 102 10 10
95 103 22 5
95 195 42 7
95 197 50 5
95 308 16 5
95 370 3 5
95 376 30 4
95 481 20 4
95 495 15 9
95 600 15 9
95 721 5 3
95 841 49 2
95 861 49 7
95 870 31 3
95 892 24 2
95 940 38 6
95 987 8 8
95 988 2 2
95 1046 3 4
95 1055 19 2
95 1066 19 8
95 1105 43 2
95 1111 45 3
95 1160 23 5
95 1167 14 8
95 1168 33 9
96 97 3 9
96 98 6 2
96 104 50 9
96 105 37 8
96 122 24 5
96 167 14 5
96 230 44 3
96 260 36 2
96 272 23 2
96 285 10 6
96 343 21 7
96 365 44 5
96 398 17 3
96 402 48 7
96 442 46 7
96 495 38 2
96 501 46 4
96 531 33 4
96 621 35 9
96 639 34 5
96 680 12 4
96 682 8 2
96 697 6 10
96 721 1 9
96 800 47 4
96 930 35 1
96 931 40 2
96 1030 7 1
96 1032 44 5
96 1045 38 1
96 1055 38 5
96 1065 46 8
96 1120 39 4
96 1121 9 6
97 98 17 9
97 106 50 4
97 107 9 1
97 265 45 1
97 272 47 4
97 288 28 10
97 309 2 9
97 475 9 2
97 480 31 8
97 526 39 8
97 563 12 10
97 750 7 8
97 786 50 3
97 802 32 5
97 815 29 8
97 870 18 3
97 890 19 10
97 940 2 7
97 952 2 7
97 956 23 4
97 1135 22 5
98 108 22 4
98 109 30 5
98 110 36 4
98 111 15 2
98 112 50 2
98 113 35 9
98 114 33 7
98 117 26 6
98 168 40 10
98 227 10 1
98 265 30 3
98 341 28 1
98 365 1 10
98 370 4 5
98 378 46 5
98 443 34 3
98 502 28 4
98 561 22 6
98 595 5 4
98 603 44 7
98 621 6 5
98 696 46 1
98 748 9 1
98 785 29 5
98 816 3 6
98 842 3 6
98 860 13 7
98 1007 8 7
98 1105 41 8
98 1111 8 3
98 1160 35 8
99 490 17 1
101 508 31 3
102 964 43 6
103 1164 10 1
103 1183 28 7
105 296 37 2
106 292 37 8
106 825 33 10
106 1047 34 10
108 486 36 2
108 493 11 1
111 716 13 4
112 1042 29 7
113 328 15 8
114 409 47 9
114 809 24 6
115 116 39 2
115 117 35 4
115 118 35 7
115 119 28 4
115 120 5 8
115 121 34 4
115 122 26 10
115 123 3 1
115 124 27 9
115 125 46 6
115 165 39 3
115 225 31 3
115 503 18 7
115 530 23 6
115 595 29 3
115 1055 41 3
115 1105 38 3
115 1160 6 5
116 117 13 6
116 118 46 8
116 119 12 5
116 120 40 8
116 121 39 3
116 122 16 8
116 123 44 6
116 124 16 9
116 126 27 1
116 127 10 8
116 265 8 1
116 563 29 1
116 621 24 4
116 816 38 7
116 842 27 5
116 871 8 1
116 892 24 5
116 930 32 3
116 1006 6 6
116 1160 35 2
117 118 48 4
117 119 11 3
117 120 42 8
117 121 30 3
117 122 16 1
117 123 17 9
117 124 10 5
117 128 27 10
117 129 20 9
117 130 12 8
117 131 24 7
117 132 25 9
117 133 35 3
117 370 31 9
117 378 2 4
117 745 28 2
117 987 30 6
117 1061 23 4
117 1105 14 3
118 119 41 7
118 120 50 8
118 121 20 9
118 122 39 2
118 123 34 2
118 124 24 5
118 134 23 5
118 135 3 6
118 136 24 3
118 137 42 10
118 138 26 7
118 139 47 4
118 140 3 8
118 141 19 8
118 142 41 10
118 143 20 8
118 475 39 1
118 495 49 6
118 602 43 5
118 1046 1 3
119 120 6 1
119 121 24 7
119 122 38 7
119 123 6 6
119 124 27 4
119 144 10 7
119 145 36 9
119 146 8 3
119 147 45 5
119 225 20 10
119 271 35 6
119 342 48 8
119 344 13 3
119 395 19 4
119 501 2 8
119 940 24 7
119 953 26 2
120 121 5 1
120 122 3 6
120 123 38 4
120 124 41 3
120 148 35 6
120 149 31 3
120 150 33 10
120 151 39 4
120 260 33 10
120 309 14 9
120 365 3 7
120 403 50 3
120 440 50 2
120 482 14 7
120 680 34 7
120 698 37 4
120 752 8 4
120 802 31 5
120 860 16 7
120 952 5 10
120 986 15 10
120 1169 7 7
121 122 18 4
121 123 32 8
121 124 8 7
121 152 10 4
121 153 40 2
121 196 30 10
121 271 2 5
121 495 50 5
121 566 17 1
121 595 36 9
121 787 19 3
121 815 25 2
121 873 25 5
121 890 10 5
121 1135 12 8
122 123 46 1
122 124 20 8
122 154 44 8
122 198 4 2
122 370 8 2
122 637 42 7
122 801 8 8
122 842 37 5
122 1110 33 9
122 1122 18 2
123 124 26 2
123 155 17 8
123 156 22 1
123 157 12 7
123 158 50 10
123 159 48 3
123 160 34 4
123 260 32 4
123 265 22 6
123 286 40 7
123 288 23 6
123 375 17 6
123 529 33 10
123 634 32 2
123 680 34 5
123 697 6 3
123 724 16 9
123 785 41 10
123 931 50 9
123 941 41 7
123 1120 19 10
124 161 5 4
124 162 36 5
124 163 9 1
124 164 48 6
124 169 20 9
124 305 21 8
124 365 4 5
124 446 2 1
124 475 9 8
124 482 5 5
124 603 1 3
124 620 12 4
124 860 41 1
124 1030 4 10
124 1046 32 6
124 1055 7 9
124 1060 12 4
124 1110 19 8
124 1138 10 3
124 1169 4 6
128 364 35 1
129 389 16 6
130 259 5 4
130 335 14 10
130 735 20 1
132 1195 16 10
134 141 2 1
134 523 24 10
134 853 1 3
135 460 29 2
136 659 42 4
137 994 18 3
138 520 3 2
138 1176 6 3
139 970 37 4
140 689 1 3
142 713 46 10
143 728 11 7
143 744 11 2
143 964 14 8
144 151 33 4
144 175 41 2
144 779 15 8
144 913 40 8
145 408 39 5
148 1112 22 3
149 957 21 7
150 435 38 5
151 334 30 3
155 203 1 3
156 544 35 4
157 792 18 1
158 1017 9 6
160 413 22 8
162 583 7 2
163 1074 5 10
164 497 23 6
165 166 16 6
165 167 35 6
165 168 15 9
165 169 40 2
165 170 15 7
165 171 31 2
165 172 4 10
165 173 15 4
165 174 46 1
165 175 18 7
165 376 1 1
165 482 26 8
165 595 50 7
165 682 13 1
165 698 24 10
165 752 1 9
165 786 39 6
165 819 24 7
165 860 44 8
165 890 27 1
165 950 12 3
165 986 10 2
165 1005 35 8
165 1030 23 5
165 1062 36 10
165 1122 16 5
165 1135 43 7
165 1160 36 3
166 167 45 6
166 168 18 7
166 169 49 4
166 170 24 2
166 176 23 2
166 272 17 10
166 344 34 6
166 397 32 5
166 444 28 6
166 495 33 3
166 504 28 8
166 529 42 5
166 595 44 5
166 601 50 6
166 621 21 8
166 632 40 3
166 698 38 2
166 861 15 5
166 873 10 1
166 940 48 1
166 953 39 4
166 1105 17 7
167 168 19 10
167 169 7 5
167 170 30 1
167 177 24 9
167 178 7 8
167 179 9 9
167 180 24 9
167 287 36 2
167 309 4 8
167 365 22 3
167 370 26 7
167 443 44 2
167 639 26 8
167 724 40 9
167 816 40 7
167 931 14 1
167 1045 47 10
167 1046 32 4
167 1055 36 10
167 1169 12 10
168 169 32 4
168 170 22 2
168 181 46 3
168 182 43 9
168 183 24 7
168 196 45 10
168 230 1 8
168 260 1 4
168 271 37 3
168 370 46 7
168 376 26 5
168 475 40 4
168 530 27 7
168 620 44 9
168 723 48 8
168 871 33 3
168 988 49 2
168 1031 16 5
168 1055 48 6
168 1063 46 2
168 1105 27 2
168 1122 44 2
168 1160 12 1
169 170 27 6
169 184 32 7
169 185 12 2
169 186 15 5
169 187 22 5
169 188 48 8
169 189 39 2
169 190 29 10
169 191 27 2
169 192 4 9
169 265 48 6
169 400 49 6
169 481 24 6
169 560 29 8
169 682 28 4
169 802 12 1
169 930 22 1
169 941 24 8
169 1007 8 4
169 1110 16 6
170 193 50 7
170 194 38 3
170 228 25 8
170 260 46 5
170 265 26 6
170 286 40 5
170 305 44 3
170 343 36 4
170 475 35 4
170 504 25 1
170 566 9 4
170 600 43 10
170 749 19 10
170 785 33 9
170 802 4 6
170 843 19 8
170 890 22 3
170 1110 42 5
170 1137 23 5
170 1165 25 8
172 1179 30 2
173 678 43 6
176 205 24 3
176 1106 28 9
178 652 40 1
178 824 31 6
180 248 45 10
180 266 20 9
180 915 17 3
180 991 6 5
180 1099 17 3
184 208 11 8
185 725 2 2
185 1194 37 5
187 848 23 9
190 1086 37 1
191 646 19 1
191 847 24 7
194 641 19 7
194 1033 16 8
195 196 25 4
195 197 7 7
195 198 49 1
195 199 36 7
195 200 22 9
195 201 45 7
195 202 48 6
195 203 50 9
195 230 33 7
195 260 28 9
195 370 19 1
195 375 1 6
195 481 18 6
195 502 24 4
195 595 19 10
195 680 10 2
195 699 21 9
195 841 39 8
195 873 35 10
195 941 34 7
195 1008 46 9
195 1045 40 4
195 1121 30 6
195 1139 25 5
195 1166 10 7
196 197 22 6
196 198 49 9
196 199 30 4
196 200 37 5
196 204 44 8
196 205 20 5
196 206 32 10
196 207 1 10
196 271 34 8
196 342 10 10
196 401 24 5
196 528 40 1
196 600 15 1
196 603 9 2
196 620 13 9
196 635 12 5
196 802 19 7
196 819 34 10
196 941 29 3
196 950 7 9
196 987 47 6
196 1055 29 6
196 1105 26 7
197 198 43 2
197 199 16 7
197 200 42 9
197 208 16 5
197 209 32 4
197 210 21 2
197 288 9 10
197 308 11 7
197 365 8 1
197 370 33 8
197 442 42 5
197 475 43 9
197 481 22 1
197 595 15 1
197 723 23 8
197 747 36 8
197 861 39 9
197 873 1 4
197 930 28 10
197 1005 40 2
197 1046 48 2
197 1065 35 10
197 1160 28 5
198 199 23 10
198 200 17 9
198 211 32 4
198 260 22 4
198 265 24 4
198 444 48 2
198 475 1 9
198 495 32 2
198 561 6 8
198 565 20 4
198 631 41 1
198 681 33 5
198 724 31 1
198 801 34 10
198 985 24 4
198 1032 17 1
198 1105 1 7
198 1122 29 1
198 1138 17 4
199 200 18 4
199 212 5 8
199 213 17 5
199 214 33 5
199 215 32 2
199 265 4 6
199 287 28 10
199 340 29 10
199 365 24 3
199 495 5 6
199 502 21 1
199 695 43 3
199 749 28 10
199 785 3 7
199 786 36 9
199 817 26 8
199 893 14 4
199 896 23 2
199 931 11 6
199 950 47 3
199 1030 7 8
199 1110 11 7
199 1160 47 7
199 1171 43 9
200 216 13 5
200 217 18 7
200 218 1 10
200 219 32 4
200 220 27 7
200 221 10 8
200 222 36 7
200 223 28 10
200 224 23 6
200 227 47 7
200 399 8 6
200 525 23 9
200 842 25 6
200 1055 8 7
200 1061 45 5
200 1111 14 8
202 283 9 9
202 333 24 2
206 659 42 8
209 458 12 4
211 385 12 1
211 461 36 5
211 688 22 10
212 858 11 3
213 297 8 1
214 1074 22 1
215 412 9 6
218 462 5 2
219 1131 4 6
220 1176 50 2
221 728 4 2
221 730 38 4
221 774 15 8
221 964 6 5
223 759 32 2
225 226 50 7
225 227 44 1
225 228 22 6
225 229 46 10
225 230 6 6
225 231 11 9
225 232 16 10
225 272 40 1
225 344 8 2
225 370 32 8
225 443 2 9
225 482 48 4
225 495 15 9
225 502 49 10
225 562 27 6
225 682 15 1
225 699 36 3
225 842 24 8
225 1030 37 6
225 1055 39 8
225 1105 2 7
225 1135 17 1
226 227 27 1
226 228 28 3
226 229 17 6
226 230 42 8
226 231 35 5
226 233 5 7
226 234 41 1
226 235 8 9
226 236 32 5
226 237 38 3
226 287 14 8
226 311 36 5
226 370 42 6
226 378 44 2
226 396 34 8
226 402 14 4
226 475 39 4
226 529 6 6
226 562 3 5
226 595 34 9
226 621 20 2
226 699 50 3
226 720 1 3
226 751 21 9
226 802 1 1
226 818 46 3
226 860 1 8
226 896 18 7
226 956 40 9
226 1061 40 10
226 1063 37 1
226 1121 25 2
227 228 20 5
227 229 11 7
227 230 7 6
227 231 24 4
227 238 6 9
227 481 37 6
227 500 26 10
227 637 50 1
227 638 16 10
227 750 27 6
227 802 36 5
227 841 2 9
227 1160 31 4
228 229 39 8
228 230 21 5
228 231 29 4
228 239 4 9
228 240 19 6
228 241 45 8
228 242 2 8
228 243 46 1
228 307 11 3
228 441 44 1
228 475 49 1
228 1008 29 1
228 1031 15 7
229 230 10 9
229 231 35 4
229 244 48 1
229 245 48 5
229 246 11 3
229 247 2 10
229 248 33 7
229 249 29 5
229 343 3 3
229 931 35 8
229 940 33 6
229 985 15 9
229 1055 18 5
229 1105 7 9
229 1122 18 8
229 1171 17 8
230 231 5 8
230 250 20 10
230 251 13 3
230 252 12 4
230 253 25 4
230 265 7 5
230 287 19 1
230 365 40 1
230 528 38 2
230 600 15 3
230 861 7 1
230 941 49 4
230 1005 11 8
230 1045 20 8
230 1111 10 8
230 1136 2 10
230 1160 4 10
231 254 22 5
231 255 32 2
231 256 48 6
231 257 30 8
231 258 36 6
231 259 16 4
231 260 23 10
231 265 15 4
231 272 43 5
231 375 14 10
231 495 5 1
231 595 6 8
231 603 4 1
231 620 2 2
231 682 13 4
231 721 6 2
231 786 9 1
231 787 43 3
231 815 32 9
231 870 44 3
231 873 50 2
231 897 28 4
231 931 29 9
231 951 26 10
231 987 6 1
231 1111 17 1
231 1166 25 2
232 913 18 9
233 1161 23 6
234 592 16 10
234 615 36 1
235 250 2 4
235 572 17 9
236 962 18 6
237 470 46 1
241 574 14 7
242 990 30 10
243 731 28 1
243 961 13 1
245 852 7 10
245 1083 4 1
247 368 48 1
247 1024 17 9
249 483 8 8
249 874 32 10
250 1089 17 10
251 714 18 1
256 859 25 8
257 348 33 10
257 1035 48 1
258 544 49 8
258 583 44 8
260 261 48 8
260 262 32 4
260 263 3 5
260 264 18 4
260 265 21 10
260 270 41 2
260 285 21 2
260 287 35 3
260 306 18 7
260 310 28 6
260 342 12 2
260 343 16 7
260 365 40 10
260 370 1 7
260 375 8 4
260 377 35 7
260 402 42 8
260 442 5 6
260 444 6 4
260 475 24 9
260 481 41 8
260 482 41 10
260 495 39 9
260 500 19 3
260 504 18 4
260 525 11 10
260 527 42 3
260 561 38 6
260 595 21 1
260 601 35 2
260 621 6 3
260 634 21 7
260 639 36 5
260 681 22 10
260 682 47 9
260 696 39 7
260 699 24 9
260 721 6 6
260 745 20 9
260 752 45 6
260 786 5 3
260 787 44 3
260 800 19 6
260 815 45 5
260 816 9 6
260 841 47 3
260 843 42 3
260 860 50 9
260 861 20 7
260 871 26 5
260 873 4 10
260 893 22 3
260 896 28 4
260 931 35 1
260 940 4 2
260 941 42 2
260 956 25 7
260 986 5 10
260 987 6 3
260 1005 24 9
260 1030 9 7
260 1031 50 3
260 1045 31 4
260 1046 21 10
260 1055 29 5
260 1065 38 2
260 1066 13 4
260 1105 30 4
260 1110 39 9
260 1111 8 8
260 1122 9 1
260 1136 18 6
260 1138 17 7
260 1160 2 8
260 1167 7 10
260 1168 32 8
261 335 34 7
263 523 4 1
263 1143 32 10
265 266 48 10
265 267 9 3
265 268 9 9
265 269 18 5
265 272 47 10
265 286 23 9
265 288 39 3
265 307 42 3
265 308 33 10
265 341 16 3
265 344 20 6
265 365 31 5
265 370 12 9
265 376 22 7
265 377 41 10
265 395 19 4
265 398 32 5
265 443 9 5
265 444 48 3
265 475 30 3
265 480 43 1
265 481 18 9
265 495 17 5
265 501 2 1
265 503 16 10
265 526 3 6
265 529 33 8
265 563 46 8
265 565 13 9
265 595 40 7
265 600 45 5
265 601 19 8
265 620 22 6
265 635 9 2
265 636 12 6
265 681 45 6
265 696 21 1
265 697 25 5
265 720 5 2
265 723 24 8
265 745 1 7
265 747 41 8
265 786 17 1
265 787 31 3
265 800 4 4
265 801 26 5
265 816 49 4
265 818 18 9
265 840 12 7
265 842 33 7
265 860 15 6
265 861 47 6
265 871 28 8
265 873 8 10
265 891 17 7
265 893 46 6
265 931 14 6
265 940 9 1
265 941 23 6
265 950 15 1
265 953 20 2
265 988 38 9
265 1005 15 8
265 1007 34 9
265 1030 19 6
265 1032 25 1
265 1045 16 3
265 1046 50 1
265 1055 48 10
265 1060 10 4
265 1068 22 4
265 1105 28 7
265 1110 43 4
265 1111 41 10
265 1120 50 6
265 1139 34 2
265 1160 44 1
265 1165 39 6
265 1168 18 9
266 961 12 3
267 536 17 9
268 323 1 5
268 764 11 9
269 284 5 9
270 271 23 4
270 272 15 6
270 273 37 4
270 274 30 1
270 275 47 2
270 276 39 4
270 277 8 3
270 365 36 7
270 403 18 9
270 481 44 1
270 562 3 9
270 595 3 2
270 603 9 2
270 620 23 6
270 680 39 10
270 785 29 3
270 802 25 10
270 842 50 7
270 861 37 5
270 871 37 6
270 873 21 7
270 931 29 7
270 940 13 10
270 950 23 9
270 987 34 8
270 1008 15 4
270 1105 45 9
270 1110 4 1
270 1111 23 5
270 1120 35 7
270 1139 27 8
270 1160 6 10
271 272 8 9
271 278 39 3
271 279 31 8
271 280 24 2
271 288 43 6
271 365 18 6
271 370 44 8
271 442 49 10
271 475 8 2
271 495 17 1
271 529 31 6
271 620 43 5
271 635 36 4
271 681 23 4
271 696 29 10
271 721 39 8
271 723 49 8
271 748 27 4
271 786 26 10
271 840 31 1
271 860 13 7
271 890 23 9
271 897 21 8
271 931 42 7
271 941 30 8
271 1005 10 4
271 1031 15 6
271 1045 35 3
271 1055 44 4
271 1105 35 4
271 1135 30 1
271 1166 36 4
271 1168 48 4
272 281 44 2
272 282 36 6
272 283 35 3
272 284 1 9
272 288 35 10
272 306 12 9
272 307 17 6
272 342 8 2
272 344 13 4
272 375 48 10
272 377 12 6
272 402 29 3
272 440 21 9
272 475 28 7
272 482 48 7
272 501 43 5
272 503 45 2
272 527 50 7
272 566 14 1
272 595 44 7
272 600 42 1
272 638 19 1
272 695 6 3
272 745 4 4
272 800 29 10
272 816 2 1
272 818 49 8
272 951 43 1
272 988 42 1
272 1045 50 10
272 1055 37 7
272 1066 5 4
272 1120 33 10
272 1160 40 6
273 345 50 6
274 728 26 9
275 741 41 9
276 876 3 8
277 691 41 1
277 1099 28 3
279 859 20 1
280 774 10 1
280 1179 37 5
281 479 29 6
283 942 2 4
284 316 4 2
284 830 17 10
285 286 23 8
285 287 31 7
285 288 41 3
285 289 38 2
285 290 8 10
285 291 21 8
285 340 25 2
285 344 42 2
285 365 2 5
285 377 23 5
285 501 41 3
285 529 37 9
285 565 29 2
285 696 31 10
285 697 9 9
285 786 19 2
285 840 41 9
285 860 16 5
285 873 39 9
285 892 13 10
285 931 7 7
285 985 35 7
285 1045 27 7
285 1046 11 6
285 1055 50 8
285 1137 42 4
285 1160 28 1
285 1168 20 10
286 287 46 5
286 288 31 9
286 292 20 7
286 293 39 4
286 294 40 5
286 295 29 3
286 296 11 6
286 297 38 6
286 298 30 6
286 311 19 2
286 370 32 1
286 377 25 8
286 395 32 9
286 475 37 3
286 480 47 1
286 527 9 10
286 595 42 5
286 600 27 2
286 602 27 2
286 620 18 10
286 621 25 7
286 633 50 5
286 681 2 3
286 682 7 8
286 721 31 8
286 723 9 7
286 746 12 10
286 800 12 4
286 860 9 8
286 873 2 2
286 1055 30 4
286 1064 12 10
286 1105 23 1
286 1111 30 2
286 1120 22 2
287 288 24 8
287 299 3 6
287 300 34 8
287 301 38 8
287 302 12 7
287 311 23 2
287 365 15 10
287 370 50 2
287 443 11 3
287 480 7 5
287 500 21 2
287 595 2 9
287 785 2 10
287 815 15 6
287 817 16 9
287 840 11 2
287 893 34 5
287 931 32 1
287 988 31 10
287 1031 39 4
287 1121 28 3
287 1135 45 5
287 1160 23 1
288 303 23 5
288 304 17 6
288 397 10 1
288 445 48 4
288 495 1 9
288 566 43 6
288 633 12 2
288 748 39 3
288 802 45 8
288 940 6 2
288 941 13 8
288 951 49 8
288 956 3 7
288 1006 44 1
288 1009 31 2
288 1031 37 9
288 1061 23 5
288 1170 4 5
289 450 45 3
289 794 33 1
292 537 41 10
292 662 5 2
292 684 19 2
296 824 40 6
296 856 50 9
298 645 38 6
299 1174 28 1
300 585 5 4
302 1038 44 4
302 1134 44 2
303 942 33 5
304 358 4 10
305 306 50 2
305 307 28 1
305 308 43 1
305 309 27 4
305 310 4 3
305 311 46 2
305 312 28 2
305 313 32 3
305 314 5 4
305 315 48 4
305 316 30 7
305 441 44 2
305 475 6 4
305 682 33 2
305 695 43 7
305 748 1 9
305 841 26 5
305 986 46 5
305 1005 39 3
305 1120 18 7
306 307 6 7
306 308 25 6
306 309 42 5
306 310 21 1
306 311 34 8
306 317 50 5
306 318 40 3
306 319 2 8
306 320 16 9
306 321 20 4
306 342 20 2
306 395 27 4
306 475 26 9
306 526 39 2
306 562 19 7
306 595 28 3
306 633 12 1
306 800 21 4
306 861 16 4
306 872 31 2
306 955 48 3
306 1008 11 10
306 1160 13 10
306 1170 16 6
307 308 29 6
307 309 8 4
307 310 17 10
307 311 31 9
307 322 26 6
307 323 40 1
307 324 25 3
307 325 15 10
307 365 41 1
307 377 31 6
307 698 4 3
307 891 6 7
307 930 47 9
307 1031 4 9
307 1105 27 8
307 1160 25 6
308 309 19 10
308 310 49 6
308 311 18 7
308 326 40 3
308 327 12 7
308 328 21 7
308 329 32 2
308 370 36 2
308 378 28 8
308 396 8 4
308 480 13 9
308 481 42 7
308 531 19 4
308 564 21 8
308 600 25 4
308 632 6 6
308 801 49 2
308 818 42 3
308 819 47 9
308 840 25 2
308 861 22 7
308 931 33 4
308 953 48 9
308 1045 45 6
308 1046 32 5
308 1062 21 3
308 1111 18 6
308 1122 24 8
308 1136 19 10
309 310 26 10
309 311 8 6
309 330 18 2
309 331 22 6
309 332 2 4
309 333 50 2
309 334 1 2
309 335 32 1
309 365 34 8
309 503 1 10
309 873 34 2
309 895 41 10
309 941 9 9
309 1055 2 5
310 311 39 3
310 336 4 4
310 337 6 3
310 338 8 6
310 341 34 2
310 370 3 10
310 445 48 1
310 495 46 10
310 595 43 7
310 620 14 10
310 786 2 2
310 987 36 4
310 1111 44 5
310 1137 5 4
310 1170 35 2
311 339 41 2
311 504 28 7
311 600 33 9
311 681 26 10
311 722 32 1
311 723 15 9
311 747 30 9
311 785 38 9
311 940 21 4
311 1032 18 7
311 1055 8 4
312 467 21 8
313 539 34 2
315 570 42 5
315 1038 13 3
318 618 7 3
319 876 23 8
320 1107 8 9
321 409 42 7
322 360 8 3
322 1145 42 2
324 521 35 5
325 405 31 6
325 773 37 10
325 788 38 8
327 1164 3 9
328 353 4 10
329 948 12 2
329 1094 38 5
331 483 37 9
331 574 4 7
331 716 16 1
331 1081 27 6
334 524 49 4
335 655 33 7
335 844 6 8
336 932 5 2
338 770 36 10
340 341 42 10
340 342 13 10
340 343 45 6
340 344 42 3
340 345 21 7
340 346 29 7
340 347 14 7
340 495 32 9
340 565 12 10
340 595 48 1
340 638 47 6
340 681 19 5
340 720 47 1
340 724 5 1
340 800 30 5
340 842 23 3
340 894 4 6
340 930 22 5
340 988 5 2
340 1009 9 9
341 342 2 1
341 343 38 3
341 344 41 6
341 348 7 4
341 349 22 1
341 350 22 9
341 351 33 3
341 378 7 3
341 400 41 3
341 475 22 10
341 482 20 7
341 525 32 4
341 816 28 8
341 860 1 6
341 871 9 5
341 872 23 4
341 892 23 2
341 931 11 2
341 950 1 9
341 951 16 3
341 1045 49 3
341 1111 40 1
341 1122 34 2
342 343 16 5
342 344 9 7
342 352 36 1
342 353 18 1
342 354 47 1
342 355 3 7
342 356 39 10
342 357 13 5
342 358 22 10
342 370 28 4
342 482 49 7
342 495 42 1
342 595 26 2
342 602 21 1
342 697 34 9
342 786 15 7
342 801 21 2
342 842 10 10
342 941 29 7
342 1030 3 6
342 1046 19 6
342 1066 12 4
342 1105 35 1
342 1110 30 4
342 1136 1 2
342 1137 20 9
343 344 9 2
343 359 16 5
343 360 31 3
343 361 48 10
343 362 17 3
343 363 7 1
343 365 21 5
343 370 8 8
343 378 22 3
343 440 17 3
343 529 39 9
343 600 12 6
343 621 21 5
343 750 46 8
343 818 46 4
343 860 27 7
343 986 33 9
343 1055 50 6
343 1067 15 3
343 1160 37 9
343 1166 19 9
344 364 2 9
344 365 8 7
344 400 22 7
344 446 11 2
344 475 19 1
344 502 29 4
344 620 25 2
344 636 45 8
344 696 8 6
344 751 44 1
344 786 32 3
344 941 44 6
344 1009 38 2
344 1032 24 6
344 1055 36 6
344 1160 49 3
344 1171 50 7
345 416 2 8
345 923 4 3
347 744 40 2
349 427 14 2
349 433 47 3
349 1130 24 6
351 619 48 4
354 436 35 8
354 489 11 10
354 857 35 2
356 648 44 4
357 822 7 3
359 618 9 2
362 486 25 4
362 507 25 9
363 969 17 8
363 1180 3 9
364 644 32 4
364 1020 18 3
364 1083 11 10
365 366 40 4
365 367 49 3
365 368 22 2
365 369 1 1
365 370 7 3
365 376 18 8
365 378 41 7
365 397 38 8
365 402 41 5
365 443 4 3
365 445 35 3
365 475 1 3
365 480 29 3
365 481 40 1
365 495 4 8
365 501 48 3
365 504 19 1
365 529 16 10
365 530 45 9
365 563 36 2
365 565 14 7
365 595 39 4
365 600 1 9
365 602 29 2
365 620 21 10
365 621 24 2
365 630 44 2
365 638 11 2
365 681 37 6
365 682 39 4
365 697 7 4
365 699 20 10
365 724 13 1
365 746 22 9
365 752 38 9
365 785 27 3
365 800 42 5
365 817 47 10
365 819 33 6
365 841 35 5
365 843 46 4
365 860 50 2
365 861 47 8
365 872 2 1
365 873 2 3
365 897 11 1
365 930 5 8
365 931 20 1
365 941 4 4
365 955 38 2
365 956 36 6
365 985 46 1
365 987 35 8
365 1007 17 1
365 1009 34 6
365 1030 5 8
365 1032 39 1
365 1046 10 7
365 1055 28 8
365 1062 43 2
365 1064 17 6
365 1105 15 4
365 1110 24 6
365 1111 41 6
365 1120 32 8
365 1121 8 2
365 1135 26 3
365 1137 10 10
365 1160 39 9
365 1169 35 7
365 1170 43 7
366 589 10 9
369 1002 32 3
370 371 6 1
370 372 41 7
370 373 2 5
370 374 22 10
370 376 26 1
370 378 41 4
370 395 32 7
370 399 50 9
370 442 25 8
370 446 37 10
370 475 13 5
370 480 39 3
370 482 21 7
370 495 15 8
370 501 49 6
370 503 7 9
370 528 40 4
370 530 38 3
370 564 45 7
370 566 43 4
370 595 27 3
370 600 20 9
370 602 3 8
370 620 23 8
370 638 38 10
370 682 22 3
370 695 15 3
370 699 16 2
370 720 27 1
370 724 41 1
370 746 40 3
370 751 34 8
370 785 13 5
370 787 17 5
370 800 32 10
370 801 7 3
370 817 2 1
370 818 14 10
370 842 20 7
370 843 11 2
370 860 8 2
370 861 22 6
370 870 32 3
370 871 14 2
370 890 41 7
370 895 46 3
370 930 44 4
370 931 49 4
370 940 27 9
370 954 46 10
370 955 46 6
370 985 32 10
370 1006 32 10
370 1009 1 3
370 1030 46 5
370 1032 49 3
370 1045 32 5
370 1055 16 1
370 1064 47 4
370 1065 24 8
370 1105 42 6
370 1111 2 1
370 1120 8 10
370 1122 43 3
370 1136 7 1
370 1139 18 8
370 1160 24 3
370 1165 38 2
370 1170 28 7
371 962 29 8
371 1126 8 2
372 777 30 5
372 810 21 10
375 376 7 3
375 377 28 5
375 378 44 7
375 379 12 5
375 380 24 6
375 381 26 5
375 382 9 8
375 383 38 7
375 384 23 10
375 385 40 1
375 386 2 10
375 397 36 3
375 440 1 10
375 564 19 8
375 634 20 7
375 746 13 4
375 800 43 2
375 842 1 6
375 860 44 3
375 931 1 7
375 953 30 10
375 1007 35 2
375 1046 28 9
375 1105 44 3
375 1139 32 9
375 1160 39 2
375 1169 24 3
376 377 30 4
376 378 19 2
376 387 18 3
376 388 38 3
376 389 17 7
376 390 34 3
376 391 33 6
376 398 48 4
376 482 11 8
376 495 31 6
376 501 40 7
376 503 48 9
376 525 48 3
376 562 47 1
376 595 48 7
376 602 34 7
376 620 49 2
376 682 2 9
376 698 22 3
376 723 10 10
376 787 25 8
376 817 24 2
376 870 27 8
376 892 50 2
376 987 41 10
376 1006 14 10
376 1030 46 6
376 1122 10 7
376 1139 30 3
377 378 24 10
377 392 45 2
377 446 43 2
377 475 35 1
377 481 7 9
377 531 20 5
377 630 4 10
377 695 37 6
377 750 18 9
377 785 3 3
377 815 17 8
377 842 34 9
377 893 15 4
377 941 31 8
377 953 32 6
377 988 22 4
377 1055 7 5
377 1111 45 3
377 1121 43 4
377 1170 12 5
378 393 2 5
378 394 16 2
378 475 15 2
378 495 35 6
378 601 47 2
378 621 18 7
378 680 15 6
378 721 16 7
378 802 44 1
378 861 17 5
378 870 6 2
378 931 49 10
378 941 21 1
378 1046 40 9
378 1055 11 8
378 1065 20 9
378 1067 7 10
378 1105 1 1
378 1110 26 4
383 1048 41 5
384 488 2 2
384 795 48 1
385 511 40 1
385 1010 43 2
387 713 20 4
387 996 24 10
387 1146 20 8
388 484 12 10
389 702 20 5
390 868 2 5
391 509 21 4
391 1024 6 4
393 1011 7 4
395 396 17 7
395 397 10 5
395 398 34 2
395 399 14 1
395 400 31 5
395 401 37 9
395 402 19 2
395 403 4 6
395 404 9 3
395 405 33 5
395 406 43 8
395 407 50 3
395 408 33 5
395 409 14 2
395 410 31 1
395 411 47 3
395 595 46 4
395 600 2 6
395 696 3 8
395 1138 45 9
396 397 34 8
396 398 33 9
396 399 24 3
396 400 41 10
396 401 23 7
396 402 38 8
396 403 14 10
396 412 36 2
396 413 48 2
396 560 9 9
396 621 2 5
396 636 20 5
396 842 13 1
396 955 6 7
396 987 16 2
396 1121 43 5
396 1166 42 9
397 398 38 10
397 399 50 10
397 400 2 10
397 401 6 10
397 402 10 10
397 403 13 4
397 414 24 7
397 415 18 4
397 416 35 10
397 417 29 7
397 418 40 1
397 443 3 1
397 871 1 1
397 872 16 10
397 890 35 3
397 941 43 7
397 954 39 8
397 1005 2 9
397 1007 10 2
397 1055 42 7
397 1061 8 1
397 1160 46 9
398 399 18 1
398 400 14 10
398 401 33 2
398 402 39 7
398 403 12 4
398 419 43 3
398 420 23 9
398 421 20 9
398 422 33 8
398 423 50 6
398 424 33 4
398 636 23 2
398 698 18 2
398 746 44 9
398 801 38 3
398 1032 49 6
398 1055 13 7
398 1063 26 10
398 1138 42 1
399 400 38 4
399 401 31 1
399 402 38 4
399 403 11 5
399 425 24 10
399 475 31 10
399 481 1 6
399 482 28 9
399 620 44 2
399 723 23 5
399 785 39 3
399 801 25 9
399 819 26 6
399 860 5 5
399 930 16 6
399 931 18 6
399 1105 35 2
400 401 47 7
400 402 16 7
400 403 18 2
400 426 31 1
400 427 18 9
400 428 48 2
400 429 35 5
400 440 4 10
400 495 47 4
400 502 28 5
400 595 30 1
400 680 28 8
400 787 46 10
400 818 45 1
400 1030 16 5
400 1046 43 7
400 1111 3 10
400 1120 22 5
400 1160 13 9
401 402 24 10
401 403 3 10
401 430 50 5
401 431 33 5
401 432 4 7
401 475 5 1
401 531 17 7
401 566 19 3
401 682 13 10
401 720 20 3
401 890 13 6
401 988 3 1
401 1046 40 2
402 403 39 4
402 433 49 8
402 504 26 3
402 526 39 2
402 601 1 1
402 860 27 3
402 1165 15 1
403 434 11 7
403 435 45 6
403 436 7 5
403 437 41 10
403 438 1 5
403 439 20 4
403 495 39 4
403 749 30 2
403 841 47 1
403 1105 45 2
403 1111 8 9
406 991 6 6
407 409 10 9
408 855 16 8
409 1178 28 3
410 812 40 5
410 1047 12 8
414 669 30 1
414 705 11 8
415 537 14 6
417 430 4 7
420 457 35 7
421 511 30 2
422 833 47 3
423 539 30 4
423 769 24 4
423 882 15 6
424 905 36 6
424 1083 45 10
428 438 24 7
432 911 17 6
435 649 36 9
436 1112 10 8
437 596 48 9
437 617 13 8
437 945 42 1
440 441 3 9
440 442 32 2
440 443 9 1
440 444 40 6
440 445 12 7
440 446 41 7
440 447 33 6
440 448 28 6
440 449 45 2
440 450 50 1
440 451 14 3
440 452 21 9
440 453 38 5
440 475 19 9
440 495 1 6
440 526 29 6
440 621 3 10
440 699 31 4
440 860 35 4
440 890 41 2
440 930 12 6
440 954 42 2
440 1045 40 2
440 1111 8 4
441 442 21 4
441 443 14 7
441 444 46 7
441 445 6 3
441 446 31 4
441 454 31 10
441 455 45 1
441 480 25 9
441 595 40 9
441 602 5 7
441 621 8 2
441 801 29 2
441 816 25 1
441 872 28 5
441 940 6 5
441 941 46 7
441 986 14 7
441 1030 47 8
441 1046 43 4
441 1055 3 4
441 1111 31 4
441 1120 26 7
442 443 39 3
442 444 46 4
442 445 11 8
442 446 30 10
442 456 31 7
442 457 2 8
442 458 14 7
442 459 21 6
442 460 14 5
442 786 33 8
442 818 18 5
442 954 36 4
442 1066 38 3
442 1105 3 7
442 1122 19 9
443 444 8 3
443 445 19 8
443 446 47 5
443 461 23 1
443 462 46 3
443 463 29 3
443 464 42 4
443 465 16 10
443 481 42 4
443 502 7 4
443 503 15 7
443 637 3 2
443 698 36 1
443 722 3 8
443 751 48 10
443 1139 29 6
444 445 13 5
444 446 46 8
444 466 11 7
444 467 3 6
444 468 19 6
444 595 27 8
444 602 35 1
444 680 20 5
444 785 40 8
444 802 16 3
444 930 14 3
444 985 26 6
444 1008 3 10
444 1032 3 6
444 1055 44 1
444 1136 5 10
444 1160 29 10
444 1166 18 5
445 446 25 3
445 469 39 6
445 470 8 3
445 471 15 9
445 495 43 9
445 531 11 7
445 560 24 4
445 630 26 9
445 682 20 10
445 840 11 9
445 842 23 1
445 871 29 2
445 895 6 8
445 1105 31 2
445 1160 43 5
446 472 33 7
446 473 38 6
446 474 18 4
446 475 50 3
446 564 38 9
446 724 48 4
446 750 13 1
446 861 5 1
446 1009 8 5
446 1068 21 4
446 1166 41 5
447 714 42 5
447 1103 17 8
448 977 44 10
450 547 9 6
452 915 6 3
453 1180 5 3
454 515 31 10
454 654 48 5
456 961 8 3
459 991 13 4
460 827 27 10
460 1155 35 8
461 554 36 7
462 686 18 4
463 884 9 9
464 711 35 5
464 866 37 4
465 789 4 8
465 1113 39 5
466 921 30 10
469 965 32 6
470 559 6 6
473 827 5 7
474 1077 29 2
475 476 15 3
475 477 50 6
475 478 48 1
475 479 45 6
475 481 5 3
475 482 35 2
475 495 33 3
475 500 4 6
475 502 5 5
475 526 7 5
475 530 13 1
475 562 41 7
475 564 35 10
475 595 13 1
475 600 36 2
475 602 11 7
475 621 33 6
475 630 42 4
475 634 27 1
475 681 50 10
475 697 34 2
475 699 48 2
475 721 40 6
475 722 27 1
475 746 19 5
475 747 35 8
475 785 11 10
475 786 43 8
475 800 37 10
475 802 37 1
475 816 47 6
475 817 13 5
475 840 37 1
475 841 50 8
475 861 50 10
475 870 43 3
475 873 29 10
475 890 49 8
475 897 48 5
475 931 48 1
475 940 20 9
475 954 16 6
475 987 16 5
475 1006 50 3
475 1008 8 5
475 1030 22 7
475 1032 33 9
475 1045 36 2
475 1046 23 4
475 1055 15 3
475 1062 17 7
475 1068 28 3
475 1105 7 8
475 1110 42 5
475 1111 11 10
475 1120 26 2
475 1122 14 8
475 1136 9 9
475 1137 13 2
475 1160 23 6
475 1165 7 1
475 1171 44 2
476 1001 6 8
476 1035 20 1
480 481 9 9
480 482 33 6
480 483 28 7
480 484 41 5
480 485 7 1
480 486 50 7
480 525 35 1
480 529 1 1
480 595 49 5
480 602 37 10
480 635 4 5
480 697 12 9
480 786 8 3
480 787 35 5
480 800 3 6
480 816 39 4
480 840 45 3
480 842 20 5
480 860 49 7
480 892 13 9
480 954 35 4
480 1006 35 8
480 1031 17 1
480 1064 40 5
480 1105 9 6
480 1110 31 6
480 1160 45 8
481 482 2 3
481 487 19 4
481 488 28 8
481 489 9 3
481 490 30 2
481 491 33 5
481 495 24 3
481 501 4 9
481 564 32 10
481 633 6 5
481 680 16 1
481 699 1 10
481 720 13 6
481 721 38 10
481 745 25 8
481 747 16 5
481 891 16 10
481 941 9 8
481 954 1 5
481 985 48 3
481 987 45 9
481 1032 13 5
481 1045 6 1
481 1046 24 3
481 1055 14 5
481 1105 28 8
481 1122 1 8
481 1136 3 7
481 1138 18 7
481 1170 47 8
482 492 49 3
482 493 21 6
482 494 2 9
482 502 8 6
482 563 47 4
482 595 7 1
482 620 37 5
482 621 39 1
482 682 35 4
482 800 31 2
482 816 12 7
482 871 16 4
482 930 5 7
482 931 32 7
482 941 4 3
482 1005 49 10
482 1055 35 7
482 1063 20 8
482 1110 13 3
482 1169 18 3
490 559 18 9
490 649 15 7
490 983 20 2
495 496 4 5
495 497 1 3
495 498 7 5
495 499 2 2
495 502 48 8
495 504 17 9
495 525 27 2
495 528 24 5
495 562 27 9
495 563 46 2
495 595 9 8
495 600 19 3
495 603 8 1
495 620 14 1
495 621 19 3
495 634 9 6
495 637 42 5
495 680 22 4
495 696 20 8
495 697 20 3
495 721 21 4
495 723 27 6
495 748 24 5
495 750 18 2
495 785 16 3
495 787 28 1
495 800 18 4
495 801 21 8
495 815 45 9
495 840 39 2
495 860 19 3
495 861 11 9
495 871 12 10
495 872 49 2
495 895 5 6
495 930 3 9
495 940 5 4
495 941 48 4
495 950 18 10
495 985 49 6
495 988 7 1
495 1008 28 3
495 1030 12 5
495 1031 1 8
495 1045 45 4
495 1046 13 4
495 1055 36 5
495 1060 28 8
495 1064 11 8
495 1105 33 6
495 1110 14 4
495 1111 21 5
495 1120 32 6
495 1121 25 7
495 1135 13 2
495 1136 35 8
495 1160 22 1
495 1168 4 9
495 1169 8 9
497 598 34 2
497 1098 3 6
500 501 5 10
500 502 18 10
500 503 7 5
500 504 35 7
500 505 33 4
500 506 45 9
500 507 39 1
500 529 7 2
500 564 37 1
500 621 1 2
500 680 36 6
500 749 30 4
500 800 43 5
500 815 37 10
500 840 21 2
500 890 34 7
500 1008 8 10
500 1111 17 10
500 1121 14 3
500 1165 22 1
501 502 41 4
501 503 25 9
501 504 42 2
501 508 2 8
501 509 2 7
501 510 4 7
501 511 36 3
501 512 23 5
501 513 5 9
501 514 34 7
501 563 33 3
501 697 28 5
501 785 33 5
501 802 33 7
501 873 23 5
501 931 35 7
501 956 21 10
501 1046 43 8
501 1160 30 5
502 503 33 8
502 504 41 5
502 515 14 7
502 516 48 10
502 528 21 7
502 595 7 7
502 630 15 4
502 699 4 2
502 724 15 6
502 749 11 9
502 840 37 8
502 861 4 5
502 930 40 3
502 986 50 7
502 988 36 8
502 1030 21 10
502 1032 46 9
502 1068 36 1
502 1105 12 4
502 1136 33 4
502 1138 5 6
503 504 24 10
503 517 43 2
503 518 38 8
503 519 49 9
503 520 24 2
503 521 42 9
503 522 45 7
503 603 19 5
503 639 49 2
503 724 35 9
503 786 21 9
503 819 9 10
503 861 11 7
503 870 8 2
503 940 7 10
503 1009 30 5
503 1061 40 9
503 1110 47 7
503 1120 24 2
504 523 24 6
504 524 18 8
504 595 19 2
504 600 50 2
504 620 11 2
504 682 22 7
504 895 24 6
504 940 26 9
504 954 16 9
504 1046 24 1
504 1055 27 8
504 1105 49 4
504 1160 30 3
504 1166 47 10
505 880 30 3
506 1146 20 3
507 924 27 6
508 856 38 8
508 1183 19 10
511 821 24 10
513 1086 24 2
514 1163 19 1
516 1004 26 8
520 648 45 2
520 1115 11 1
523 1192 50 8
525 526 37 3
525 527 49 2
525 528 31 1
525 529 30 5
525 530 49 8
525 531 24 6
525 532 39 9
525 533 36 1
525 534 12 9
525 535 38 4
525 536 14 8
525 537 32 10
525 600 50 2
525 682 45 1
525 746 12 1
525 785 9 1
525 843 20 2
525 1030 27 8
525 1055 24 8
525 1105 37 9
525 1168 3 6
526 527 17 6
526 528 2 1
526 529 48 5
526 530 48 2
526 531 10 3
526 538 7 1
526 539 43 4
526 621 1 9
526 699 45 2
526 870 47 4
526 1055 12 8
526 1121 30 1
526 1137 19 9
526 1160 23 1
527 528 42 10
527 529 21 8
527 530 37 9
527 531 13 1
527 540 41 1
527 541 14 9
527 542 41 5
527 561 38 2
527 595 31 4
527 988 6 6
527 1031 28 5
527 1110 36 6
527 1111 27 7
527 1160 46 1
528 529 27 2
528 530 35 10
528 531 33 1
528 543 32 1
528 544 38 7
528 545 21 6
528 634 29 8
528 682 35 2
528 696 43 8
528 750 31 9
528 787 47 4
528 800 11 6
528 930 21 9
528 941 31 8
528 1045 23 6
528 1046 23 10
529 530 30 6
529 531 39 10
529 546 36 3
529 547 46 10
529 548 47 4
529 549 22 10
529 550 22 2
529 551 13 1
529 552 22 5
529 553 34 8
529 722 3 1
529 860 40 6
529 941 27 10
529 956 2 4
529 1008 43 5
529 1065 7 5
529 1137 3 7
529 1171 49 7
530 531 47 3
530 554 5 4
530 555 36 4
530 556 21 7
530 595 31 2
530 602 32 4
530 720 15 4
530 802 45 5
530 818 32 4
530 843 4 3
530 890 24 7
530 955 37 2
530 1067 12 3
530 1105 41 4
531 557 7 5
531 558 36 2
531 559 29 7
531 566 27 2
531 621 48 7
531 818 28 2
531 860 14 7
531 870 1 3
531 892 8 6
531 930 7 4
531 988 23 9
531 1006 16 1
531 1121 28 1
532 1106 44 9
533 756 1 5
533 769 28 10
534 1104 13 8
535 757 39 2
536 989 4 10
539 866 29 3
539 1089 41 7
542 623 32 9
548 624 21 5
548 739 40 6
549 1156 15 1
553 575 16 6
558 589 24 6
560 561 9 3
560 562 23 7
560 563 23 3
560 564 37 5
560 565 41 9
560 566 1 10
560 567 5 3
560 568 10 2
560 569 25 6
560 570 31 3
560 571 35 7
560 572 8 3
560 573 19 5
560 595 16 8
560 601 42 9
560 699 14 2
560 1030 12 5
560 1165 23 1
561 562 42 7
561 563 42 1
561 564 50 8
561 565 29 5
561 566 32 2
561 574 37 8
561 575 31 2
561 576 42 8
561 602 21 1
561 621 16 3
561 941 17 1
561 1009 30 5
561 1110 43 5
561 1122 15 9
562 563 32 1
562 564 29 3
562 565 16 1
562 566 44 10
562 577 1 3
562 578 33 7
562 595 18 10
562 631 37 4
562 633 6 9
562 724 2 3
562 750 20 8
562 785 48 5
562 890 14 7
562 1045 10 10
562 1055 22 3
562 1136 9 9
563 564 24 7
563 565 14 6
563 566 26 3
563 579 8 7
563 580 24 5
563 581 46 2
563 582 19 8
563 621 32 8
563 698 42 2
563 749 3 6
563 787 5 8
563 801 28 4
563 815 31 1
563 840 2 6
563 931 10 8
563 940 23 1
563 951 47 2
563 988 13 6
563 1005 16 9
563 1055 38 7
563 1105 21 4
563 1110 17 5
564 565 47 3
564 566 9 4
564 583 22 1
564 681 29 2
564 682 9 1
564 722 10 7
564 819 42 8
564 895 37 9
564 987 40 7
564 1030 16 3
564 1105 4 8
564 1160 3 5
565 566 25 1
565 584 28 8
565 585 39 8
565 586 15 10
565 802 13 7
565 870 17 7
565 953 50 10
565 1046 32 10
565 1061 8 3
565 1137 47 2
566 587 18 9
566 588 8 4
566 589 27 6
566 590 31 6
566 591 28 5
566 592 47 2
566 593 49 4
566 594 26 3
566 860 28 10
566 861 16 8
566 873 42 9
566 930 28 1
566 1063 24 10
566 1121 38 1
566 1160 31 10
566 1167 22 7
567 1057 25 8
569 965 29 3
571 974 45 10
572 867 35 5
572 1153 26 7
574 667 45 8
576 657 34 10
576 783 47 1
577 494 39 7
577 766 34 7
577 853 3 9
580 914 24 4
582 610 43 10
583 728 49 9
583 837 2 2
584 789 28 2
585 1153 1 10
593 656 13 8
593 1076 40 9
595 596 11 3
595 597 16 1
595 598 42 4
595 599 34 4
595 600 45 1
595 602 11 6
595 621 49 5
595 630 9 10
595 636 38 5
595 680 43 6
595 681 43 3
595 696 11 2
595 698 25 6
595 722 38 10
595 723 42 8
595 746 31 8
595 750 42 4
595 785 22 9
595 787 6 1
595 800 18 4
595 815 18 7
595 817 33 10
595 841 20 8
595 860 34 6
595 861 23 7
595 870 15 1
595 873 8 5
595 894 27 3
595 897 17 10
595 930 38 1
595 931 13 6
595 940 31 6
595 955 9 4
595 956 45 3
595 985 5 8
595 988 15 8
595 1006 43 4
595 1008 31 7
595 1030 23 10
595 1031 21 7
595 1045 48 4
595 1055 47 6
595 1062 40 3
595 1068 44 10
595 1105 20 3
595 1110 17 7
595 1120 7 9
595 1122 6 1
595 1138 40 10
595 1160 22 9
595 1170 1 10
595 1171 35 6
600 601 21 2
600 602 27 10
600 603 21 7
600 604 4 1
600 636 18 7
600 638 32 1
600 682 18 8
600 699 16 4
600 860 5 2
600 940 26 3
600 950 5 9
600 1007 33 1
600 1030 17 7
600 1045 14 10
600 1067 1 7
600 1122 29 4
600 1168 42 4
601 602 2 7
601 603 36 2
601 605 35 4
601 606 39 4
601 607 16 4
601 608 23 6
601 609 12 9
601 610 30 5
601 611 35 1
601 620 8 3
601 680 33 7
601 696 19 8
601 722 12 8
601 751 27 1
601 802 28 8
601 841 49 5
601 843 2 7
601 931 45 10
601 941 35 8
601 1066 32 1
601 1105 43 6
601 1138 40 3
601 1160 7 5
602 603 25 4
602 612 8 6
602 613 22 9
602 620 23 5
602 745 18 6
602 785 47 10
602 787 37 9
602 800 28 1
602 815 48 4
602 893 30 4
602 930 6 9
602 955 30 8
602 988 33 9
602 1046 43 7
602 1055 32 7
602 1105 4 3
602 1110 34 4
602 1122 50 3
603 614 14 7
603 615 45 1
603 616 20 2
603 617 14 10
603 618 11 1
603 619 15 7
603 720 35 5
603 819 12 9
603 872 21 10
603 873 11 6
603 891 42 6
603 985 48 10
603 1005 26 4
603 1031 48 3
603 1055 43 9
603 1136 42 6
603 1160 25 1
603 1167 28 1
604 1177 32 8
609 1108 29 5
614 1157 26 3
620 621 2 2
620 622 7 1
620 623 41 5
620 624 10 2
620 625 29 5
620 630 28 8
620 696 26 2
620 723 41 3
620 749 15 2
620 786 27 1
620 840 27 8
620 872 9 9
620 873 13 5
620 930 46 7
620 941 3 2
620 988 20 7
620 1032 40 1
620 1045 20 10
620 1055 31 5
620 1061 16 1
620 1068 10 3
620 1105 44 6
620 1111 46 6
620 1120 19 9
620 1137 21 9
620 1138 25 5
620 1160 44 8
620 1166 49 8
620 1171 15 8
621 626 6 9
621 627 31 3
621 628 44 8
621 629 2 4
621 681 4 9
621 696 7 9
621 724 12 1
621 748 16 6
621 787 13 6
621 800 14 2
621 802 9 5
621 815 22 3
621 816 25 7
621 843 8 4
621 860 9 2
621 861 48 4
621 890 31 7
621 894 19 3
621 930 38 10
621 951 34 10
621 956 47 2
621 985 40 6
621 1009 3 8
621 1030 13 7
621 1046 13 5
621 1055 10 3
621 1105 8 7
621 1111 16 7
621 1122 6 9
621 1160 11 5
622 1118 26 1
623 734 37 10
624 708 21 5
624 918 40 7
627 827 26 2
627 877 35 7
629 683 20 1
630 631 30 6
630 632 25 6
630 633 3 7
630 634 37 1
630 635 39 5
630 636 29 4
630 637 12 4
630 638 1 4
630 639 19 9
630 640 46 4
630 641 37 2
630 642 25 2
630 643 17 4
630 644 43 9
630 696 48 9
630 819 22 9
630 897 9 3
630 1068 13 4
630 1168 20 4
631 632 37 5
631 633 27 10
631 634 14 10
631 635 43 1
631 636 22 2
631 637 7 9
631 638 39 5
631 639 18 5
631 645 38 3
631 646 46 1
631 647 38 8
631 648 37 7
631 649 40 1
631 650 12 3
631 748 49 1
631 802 6 7
631 871 32 1
631 930 1 2
631 940 8 8
631 985 43 3
632 633 22 6
632 634 24 9
632 635 21 8
632 636 20 10
632 637 41 9
632 638 12 1
632 639 13 4
632 651 12 5
632 652 11 7
632 680 10 4
632 930 19 3
632 1032 14 2
632 1110 39 6
632 1122 20 8
632 1135 44 5
633 634 20 7
633 635 46 2
633 636 16 10
633 637 12 8
633 638 11 1
633 639 15 8
633 653 22 1
633 654 50 6
633 655 37 2
633 656 30 2
633 746 28 7
633 800 45 10
633 842 3 8
633 1008 13 7
633 1111 33 5
634 635 47 8
634 636 22 4
634 637 48 4
634 638 23 6
634 639 9 5
634 657 48 1
634 658 17 4
634 659 22 2
634 721 21 4
634 724 24 9
634 843 19 4
634 861 42 5
634 870 14 6
634 1045 35 9
634 1105 27 6
634 1160 35 3
634 1171 2 5
635 636 23 6
635 637 33 3
635 638 23 10
635 639 23 9
635 660 16 9
635 661 15 9
635 662 30 8
635 663 45 3
635 664 35 6
635 665 48 5
635 785 46 4
635 861 20 6
635 892 11 6
635 1046 2 4
635 1055 2 7
635 1105 42 6
636 637 20 3
636 638 32 8
636 639 17 10
636 666 41 5
636 667 44 5
636 668 39 9
636 669 50 3
636 940 5 8
636 985 27 10
636 1032 49 9
636 1065 24 3
636 1121 25 6
636 1160 37 2
637 638 33 8
637 639 5 9
637 670 50 2
637 671 5 8
637 672 44 8
637 673 46 6
637 954 10 5
637 1009 22 5
637 1139 31 2
638 639 24 4
638 674 8 8
638 675 2 9
638 1055 10 2
639 676 17 7
639 677 44 1
639 678 18 4
639 679 33 1
639 680 45 6
639 696 32 9
639 787 2 5
639 955 13 5
640 830 1 6
644 1052 34 6
644 1115 3 2
644 1185 29 1
645 869 29 8
645 880 45 6
646 798 8 8
648 677 47 5
649 838 21 9
650 875 43 6
652 821 38 4
652 1084 1 9
655 989 14 4
657 969 13 3
661 902 39 10
662 898 15 10
668 756 48 6
668 1077 15 2
671 1132 17 9
676 709 11 6
680 681 33 4
680 682 14 5
680 683 48 1
680 684 23 1
680 685 45 4
680 686 37 6
680 697 23 3
680 722 13 3
680 746 24 7
680 748 36 2
680 785 38 8
680 802 16 5
680 871 33 5
680 893 37 8
680 940 20 2
680 941 11 3
680 987 29 6
680 1005 32 1
680 1032 12 1
680 1046 36 2
680 1105 14 5
680 1120 16 6
680 1160 5 6
681 682 3 9
681 687 25 7
681 688 6 8
681 689 48 7
681 690 5 1
681 691 9 8
681 692 26 9
681 693 18 6
681 723 21 8
681 786 22 8
681 801 14 10
681 819 48 4
681 861 50 3
681 871 21 5
681 931 49 5
681 956 7 6
681 987 39 7
681 1032 15 8
681 1055 38 2
681 1068 43 7
681 1138 37 8
681 1160 39 5
681 1167 43 1
681 1171 37 3
682 694 48 8
682 696 20 9
682 817 43 3
682 842 17 5
682 843 11 2
682 860 8 4
682 897 43 1
682 931 9 6
682 1008 3 8
682 1046 21 2
682 1055 45 10
682 1068 9 1
682 1105 25 10
682 1110 19 10
682 1111 32 7
682 1122 44 6
682 1139 16 9
683 1047 25 10
684 909 46 10
685 999 36 5
687 1024 43 4
692 1021 18 4
695 696 2 8
695 697 16 10
695 698 7 6
695 699 11 3
695 700 40 8
695 701 42 1
695 702 23 8
695 703 36 9
695 704 33 9
695 705 28 8
695 706 39 3
695 707 40 4
695 786 30 3
695 1030 26 6
695 1066 43 3
695 1111 9 5
695 1120 14 9
695 1139 13 8
695 1160 3 6
696 697 14 5
696 698 26 5
696 699 15 8
696 708 44 9
696 709 17 4
696 710 43 5
696 722 30 9
696 723 18 2
696 746 15 6
696 800 19 3
696 860 50 7
696 861 16 3
696 896 28 3
696 931 23 3
696 941 22 1
696 950 38 2
696 985 1 8
696 1006 40 8
696 1105 26 6
696 1170 15 3
697 698 34 8
697 699 41 2
697 711 29 5
697 712 11 1
697 713 7 6
697 714 25 3
697 815 19 7
697 940 38 4
697 985 38 4
697 1046 30 3
697 1055 47 2
697 1060 38 1
697 1110 43 4
697 1160 18 1
698 699 9 7
698 715 29 4
698 716 41 4
698 717 13 2
698 718 9 4
698 787 32 1
698 802 7 7
698 870 35 2
698 873 46 1
698 894 49 6
698 1030 36 9
698 1046 25 4
698 1055 6 1
698 1121 14 5
698 1168 2 7
699 719 26 6
699 745 2 4
699 818 13 4
699 843 45 7
699 956 46 5
699 1009 32 6
699 1105 18 5
699 1135 30 9
700 711 13 6
709 1145 23 10
712 755 45 10
712 999 30 3
714 937 23 2
714 947 16 1
716 1103 9 6
720 721 38 9
720 722 43 9
720 723 9 5
720 724 14 5
720 725 30 10
720 726 15 6
720 727 10 9
720 728 9 10
720 729 49 5
720 730 8 2
720 731 24 9
720 873 48 3
720 1110 16 10
720 1160 36 4
721 722 35 7
721 723 16 7
721 724 50 3
721 732 10 4
721 786 30 4
721 800 17 9
721 819 7 8
721 843 8 10
721 931 26 5
721 941 18 4
721 950 1 3
721 1006 13 6
721 1031 28 9
721 1065 7 7
721 1105 21 10
721 1111 30 2
721 1135 5 10
721 1139 24 8
722 723 31 8
722 724 49 6
722 733 18 1
722 734 26 9
722 786 15 1
722 802 29 10
722 819 48 8
722 860 1 4
722 861 27 8
722 871 48 8
722 893 41 8
722 931 5 4
722 1045 46 7
722 1062 36 2
722 1105 44 9
722 1120 14 3
722 1122 19 9
722 1166 1 2
723 724 38 10
723 735 36 10
723 736 27 3
723 737 17 1
723 747 21 1
723 749 20 2
723 841 22 5
723 891 49 5
723 940 42 5
723 955 30 9
723 987 11 10
723 1032 27 1
723 1045 25 3
723 1055 47 2
723 1160 38 6
723 1168 9 5
724 738 44 1
724 739 38 2
724 740 30 7
724 741 25 2
724 742 3 9
724 743 14 5
724 744 30 1
724 1007 17 8
726 942 33 10
726 946 20 5
727 822 5 8
727 905 25 3
727 963 27 6
728 804 10 10
734 807 42 1
740 945 8 5
740 993 11 2
742 922 35 9
745 746 33 6
745 747 5 2
745 748 19 3
745 749 22 4
745 750 7 3
745 751 5 7
745 752 38 3
745 753 38 4
745 754 38 2
745 755 27 3
745 756 45 3
745 787 43 3
745 842 40 10
745 861 19 8
745 940 21 1
745 986 22 3
745 1111 10 9
745 1139 36 1
745 1168 47 1
746 747 14 9
746 748 11 2
746 749 8 8
746 750 25 1
746 751 7 4
746 752 41 8
746 757 37 5
746 758 23 6
746 759 45 3
746 760 12 1
746 761 42 3
746 801 13 5
746 1007 21 2
746 1105 9 2
747 748 49 8
747 749 27 5
747 750 30 4
747 751 20 2
747 752 17 2
747 762 39 8
747 763 48 4
747 764 14 1
747 765 40 8
747 766 1 9
747 816 27 5
747 843 42 8
747 956 9 7
747 1105 39 2
748 749 35 10
748 750 28 6
748 751 41 5
748 752 17 4
748 767 27 8
748 768 46 8
748 769 35 4
748 861 8 2
748 940 30 7
748 986 2 1
748 1008 24 3
748 1060 15 1
748 1063 8 1
748 1111 2 1
749 750 39 8
749 751 27 8
749 752 45 4
749 770 8 9
749 771 15 8
749 772 36 3
749 871 48 1
749 1122 45 4
749 1135 38 5
750 751 40 5
750 752 22 6
750 773 37 9
750 774 40 9
750 775 29 3
750 816 12 5
751 752 15 10
751 776 29 6
751 777 12 4
751 778 50 2
751 779 8 6
751 780 6 10
751 781 41 5
751 782 17 2
751 783 45 2
751 787 46 8
751 890 38 8
751 895 18 9
751 930 19 9
751 931 45 1
751 955 44 3
751 1030 11 5
751 1032 39 7
751 1160 27 1
752 784 30 7
752 870 37 5
752 1045 35 3
752 1055 23 5
752 1074 10 7
752 1168 31 6
753 1035 13 7
758 1039 47 9
761 1085 32 2
765 1074 36 5
766 808 49 4
766 933 1 10
768 1161 2 6
774 981 27 1
775 957 10 10
782 945 36 9
785 786 25 1
785 787 16 6
785 788 11 7
785 860 46 4
785 871 43 10
785 894 7 4
785 931 33 1
785 985 27 3
785 1008 17 9
785 1009 44 4
785 1062 2 10
785 1105 45 10
785 1110 26 5
785 1121 28 9
785 1160 10 10
785 1168 23 6
786 787 17 2
786 789 12 5
786 790 19 1
786 791 27 4
786 792 47 10
786 793 37 9
786 794 15 5
786 795 42 6
786 818 14 2
786 860 41 6
786 895 19 8
786 940 33 1
786 953 15 7
786 988 7 3
786 1030 17 1
786 1031 33 2
786 1045 46 10
786 1055 19 1
786 1064 26 9
786 1105 44 6
786 1120 4 8
786 1165 32 1
787 796 16 4
787 797 13 9
787 798 30 9
787 799 14 10
787 801 20 5
787 802 43 4
787 818 38 4
787 840 20 10
787 841 7 8
787 931 13 2
787 941 9 2
787 952 18 1
787 1045 33 9
787 1055 46 10
787 1111 41 2
787 1136 49 8
787 1139 14 6
787 1160 49 5
788 1011 17 7
790 1097 20 3
793 846 3 3
794 828 29 4
795 812 27 4
796 1075 25 2
799 1156 3 5
800 801 2 3
800 802 23 10
800 803 1 8
800 804 41 6
800 805 30 9
800 819 37 7
800 931 30 2
800 954 33 5
800 956 9 7
800 1008 48 2
800 1032 49 8
800 1055 1 4
800 1160 44 6
800 1167 10 9
801 802 50 6
801 806 16 5
801 807 24 1
801 808 8 10
801 809 30 6
801 841 1 6
801 860 49 7
801 870 2 8
801 871 16 3
801 893 13 8
801 941 20 3
801 988 43 5
801 1005 33 4
801 1045 27 9
801 1046 5 1
801 1105 14 10
801 1110 12 3
801 1122 22 10
801 1138 7 8
801 1160 39 4
801 1168 11 5
802 810 32 1
802 811 47 1
802 812 46 1
802 813 8 1
802 814 4 4
802 818 13 6
802 842 15 9
802 893 11 4
802 931 44 4
802 941 50 3
802 986 11 10
802 1030 29 10
802 1055 31 4
802 1060 38 6
802 1061 16 1
802 1105 40 9
802 1120 13 5
802 1139 14 10
803 1076 10 2
806 964 15 7
807 942 23 2
807 945 32 3
807 1088 50 8
808 911 38 7
813 1014 35 3
815 816 48 3
815 817 18 7
815 818 41 4
815 819 41 6
815 820 16 8
815 821 32 10
815 822 9 4
815 823 49 8
815 824 15 4
815 825 21 10
815 870 2 3
815 890 44 2
815 1160 6 5
816 817 21 10
816 818 26 7
816 819 37 5
816 826 44 3
816 827 7 4
816 828 1 4
816 829 20 10
816 830 37 9
816 861 2 4
816 893 23 7
816 940 10 2
816 953 15 5
816 986 38 1
816 1005 12 4
816 1046 16 2
816 1110 33 1
816 1139 37 6
817 818 25 9
817 819 23 3
817 831 5 8
817 832 1 2
817 833 11 4
817 834 37 10
817 843 45 9
817 861 42 5
817 931 3 9
817 987 23 10
817 1055 9 7
817 1105 12 5
817 1110 32 2
817 1136 16 2
818 819 45 7
818 835 26 5
818 836 23 9
818 837 48 4
818 838 32 3
818 872 34 3
818 1005 16 3
818 1032 30 10
818 1046 36 10
818 1065 17 3
818 1105 34 4
819 839 14 4
819 841 37 2
819 931 9 8
819 940 22 7
819 955 9 8
819 1031 35 5
819 1055 2 4
819 1120 2 3
819 1122 7 6
819 1160 37 6
819 1168 26 10
819 1171 25 1
823 834 7 9
826 982 1 8
829 1198 43 1
830 914 33 9
831 1086 18 10
831 1123 4 9
838 1036 16 4
840 841 17 7
840 842 6 3
840 843 36 5
840 844 26 8
840 845 24 3
840 846 22 1
840 847 28 1
840 953 28 10
840 1046 5 1
840 1105 7 8
840 1110 33 9
840 1122 49 10
841 842 11 6
841 843 50 9
841 848 38 7
841 849 20 6
841 850 20 4
841 860 6 4
841 892 19 7
841 894 48 2
841 1007 27 6
841 1031 30 4
841 1045 14 10
841 1055 28 4
841 1063 9 1
841 1105 31 2
841 1111 16 1
841 1138 7 10
841 1160 19 10
842 843 2 8
842 851 9 6
842 852 45 5
842 853 4 1
842 860 12 3
842 870 8 10
842 931 39 7
842 941 21 4
842 986 24 1
842 1005 4 7
842 1065 35 6
842 1122 37 5
842 1137 42 10
842 1160 37 1
842 1166 21 7
843 854 27 9
843 855 45 5
843 856 3 6
843 857 5 8
843 858 7 1
843 859 42 8
843 870 17 2
843 931 41 1
843 940 39 7
843 954 10 4
843 987 1 8
843 1030 48 5
843 1168 29 4
849 865 17 9
849 932 46 7
850 1129 20 9
860 861 33 10
860 862 41 1
860 863 10 1
860 864 27 7
860 865 46 9
860 866 24 4
860 870 15 8
860 895 35 6
860 896 19 8
860 940 45 10
860 953 44 3
860 986 21 2
860 988 13 10
860 1005 25 1
860 1006 34 7
860 1030 33 8
860 1055 50 4
860 1105 19 9
860 1111 33 6
860 1121 42 3
860 1136 13 8
860 1139 49 3
860 1160 6 7
860 1169 13 5
861 867 20 8
861 868 30 9
861 869 39 5
861 871 41 9
861 931 30 2
861 940 37 5
861 953 15 10
861 1031 13 5
861 1045 7 3
861 1046 17 6
861 1055 43 6
861 1064 16 8
861 1068 37 1
861 1105 48 6
861 1120 36 2
861 1160 33 5
861 1168 31 8
864 1194 48 10
867 1088 14 6
870 871 44 3
870 872 25 3
870 873 35 3
870 874 43 5
870 875 35 6
870 931 16 5
870 1030 26 10
870 1139 13 10
870 1160 49 9
871 872 45 2
871 873 34 6
871 876 17 3
871 877 9 7
871 878 21 5
871 894 40 9
871 941 31 3
871 950 32 1
871 985 27 3
871 1009 13 5
871 1055 30 2
871 1062 21 8
871 1068 31 1
871 1110 39 10
871 1160 36 10
872 873 46 6
872 879 15 6
872 880 3 8
872 881 21 5
872 882 1 6
872 940 17 8
872 951 44 2
872 988 38 1
872 1046 37 6
872 1105 21 10
872 1111 45 5
872 1122 44 7
872 1169 26 6
873 883 32 5
873 884 45 6
873 885 46 6
873 886 34 10
873 887 30 10
873 888 24 5
873 889 38 2
873 896 28 2
873 930 25 5
873 1032 33 1
873 1055 5 7
873 1120 9 3
873 1137 18 3
873 1165 48 10
878 1033 18 8
879 1184 20 6
883 1084 34 5
884 961 23 6
887 1014 5 7
890 891 38 2
890 892 19 8
890 893 33 10
890 894 6 10
890 895 28 9
890 896 15 5
890 897 7 8
890 898 28 6
890 899 18 8
890 900 23 5
890 901 28 7
890 902 48 3
890 903 40 5
890 1009 45 9
891 892 23 7
891 893 6 6
891 894 29 7
891 895 28 1
891 896 26 3
891 897 1 10
891 904 36 5
891 905 40 4
891 906 38 5
891 907 4 9
891 1046 18 4
891 1120 35 2
891 1166 42 9
892 893 32 5
892 894 37 7
892 895 12 3
892 896 47 9
892 897 39 9
892 908 16 2
892 909 43 9
892 954 29 8
892 1030 27 6
893 894 37 8
893 895 41 6
893 896 8 1
893 897 29 6
893 910 38 7
893 911 4 9
893 931 5 9
893 940 43 5
893 1030 47 9
893 1055 14 8
893 1105 7 8
893 1165 33 5
894 895 38 9
894 896 23 9
894 897 5 5
894 912 26 4
894 913 25 2
894 914 30 8
894 940 31 7
894 985 42 10
894 1045 9 1
894 1067 13 8
894 1110 35 4
894 1137 45 5
895 896 7 3
895 897 24 3
895 915 5 10
895 916 15 8
895 917 16 10
895 918 40 5
895 919 20 2
895 920 18 1
895 931 28 10
895 951 39 4
895 987 4 2
895 1120 8 10
896 897 25 1
896 921 5 6
896 922 29 4
896 923 44 1
896 924 36 10
896 925 34 8
896 926 6 9
896 927 21 1
896 1055 19 10
896 1066 14 3
896 1105 34 10
896 1160 30 10
897 928 47 1
897 929 41 3
897 1006 47 8
897 1137 49 4
897 1160 33 6
904 925 47 7
905 1148 7 2
911 1094 15 1
913 1142 30 3
922 1114 42 2
930 931 21 10
930 932 41 9
930 933 38 7
930 934 45 7
930 952 24 6
930 1006 35 4
930 1030 6 10
930 1046 35 4
930 1055 4 3
930 1068 9 9
930 1105 4 7
930 1110 44 3
930 1121 15 7
930 1122 15 4
930 1136 26 5
930 1160 11 2
930 1171 50 8
931 935 30 10
931 936 42 2
931 937 29 2
931 938 11 4
931 939 25 5
931 941 14 7
931 952 44 7
931 986 12 4
931 988 14 2
931 1032 48 7
931 1045 22 2
931 1055 29 2
931 1063 25 2
931 1111 10 5
931 1136 14 8
931 1166 38 2
932 1108 25 6
940 941 6 4
940 942 36 10
940 943 37 8
940 944 41 2
940 945 6 1
940 951 41 2
940 986 2 6
940 988 4 1
940 1008 6 9
940 1030 35 1
940 1046 1 5
940 1055 6 1
940 1060 26 9
940 1105 46 2
940 1110 22 6
940 1136 29 7
940 1138 10 5
940 1160 10 2
940 1169 7 6
941 946 39 6
941 947 2 4
941 948 39 2
941 949 30 9
941 955 8 7
941 1008 8 1
941 1031 8 4
941 1045 1 5
941 1055 42 3
941 1068 38 6
941 1105 50 9
941 1111 48 7
941 1121 14 7
941 1160 48 3
941 1166 46 9
943 1173 26 1
946 970 49 10
950 951 13 4
950 952 22 8
950 953 26 2
950 954 2 8
950 955 7 2
950 956 28 9
950 957 15 4
950 958 22 3
950 959 7 6
950 960 2 1
950 961 1 9
950 962 45 9
950 1032 31 4
950 1105 50 4
951 952 31 5
951 953 14 10
951 954 43 6
951 955 27 8
951 956 29 3
951 963 8 2
951 1135 2 10
952 953 29 10
952 954 7 9
952 955 12 1
952 956 25 6
952 964 2 9
952 988 5 7
952 1055 13 5
952 1111 35 1
952 1122 48 6
952 1168 23 3
952 1170 20 7
953 954 5 10
953 955 32 3
953 956 7 7
953 965 47 2
953 966 8 5
953 967 17 8
953 1055 31 7
953 1065 46 2
953 1105 27 9
953 1110 41 7
953 1160 43 2
954 955 13 6
954 956 13 1
954 968 18 2
954 969 47 1
954 970 29 5
954 971 45 2
954 972 12 1
954 973 38 9
954 974 48 5
954 975 40 5
954 987 31 3
954 1030 33 1
954 1160 5 8
955 956 21 9
955 976 30 9
955 977 44 5
955 978 17 7
955 979 36 5
955 980 50 8
955 981 46 8
955 982 30 4
955 1006 29 8
955 1045 39 2
955 1122 19 7
955 1136 9 6
956 983 14 7
956 984 16 9
956 1045 25 3
956 1063 3 2
962 1052 33 7
962 1126 21 5
967 971 5 9
967 1180 32 8
972 1108 11 9
979 1077 27 1
985 986 34 4
985 987 4 6
985 988 7 6
985 989 27 1
985 990 39 10
985 991 39 9
985 992 40 9
985 993 10 3
985 994 8 9
985 995 3 5
985 1008 41 10
985 1032 10 1
985 1055 48 8
985 1110 27 8
985 1160 41 9
985 1165 3 6
986 987 9 5
986 988 28 4
986 996 41 2
986 1007 11 5
986 1066 20 9
986 1137 28 1
986 1168 40 9
987 988 44 10
987 997 4 2
987 998 28 4
987 999 35 10
987 1000 13 8
987 1001 46 9
987 1046 24 10
987 1111 1 1
987 1138 4 1
988 1002 43 4
988 1003 9 9
988 1004 45 1
988 1031 38 2
988 1045 3 4
988 1064 40 5
988 1105 49 2
988 1120 19 9
988 1160 8 8
992 1151 3 6
998 1084 15 9
998 1127 25 1
1002 1125 37 4
1005 1006 48 10
1005 1007 36 2
1005 1008 9 7
1005 1009 19 5
1005 1010 14 8
1005 1011 18 10
1005 1012 14 3
1005 1013 26 6
1005 1014 32 6
1005 1045 42 7
1006 1007 10 3
1006 1008 14 10
1006 1009 19 1
1006 1015 22 5
1006 1016 8 2
1006 1017 44 7
1006 1018 37 9
1006 1032 18 3
1006 1060 23 9
1006 1139 36 6
1006 1169 2 1
1007 1008 13 5
1007 1009 25 7
1007 1019 12 1
1007 1020 31 6
1007 1021 5 5
1007 1022 43 7
1007 1023 13 2
1007 1024 38 1
1007 1055 3 9
1007 1105 2 3
1007 1111 25 6
1008 1009 25 3
1008 1025 42 6
1008 1030 50 5
1008 1046 40 8
1008 1055 11 3
1008 1105 48 4
1008 1120 40 3
1008 1121 45 8
1009 1026 27 10
1009 1027 38 10
1009 1028 30 3
1009 1029 20 10
1009 1063 43 7
1009 1110 43 6
1009 1139 21 2
1009 1160 30 6
1018 1119 38 8
1030 1031 39 8
1030 1032 41 9
1030 1033 42 3
1030 1034 26 10
1030 1046 47 8
1030 1061 31 5
1030 1105 48 1
1030 1139 46 9
1031 1032 17 3
1031 1035 33 10
1031 1036 4 6
1031 1037 32 9
1031 1038 35 9
1031 1039 16 8
1031 1046 33 3
1031 1055 1 9
1031 1111 9 3
1031 1160 48 4
1031 1169 49 1
1032 1040 23 10
1032 1041 22 8
1032 1042 21 9
1032 1043 24 2
1032 1044 42 5
1032 1055 7 9
1032 1120 50 10
1032 1121 37 4
1032 1137 1 3
1032 1166 26 1
1034 1075 7 3
1036 1079 24 3
1036 1093 44 8
1038 1176 31 1
1044 1112 8 10
1045 1046 9 5
1045 1047 16 7
1045 1048 14 4
1045 1049 15 10
1045 1055 31 9
1045 1061 11 3
1045 1062 8 7
1045 1105 16 10
1045 1111 5 7
1045 1121 8 2
1045 1138 41 6
1045 1160 12 7
1045 1165 27 8
1045 1168 35 4
1046 1050 35 4
1046 1051 23 9
1046 1052 49 8
1046 1053 29 1
1046 1054 19 5
1046 1105 32 1
1046 1110 32 1
1046 1122 41 7
1046 1139 12 8
1046 1160 42 8
1052 1113 10 6
1055 1056 1 5
1055 1057 41 2
1055 1058 1 9
1055 1059 50 7
1055 1060 47 5
1055 1068 8 1
1055 1105 3 5
1055 1110 9 8
1055 1121 16 8
1055 1122 16 6
1055 1135 18 5
1055 1138 48 4
1055 1160 27 6
1055 1165 8 6
1055 1168 13 7
1057 1070 20 2
1059 1113 17 5
1060 1061 16 7
1060 1062 18 5
1060 1063 16 10
1060 1064 35 4
1060 1065 15 7
1060 1066 47 6
1060 1067 10 4
1060 1068 22 10
1060 1069 4 9
1060 1070 34 10
1060 1071 46 7
1060 1072 19 10
1060 1105 16 3
1060 1110 17 8
1060 1122 8 7
1060 1136 32 9
1060 1139 47 8
1060 1160 44 5
1061 1062 45 10
1061 1063 6 1
1061 1064 17 9
1061 1065 38 9
1061 1066 26 10
1061 1067 23 7
1061 1068 29 2
1061 1073 33 4
1061 1074 43 9
1061 1111 21 5
1062 1063 38 4
1062 1064 23 2
1062 1065 40 8
1062 1066 45 6
1062 1067 37 1
1062 1068 43 6
1062 1075 1 9
1062 1076 11 2
1062 1105 25 2
1062 1122 28 5
1062 1160 39 1
1063 1064 33 1
1063 1065 7 6
1063 1066 39 7
1063 1067 10 8
1063 1068 22 3
1063 1077 44 3
1063 1078 6 10
1063 1079 12 4
1063 1080 26 8
1063 1081 38 10
1063 1082 36 7
1063 1083 50 8
1064 1065 23 3
1064 1066 38 2
1064 1067 23 2
1064 1068 16 5
1064 1084 6 9
1064 1085 9 2
1064 1086 16 10
1064 1087 50 6
1065 1066 17 9
1065 1067 12 6
1065 1068 15 8
1065 1088 19 2
1065 1089 24 8
1065 1090 24 3
1065 1091 14 5
1065 1092 8 10
1065 1093 38 3
1066 1067 25 6
1066 1068 17 6
1066 1094 27 7
1066 1095 22 5
1066 1170 4 9
1067 1068 28 4
1067 1096 42 9
1067 1097 23 7
1067 1098 3 7
1067 1099 42 3
1067 1100 14 7
1067 1101 13 9
1067 1102 40 1
1067 1103 20 3
1068 1104 48 9
1068 1171 19 5
1078 1198 37 3
1080 1130 20 5
1087 1157 48 7
1093 1198 17 6
1101 1125 10 9
1105 1106 17 9
1105 1107 32 6
1105 1108 49 4
1105 1109 44 3
1105 1111 40 7
1105 1121 34 7
1105 1122 33 9
1105 1136 41 10
1105 1137 1 4
1105 1160 7 8
1105 1165 31 7
1105 1167 33 9
1110 1111 49 4
1110 1112 10 7
1110 1113 30 3
1110 1114 13 3
1110 1121 45 7
1110 1136 35 7
1110 1160 21 10
1110 1165 32 3
1111 1115 49 6
1111 1116 39 9
1111 1117 13 9
1111 1118 20 9
1111 1119 31 1
1111 1122 9 8
1111 1135 27 9
1111 1171 1 5
1113 1178 5 4
1119 1144 25 4
1120 1121 22 5
1120 1122 8 6
1120 1123 18 6
1120 1138 9 1
1120 1170 46 2
1121 1122 5 8
1121 1124 47 8
1121 1125 32 4
1121 1126 16 10
1121 1127 46 4
1121 1128 49 7
1121 1137 2 8
1121 1160 44 2
1122 1129 4 2
1122 1130 50 6
1122 1131 36 1
1122 1132 35 8
1122 1133 16 9
1122 1134 21 10
1122 1160 48 5
1122 1169 14 3
1135 1136 22 7
1135 1137 39 2
1135 1138 15 4
1135 1139 40 1
1135 1140 15 5
1135 1141 29 6
1135 1142 40 10
1135 1143 21 3
1136 1137 39 3
1136 1138 3 1
1136 1139 3 6
1136 1144 33 3
1136 1145 28 10
1136 1146 11 5
1136 1147 50 3
1136 1148 11 2
1137 1138 3 10
1137 1139 13 8
1137 1149 43 10
1137 1165 27 9
1137 1171 19 1
1138 1139 31 4
1138 1150 28 1
1138 1151 31 2
1138 1152 45 9
1138 1153 1 8
1138 1160 32 5
1139 1154 31 10
1139 1155 26 4
1139 1156 42 2
1139 1157 10 4
1139 1158 10 4
1139 1159 25 1
1139 1160 21 2
1147 1193 47 1
1156 1194 35 9
1160 1161 1 9
1160 1162 17 7
1160 1163 31 9
1160 1164 14 1
1160 1166 11 7
1160 1170 44 3
1165 1166 12 2
1165 1167 34 10
1165 1168 41 9
1165 1169 45 6
1165 1170 26 10
1165 1171 23 9
1165 1172 23 10
1165 1173 12 7
1166 1167 11 7
1166 1168 42 5
1166 1169 15 5
1166 1170 29 10
1166 1171 35 9
1166 1174 49 3
1166 1175 44 5
1166 1176 9 8
1167 228 48 4
1167 1168 28 1
1167 1169 18 5
1167 1170 8 9
1167 1171 4 2
1167 1177 37 6
1167 1178 38 4
1167 1179 4 4
1168 1169 16 10
1168 1170 4 5
1168 1171 12 8
1168 1180 11 3
1168 1181 31 9
1168 1182 47 1
1168 1183 48 7
1168 1184 41 5
1168 1185 26 10
1168 1186 19 10
1169 1170 15 1
1169 1171 5 3
1169 1187 44 10
1169 1188 20 1
1169 1189 33 7
1169 1190 16 4
1169 1191 23 2
1169 1192 39 8
1170 1171 27 3
1170 1193 33 7
1170 1194 6 10
1170 1195 13 9
1170 1196 19 8
1170 1197 31 7
1171 1198 4 2
1171 1199 43 3
1180 1195 47 10
1192 1199 29 3

0 725 20
1 1087 41
2 283 23
3 467 17
4 788 34
5 729 27
6 387 20
7 1015 11
8 146 4
9 313 34
10 432 5
11 939 11
12 1173 13
13 152 5
14 996 21
15 658 5
16 1106 55
17 128 15
18 522 29
19 76 23
20 496 3
21 1127 46
22 920 9
23 1047 22
24 208 10
25 1102 18
26 938 6
27 6 15
28 222 24
29 79 25
30 765 44
31 793 14
32 251 18
33 416 10
34 507 40
35 1089 28
36 935 43
37 58 15
38 180 74
39 578 18
40 437 77
41 329 38
42 727 35
43 518 8
44 1188 14
45 135 14
46 947 5
47 675 2
48 249 18
49 571 44
50 734 26
51 1146 23
52 1081 16
53 1054 6
54 569 26
55 928 16
56 599 24
57 921 16
58 811 30
59 419 12
60 899 8
61 102 36
62 345 21
63 99 14
64 730 32
65 144 35
66 371 16
67 487 8
68 82 13
69 717 5
70 185 31
71 455 29
72 357 21
73 373 1
74 1103 14
75 521 68
76 456 25
77 104 14
78 77 16
79 1022 16
80 1059 20
81 218 4
82 775 21
83 898 23
84 1092 5
85 657 55
86 907 2
87 913 25
88 1190 6
89 693 11
90 224 10
91 1076 14
92 147 16
93 57 28
94 641 12
95 864 35
96 1143 35
97 424 76
98 1079 16
99 73 20
100 246 7
101 1155 16
102 389 12
103 275 25
104 1174 46
105 553 33
106 425 16
107 248 42
108 362 19
109 779 12
110 179 5
111 1084 32
112 1074 61
113 929 25
114 69 22
115 712 45
116 235 19
117 754 20
118 263 24
119 70 7
120 1040 8
121 990 17
122 711 44
123 758 43
124 936 19
125 1039 43
126 45 37
127 383 48
128 1132 22
129 610 22
130 804 31
131 282 15
132 753 15
133 203 29
134 324 33
135 515 27
136 685 22
137 191 22
138 333 43
139 732 7
140 359 8
141 958 11
142 415 16
143 1151 12
144 254 16
145 334 47
146 767 15
147 836 10
148 384 35
149 363 6
150 290 5
151 672 26
152 772 16
153 969 24
154 413 39
155 56 44
156 624 65
157 346 14
158 581 29
159 22 4
160 834 18
161 1140 10
162 336 3
163 744 49
164 379 6
165 915 6
166 781 18
167 259 8
168 13 54
169 450 46
170 726 22
171 268 12
172 205 23
173 798 14
174 549 16
175 240 5
176 1003 3
177 21 16
178 273 53
179 486 70
180 11 16
181 209 13
182 472 8
183 983 41
184 33 41
185 148 24
186 216 7
187 349 75
188 106 102
189 193 26
190 1158 3
191 540 16
192 982 10
193 364 41
194 289 113
195 1101 34
196 824 18
197 737 4
198 326 25
199 797 4
200 390 8
201 150 30
202 845 13
203 28 28
204 665 13
205 355 1
206 449 24
207 1038 36
208 780 4
209 279 17
210 916 4
211 973 18
212 498 2
213 438 15
214 743 5
215 358 8
216 813 13
217 656 29
218 626 4
219 1018 22
220 1198 58
221 407 13
222 408 62
223 1109 25
224 447 56
225 89 16
226 577 30
227 3 13
228 594 18
229 852 22
230 557 4
231 217 12
232 422 53
233 851 6
234 874 30
235 995 2
236 1130 20
237 34 22
238 1044 35
239 806 15
240 214 32
241 716 48
242 597 8
243 919 9
244 782 25
245 250 9
246 568 5
247 414 15
248 523 27
249 269 13
250 497 23
251 598 31
252 14 63
253 429 25
254 1058 1
255 1012 3
256 296 64
257 176 22
258 866 27
259 189 12
260 790 28
261 412 30
262 832 1
263 108 43
264 323 19
265 856 56
266 318 18
267 586 33
268 690 4
269 234 48
270 759 22
271 1197 16
272 991 26
273 1097 24
274 491 17
275 1086 60
276 317 33
277 1156 27
278 266 24
279 628 17
280 131 8
281 579 4
282 998 37
283 538 4
284 1093 30
285 38 21
286 368 70
287 1083 110
288 339 20
289 534 13
290 46 21
291 960 19
292 1192 57
293 1016 4
294 575 26
295 679 13
296 10 44
297 876 10
298 783 56
299 1023 4
300 1117 7
301 68 49
302 139 41
303 1071 13
304 510 2
305 386 2
306 207 1
307 676 19
308 1069 2
309 738 23
310 810 23
311 473 22
312 43 37
313 133 10
314 559 14
315 47 20
316 74 54
317 27 3
318 1050 17
319 136 40
320 29 25
321 298 29
322 157 10
323 277 48
324 350 6
325 87 34
326 999 43
327 1017 32
328 1150 14
329 981 19
330 855 34
331 7 60
332 761 23
333 338 11
334 642 15
335 353 6
336 293 20
337 1119 40
338 202 31
339 622 13
340 1176 26
341 328 9
342 237 18
343 613 12
344 887 12
345 1159 15
346 661 35
347 181 31
348 8 41
349 606 20
350 590 12
351 1027 10
352 688 14
353 109 21
354 194 27
355 300 14
356 709 22
357 706 12
358 509 5
359 110 8
360 794 40
361 1164 16
362 536 8
363 132 26
364 937 20
365 652 42
366 255 17
367 381 14
368 1077 34
369 662 24
370 88 13
371 993 10
372 885 20
373 315 69
374 844 10
375 506 16
376 471 4
377 210 9
378 539 111
379 1075 10
380 59 32
381 541 4
382 405 25
383 39 6
384 957 45
385 143 36
386 55 22
387 1048 39
388 457 12
389 551 8
390 629 8
391 322 22
392 674 4
393 1125 48
394 974 58
395 256 44
396 542 23
397 107 7
398 532 20
399 918 48
400 970 55
401 1036 22
402 763 19
403 439 9
404 369 20
405 178 31
406 882 7
407 215 12
408 762 23
409 1078 17
410 243 19
411 574 39
412 718 6
413 382 4
414 1114 15
415 847 20
416 127 5
417 555 43
418 62 45
419 1049 7
420 733 13
421 44 34
422 933 9
423 848 42
424 1090 14
425 84 16
426 1153 20
427 925 38
428 556 10
429 219 16
430 140 2
431 186 5
432 78 33
433 837 21
434 946 65
435 173 31
436 645 65
437 823 18
438 149 31
439 162 17
440 160 18
441 1052 81
442 1124 15
443 524 44
444 483 48
445 756 27
446 715 8
447 40 12
448 458 13
449 351 51
450 159 22
451 677 47
452 1112 34
453 687 32
454 239 2
455 799 12
456 612 5
457 742 25
458 543 15
459 1128 27
460 825 38
461 221 43
462 113 13
463 1020 31
464 617 14
465 451 4
466 276 34
467 1024 47
468 161 3
469 294 25
470 648 103
471 1026 10
472 537 56
473 691 25
474 1116 27
475 312 14
476 948 46
477 232 15
478 261 52
479 1104 19
