1200 5240 480

0 25 200
1 50 500
2 75 800
3 100 1200
4 125 1700
5 150 2300
6 175 3000
7 200 3800
8 225 4600
9 250 5500

0 1500
1 1500
2 1500
3 2000
4 2000
5 2000
6 2000
7 1500
8 2000
9 2000
10 1000
11 1000
12 2000
13 2000
14 1500
15 1500
16 1500
17 1500
18 1500
19 1500
20 2000
21 1000
22 2000
23 2000
24 2000
25 2000
26 1500
27 1000
28 2000
29 1500
30 2000
31 1500
32 1500
33 2000
34 2000
35 2000
36 2000
37 2000
38 2000
39 1500
40 1500
41 1500
42 1000
43 2000
44 2000
45 2000
46 1500
47 2000
48 1000
49 500
50 1500
51 500
52 500
53 500
54 1500
55 1500
56 1500
57 2000
58 1500
59 2000
60 1000
61 2000
62 2000
63 1000
64 2000
65 1500
66 1000
67 1500
68 1000
69 1000
70 1000
71 2000
72 2000
73 1500
74 500
75 1500
76 1500
77 1500
78 1500
79 1500
80 1500
81 1000
82 2000
83 2000
84 1500
85 2000
86 2000
87 2000
88 1000
89 1000
90 1000
91 1000
92 2000
93 2000
94 2000
95 2000
96 2000
97 2000
98 2000
99 2000
100 2000
101 1000
102 2000
103 1500
104 2000
105 1500
106 2000
107 1500
108 1000
109 500
110 1500
111 1500
112 1500
113 1500
114 1500
115 1000
116 2000
117 2000
118 2000
119 1000
120 2000
121 1500
122 1000
123 1500
124 2000
125 1000
126 2000
127 1000
128 2000
129 2000
130 2000
131 1500
132 2000
133 1000
134 2000
135 1500
136 1500
137 1500
138 1500
139 2000
140 1500
141 2000
142 2000
143 1000
144 1500
145 2000
146 1500
147 1000
148 2000
149 2000
150 2000
151 1000
152 1500
153 2000
154 1000
155 1500
156 1500
157 1500
158 1500
159 1500
160 1000
161 1500
162 2000
163 1000
164 1500
165 2000
166 2000
167 1000
168 2000
169 2000
170 1500
171 2000
172 1500
173 1000
174 1500
175 2000
176 2000
177 2000
178 1000
179 1000
180 1000
181 2000
182 500
183 2000
184 1000
185 2000
186 2000
187 2000
188 2000
189 1500
190 1500
191 1000
192 2000
193 1000
194 500
195 500
196 1500
197 500
198 1500
199 1500
200 1500
201 1500
202 1500
203 1000
204 1500
205 1500
206 2000
207 1000
208 1500
209 2000
210 1500
211 1500
212 2000
213 2000
214 2000
215 1000
216 2000
217 1500
218 2000
219 2000
220 2000
221 1500
222 500
223 2000
224 2000
225 2000
226 1000
227 2000
228 2000
229 2000
230 1500
231 1500
232 1500
233 1000
234 2000
235 1000
236 1500
237 2000
238 2000
239 2000
240 2000
241 1000
242 2000
243 1000
244 1500
245 2000
246 2000
247 2000
248 2000
249 1000
250 1500
251 1500
252 1500
253 1500
254 1500
255 2000
256 1500
257 1000
258 2000
259 2000
260 2000
261 1500
262 2000
263 1000
264 1000
265 2000
266 1000
267 1500
268 1500
269 1000
270 1500
271 1500
272 2000
273 1500
274 2000
275 1500
276 1000
277 2000
278 1000
279 2000
280 2000
281 1000
282 1500
283 1000
284 1500
285 1000
286 1500
287 1500
288 1500
289 1000
290 1500
291 1500
292 1500
293 1000
294 2000
295 2000
296 1000
297 1000
298 1000
299 2000
300 2000
301 1500
302 2000
303 1000
304 1500
305 2000
306 2000
307 2000
308 2000
309 1000
310 1500
311 500
312 2000
313 2000
314 1000
315 2000
316 2000
317 1500
318 1000
319 1500
320 1000
321 1500
322 1500
323 2000
324 1500
325 2000
326 1500
327 2000
328 2000
329 1000
330 1500
331 1500
332 2000
333 2000
334 2000
335 2000
336 2000
337 1000
338 2000
339 2000
340 1500
341 1500
342 1500
343 2000
344 1000
345 1500
346 1500
347 2000
348 1000
349 2000
350 1000
351 1000
352 2000
353 1000
354 2000
355 1500
356 1500
357 1500
358 1500
359 1500
360 1500
361 1500
362 1000
363 1500
364 1000
365 1000
366 2000
367 2000
368 2000
369 1000
370 2000
371 2000
372 1000
373 2000
374 1000
375 2000
376 2000
377 1500
378 2000
379 1500
380 2000
381 2000
382 1500
383 2000
384 2000
385 1000
386 2000
387 1000
388 2000
389 2000
390 1500
391 1000
392 2000
393 2000
394 1000
395 1500
396 1500
397 1500
398 1500
399 1500
400 2000
401 2000
402 2000
403 1000
404 1000
405 2000
406 2000
407 2000
408 1000
409 1000
410 1000
411 2000
412 2000
413 1000
414 2000
415 1500
416 1500
417 1500
418 1500
419 1500
420 2000
421 2000
422 1000
423 2000
424 1500
425 2000
426 2000
427 2000
428 2000
429 1000
430 2000
431 1000
432 1000
433 2000
434 2000
435 1000
436 1500
437 1000
438 1500
439 2000
440 1500
441 1500
442 1500
443 1500
444 1500
445 1500
446 1000
447 1500
448 2000
449 2000
450 2000
451 1000
452 1000
453 2000
454 1000
455 2000
456 1000
457 1000
458 2000
459 1000
460 1500
461 1000
462 2000
463 2000
464 2000
465 2000
466 1000
467 1000
468 1000
469 1000
470 1500
471 2000
472 2000
473 500
474 1000
475 1500
476 1000
477 2000
478 2000
479 1000
480 1000
481 1000
482 1500
483 1500
484 1500
485 1500
486 1000
487 500
488 500
489 500
490 1000
491 1500
492 1500
493 500
494 500
495 500
496 1000
497 2000
498 2000
499 1500
500 1500
501 2000
502 1000
503 2000
504 2000
505 2000
506 2000
507 1000
508 1000
509 2000
510 2000
511 1500
512 500
513 1500
514 1000
515 1500
516 1000
517 1500
518 1500
519 1000
520 1000
521 1000
522 1000
523 1000
524 2000
525 1000
526 2000
527 1000
528 500
529 1500
530 500
531 500
532 1500
533 1500
534 2000
535 2000
536 2000
537 1500
538 1000
539 2000
540 1000
541 1500
542 2000
543 500
544 1500
545 1500
546 1500
547 500
548 500
549 1500
550 1500
551 1000
552 1500
553 1500
554 1500
555 2000
556 2000
557 1500
558 1500
559 1500
560 1500
561 500
562 500
563 500
564 1500
565 2000
566 2000
567 1500
568 2000
569 2000
570 1500
571 1500
572 1000
573 2000
574 2000
575 1500
576 1500
577 1500
578 1500
579 1500
580 1500
581 1000
582 1500
583 2000
584 1500
585 1500
586 1500
587 2000
588 1500
589 2000
590 2000
591 2000
592 1500
593 2000
594 1500
595 2000
596 2000
597 2000
598 2000
599 2000
600 1500
601 1000
602 1000
603 1000
604 1000
605 1500
606 1500
607 1000
608 2000
609 500
610 1500
611 1500
612 1500
613 1500
614 1500
615 2000
616 1500
617 1000
618 2000
619 2000
620 2000
621 1500
622 2000
623 1000
624 2000
625 2000
626 2000
627 2000
628 2000
629 2000
630 1500
631 2000
632 1500
633 1500
634 1500
635 1500
636 1500
637 1500
638 1500
639 1500
640 1500
641 2000
642 2000
643 2000
644 1000
645 1000
646 1000
647 1000
648 2000
649 2000
650 2000
651 2000
652 1000
653 2000
654 1500
655 1500
656 1000
657 2000
658 2000
659 1000
660 1000
661 2000
662 1000
663 2000
664 2000
665 1500
666 1500
667 1500
668 1500
669 1500
670 1500
671 1500
672 1500
673 1500
674 2000
675 1000
676 1500
677 1000
678 1000
679 1000
680 1000
681 2000
682 2000
683 1000
684 2000
685 1000
686 1000
687 1000
688 1500
689 2000
690 1500
691 1000
692 2000
693 2000
694 1500
695 2000
696 2000
697 2000
698 2000
699 2000
700 2000
701 1500
702 2000
703 1500
704 2000
705 1500
706 1500
707 1000
708 1500
709 1500
710 2000
711 1000
712 2000
713 2000
714 2000
715 2000
716 1000
717 2000
718 1500
719 1500
720 1000
721 2000
722 500
723 2000
724 2000
725 2000
726 2000
727 2000
728 2000
729 1000
730 1500
731 1500
732 1000
733 1500
734 1000
735 1500
736 2000
737 1000
738 1500
739 2000
740 1000
741 1000
742 1000
743 2000
744 1500
745 1500
746 1500
747 1000
748 2000
749 1000
750 2000
751 1500
752 1000
753 1500
754 2000
755 2000
756 500
757 1000
758 1000
759 2000
760 1500
761 1500
762 1500
763 1500
764 2000
765 2000
766 2000
767 1500
768 2000
769 1000
770 1500
771 2000
772 2000
773 2000
774 1000
775 2000
776 1500
777 1000
778 1000
779 2000
780 1000
781 1500
782 1500
783 1500
784 1500
785 1500
786 500
787 1000
788 1500
789 2000
790 1000
791 2000
792 1500
793 1000
794 1500
795 2000
796 1000
797 1500
798 1500
799 2000
800 1500
801 2000
802 2000
803 2000
804 2000
805 1500
806 1500
807 1500
808 2000
809 1000
810 2000
811 2000
812 1000
813 1000
814 1000
815 1000
816 2000
817 1000
818 2000
819 2000
820 1500
821 1000
822 1500
823 1500
824 1500
825 2000
826 500
827 1000
828 1500
829 500
830 2000
831 2000
832 2000
833 1000
834 1000
835 1000
836 2000
837 2000
838 2000
839 2000
840 1000
841 1500
842 1500
843 500
844 1500
845 1500
846 1500
847 1000
848 1500
849 1500
850 1500
851 2000
852 1000
853 1000
854 2000
855 1500
856 2000
857 1500
858 1500
859 1000
860 2000
861 1000
862 2000
863 1000
864 1500
865 1000
866 2000
867 1000
868 2000
869 2000
870 2000
871 1000
872 1000
873 2000
874 1500
875 1500
876 1500
877 1500
878 2000
879 2000
880 1500
881 1000
882 1000
883 2000
884 1500
885 1000
886 2000
887 1500
888 1000
889 1500
890 1500
891 1500
892 1500
893 1500
894 2000
895 2000
896 2000
897 1000
898 2000
899 1500
900 2000
901 2000
902 1500
903 2000
904 1000
905 1500
906 1500
907 1500
908 1500
909 1000
910 2000
911 2000
912 2000
913 2000
914 2000
915 1500
916 1000
917 1000
918 2000
919 2000
920 2000
921 2000
922 2000
923 2000
924 2000
925 1500
926 1000
927 1500
928 2000
929 1500
930 2000
931 500
932 500
933 1000
934 1000
935 2000
936 1500
937 2000
938 1500
939 2000
940 1500
941 1500
942 1000
943 1500
944 1500
945 1500
946 1500
947 1500
948 2000
949 1000
950 1000
951 2000
952 2000
953 2000
954 1500
955 2000
956 2000
957 2000
958 1500
959 1000
960 500
961 1500
962 2000
963 1000
964 2000
965 2000
966 2000
967 2000
968 1500
969 2000
970 1000
971 1000
972 1000
973 2000
974 1000
975 1500
976 1000
977 1000
978 2000
979 1500
980 1500
981 2000
982 2000
983 2000
984 1000
985 1500
986 2000
987 1000
988 2000
989 1000
990 1500
991 1500
992 1000
993 1500
994 1500
995 1000
996 1000
997 2000
998 1000
999 1000
1000 2000
1001 2000
1002 2000
1003 1000
1004 2000
1005 2000
1006 1000
1007 1000
1008 1000
1009 2000
1010 2000
1011 2000
1012 1500
1013 1500
1014 2000
1015 1500
1016 2000
1017 1500
1018 2000
1019 2000
1020 1500
1021 1000
1022 1500
1023 1500
1024 1000
1025 1500
1026 1500
1027 1500
1028 1500
1029 1500
1030 1500
1031 1000
1032 1500
1033 2000
1034 1500
1035 1000
1036 1500
1037 2000
1038 2000
1039 2000
1040 2000
1041 1000
1042 1000
1043 1000
1044 1000
1045 2000
1046 2000
1047 2000
1048 500
1049 1000
1050 2000
1051 1000
1052 2000
1053 1000
1054 2000
1055 2000
1056 2000
1057 1000
1058 2000
1059 1500
1060 2000
1061 2000
1062 1000
1063 1000
1064 2000
1065 1000
1066 1000
1067 2000
1068 2000
1069 1000
1070 2000
1071 2000
1072 1000
1073 2000
1074 2000
1075 1500
1076 1500
1077 1500
1078 1500
1079 1000
1080 1500
1081 2000
1082 2000
1083 2000
1084 2000
1085 2000
1086 2000
1087 1500
1088 1000
1089 2000
1090 2000
1091 2000
1092 1500
1093 1000
1094 2000
1095 1500
1096 2000
1097 1500
1098 1500
1099 2000
1100 2000
1101 2000
1102 2000
1103 1500
1104 2000
1105 1500
1106 1500
1107 1500
1108 1500
1109 2000
1110 2000
1111 2000
1112 1500
1113 1000
1114 1000
1115 1000
1116 2000
1117 2000
1118 2000
1119 2000
1120 1000
1121 1500
1122 2000
1123 1500
1124 1000
1125 1500
1126 1500
1127 2000
1128 2000
1129 2000
1130 1500
1131 1500
1132 1000
1133 2000
1134 2000
1135 1500
1136 2000
1137 1000
1138 1500
1139 2000
1140 1500
1141 2000
1142 2000
1143 2000
1144 2000
1145 1500
1146 1500
1147 1500
1148 1500
1149 2000
1150 2000
1151 1500
1152 1000
1153 1500
1154 2000
1155 2000
1156 2000
1157 1500
1158 2000
1159 1500
1160 2000
1161 2000
1162 2000
1163 1500
1164 2000
1165 1500
1166 1500
1167 2000
1168 2000
1169 2000
1170 1500
1171 1000
1172 1500
1173 1000
1174 2000
1175 1000
1176 1500
1177 1500
1178 1500
1179 1000
1180 1500
1181 2000
1182 2000
1183 2000
1184 1500
1185 1000
1186 2000
1187 1000
1188 1000
1189 2000
1190 1000
1191 2000
1192 1000
1193 2000
1194 1000
1195 2000
1196 1500
1197 500
1198 1500
1199 500

0 1 29 2
0 2 40 8
0 3 33 10
0 4 7 1
0 5 6 8
0 6 23 5
0 7 47 6
0 19 23 10
0 40 19 10
0 78 23 7
0 111 16 8
0 114 34 2
0 190 48 2
0 275 4 10
0 288 1 7
0 290 18 1
0 331 3 10
0 341 29 4
0 390 38 10
0 415 47 8
0 485 16 1
0 550 39 2
0 570 36 3
0 671 50 7
0 706 22 4
0 707 13 1
0 732 11 2
0 784 6 5
0 822 14 4
0 840 1 4
0 845 38 9
0 907 48 9
0 908 16 1
0 927 5 10
0 944 34 10
0 985 39 2
0 1015 38 9
0 1107 25 2
0 1130 47 1
0 1135 41 7
0 1140 32 10
0 1146 18 4
0 1165 47 9
0 1177 1 7
1 2 33 2
1 8 33 2
1 41 4 1
1 56 14 3
1 77 41 6
1 136 43 6
1 158 11 5
1 159 46 8
1 191 11 4
1 203 41 9
1 233 46 9
1 252 12 1
1 320 44 8
1 321 36 1
1 330 50 5
1 390 10 2
1 416 50 3
1 445 8 10
1 446 49 8
1 481 14 7
1 579 2 9
1 637 9 2
1 638 22 10
1 761 6 4
1 840 5 9
1 890 21 4
1 975 38 10
1 980 41 4
1 1015 6 4
1 1080 39 10
1 1105 37 10
1 1135 2 2
1 1140 14 4
1 1177 2 5
2 9 41 4
2 10 10 9
2 11 32 2
2 12 4 2
2 13 31 1
2 14 8 8
2 15 33 2
2 55 1 7
2 66 46 4
2 138 46 10
2 232 36 6
2 253 15 5
2 276 6 9
2 342 36 3
2 358 6 4
2 359 30 5
2 396 48 9
2 518 3 4
2 521 12 2
2 552 50 2
2 570 7 6
2 579 16 9
2 600 16 9
2 601 46 8
2 611 26 9
2 612 38 4
2 671 21 5
2 733 34 6
2 761 47 9
2 782 44 6
2 806 6 2
2 807 41 3
2 849 31 1
2 875 26 1
2 877 11 9
2 890 25 8
2 944 29 8
2 975 21 5
2 980 16 8
2 985 29 4
2 991 30 4
2 993 11 1
2 1023 18 1
2 1080 5 8
2 1125 45 5
2 1130 18 4
2 1145 24 5
3 45 39 9
3 1159 34 4
5 299 21 4
5 569 43 6
5 1112 16 6
7 362 10 1
7 1040 19 5
7 1198 1 9
8 26 9 4
8 120 13 1
10 345 22 10
10 934 25 8
13 789 18 1
14 35 49 3
14 810 32 10
15 16 43 9
15 17 40 9
15 18 47 6
15 19 43 2
15 20 20 5
15 21 31 4
15 22 36 5
15 55 46 6
15 65 29 7
15 136 13 8
15 138 11 6
15 252 8 8
15 356 48 10
15 360 17 1
15 396 2 10
15 419 38 4
15 551 47 2
15 578 38 3
15 612 28 9
15 840 2 4
15 846 35 4
15 877 40 10
15 891 34 8
15 892 41 4
15 945 25 5
15 1015 4 8
15 1026 49 7
15 1125 4 6
15 1135 11 10
15 1166 4 7
16 17 13 9
16 18 45 3
16 19 8 3
16 23 6 6
16 24 5 3
16 25 27 6
16 26 11 6
16 27 48 8
16 28 29 1
16 56 12 4
16 77 20 2
16 156 28 7
16 200 9 5
16 252 45 10
16 275 33 5
16 286 37 7
16 390 40 8
16 442 13 10
16 486 7 10
16 570 3 4
16 600 42 3
16 705 12 10
16 709 32 7
16 732 19 4
16 784 8 5
16 876 9 2
16 905 34 9
16 975 49 3
16 980 10 5
16 985 21 2
16 1106 25 2
16 1130 40 6
17 18 47 5
17 19 45 7
17 29 34 9
17 30 34 2
17 31 47 10
17 32 38 1
17 33 14 8
17 42 17 1
17 65 44 5
17 78 1 10
17 110 47 5
17 231 27 1
17 275 17 10
17 330 24 8
17 486 40 7
17 519 36 9
17 577 14 9
17 600 43 4
17 613 43 8
17 672 33 7
17 763 30 7
17 807 38 10
17 940 30 3
17 975 5 8
17 1015 27 2
17 1135 35 5
18 19 3 1
18 34 50 2
18 35 23 5
18 36 37 3
18 111 30 10
18 156 40 5
18 190 11 9
18 191 32 2
18 200 7 1
18 285 7 5
18 321 29 9
18 330 11 9
18 342 17 9
18 390 3 2
18 446 18 5
18 639 44 9
18 640 10 9
18 670 38 4
18 735 49 8
18 761 45 4
18 780 7 8
18 805 19 10
18 845 34 1
18 925 43 6
18 1021 11 8
18 1140 30 6
18 1147 50 1
19 37 42 10
19 38 16 5
19 39 15 8
19 233 18 7
19 321 6 2
19 398 28 7
19 416 4 6
19 519 19 2
19 822 45 9
19 823 42 7
19 840 10 9
19 906 4 10
19 926 27 3
19 992 16 4
19 994 11 8
19 1075 49 7
19 1108 8 8
19 1130 15 1
19 1140 44 3
19 1145 6 7
19 1166 36 2
19 1175 39 10
19 1177 36 6
20 164 42 10
20 505 10 1
20 573 31 3
20 1037 47 4
21 404 44 1
24 168 38 3
26 317 30 2
26 1104 22 5
28 322 48 9
29 507 22 4
29 935 32 3
29 1100 23 7
30 631 42 3
31 948 37 5
32 217 11 7
32 591 4 9
32 649 36 7
34 1032 19 5
37 698 33 2
37 792 15 9
37 873 37 2
37 921 46 4
38 172 7 3
38 633 19 2
39 590 7 3
40 41 25 3
40 42 18 9
40 43 45 8
40 56 7 1
40 65 46 1
40 79 36 1
40 138 31 2
40 191 47 7
40 200 31 5
40 232 34 7
40 250 16 9
40 276 24 7
40 321 35 5
40 331 2 1
40 357 44 3
40 390 40 3
40 442 34 6
40 481 4 5
40 483 5 3
40 551 10 9
40 570 41 3
40 576 17 7
40 600 49 6
40 611 42 8
40 706 13 8
40 708 5 1
40 730 27 4
40 731 45 10
40 783 17 10
40 806 21 8
40 823 30 8
40 840 38 3
40 890 38 9
40 941 1 8
40 975 34 10
40 980 30 2
40 1015 2 7
40 1105 13 1
40 1130 10 3
40 1135 13 1
40 1140 5 2
40 1146 27 9
40 1147 25 7
40 1177 3 1
41 42 2 5
41 44 46 5
41 45 14 7
41 46 11 4
41 47 17 2
41 48 47 6
41 55 9 5
41 76 19 2
41 113 35 7
41 138 25 4
41 231 10 2
41 253 5 6
41 290 8 6
41 321 25 4
41 390 31 4
41 395 34 3
41 415 15 2
41 447 23 9
41 516 11 4
41 550 47 4
41 570 17 9
41 601 44 6
41 611 7 7
41 671 37 8
41 781 31 5
41 877 6 9
41 905 16 6
41 926 22 3
41 944 49 10
41 975 27 2
41 985 2 10
41 992 38 8
41 1021 24 6
41 1108 18 7
41 1125 23 5
41 1140 14 7
41 1166 12 4
41 1179 46 3
42 49 38 3
42 50 38 1
42 51 28 1
42 52 50 5
42 53 23 8
42 54 23 8
42 66 6 1
42 158 15 10
42 205 31 8
42 275 38 1
42 286 6 6
42 330 48 3
42 341 43 10
42 342 42 1
42 359 37 4
42 397 9 7
42 416 28 1
42 515 8 6
42 575 25 1
42 636 37 5
42 670 42 3
42 762 6 4
42 763 50 9
42 840 48 7
42 848 42 9
42 849 22 4
42 875 9 8
42 890 42 2
42 906 22 2
42 926 46 5
42 980 29 10
42 985 36 3
42 993 20 2
42 1015 2 2
42 1024 16 9
42 1078 10 4
42 1079 7 1
42 1125 43 7
42 1130 40 6
43 1126 35 1
46 452 24 3
46 472 27 7
47 804 30 1
50 657 29 5
54 704 27 1
54 1100 45 7
55 56 15 10
55 57 34 3
55 58 26 8
55 59 42 3
55 60 22 10
55 65 8 3
55 77 27 5
55 160 20 7
55 190 42 5
55 230 43 6
55 233 16 9
55 275 42 6
55 276 32 6
55 291 3 5
55 321 44 2
55 331 25 7
55 340 18 10
55 342 9 10
55 359 33 6
55 390 3 8
55 397 47 9
55 398 24 1
55 417 33 10
55 440 21 6
55 446 48 3
55 482 32 1
55 515 49 4
55 521 40 6
55 550 36 2
55 551 12 4
55 570 25 8
55 601 21 7
55 637 37 10
55 638 7 7
55 666 34 8
55 708 15 8
55 735 23 10
55 760 15 4
55 782 26 10
55 807 23 10
55 840 42 1
55 846 10 4
55 850 49 4
55 877 42 8
55 975 41 4
55 980 31 9
55 985 22 8
55 1015 16 9
55 1024 30 4
55 1025 11 7
55 1075 20 10
55 1107 29 5
55 1125 50 1
55 1146 14 7
55 1165 21 5
55 1176 16 3
56 61 37 8
56 62 9 10
56 63 37 10
56 64 19 2
56 110 33 10
56 113 22 1
56 136 41 1
56 138 8 1
56 155 25 3
56 191 32 5
56 201 50 2
56 205 29 4
56 251 49 9
56 252 28 7
56 287 10 1
56 330 23 2
56 361 49 7
56 419 25 3
56 481 24 7
56 570 9 9
56 578 29 4
56 579 12 4
56 600 2 4
56 611 23 8
56 612 1 5
56 670 24 5
56 705 29 6
56 731 11 9
56 760 7 4
56 782 20 5
56 807 4 2
56 820 22 4
56 822 5 7
56 840 19 4
56 875 25 4
56 890 9 2
56 891 42 3
56 905 14 3
56 906 3 5
56 927 4 8
56 940 5 9
56 941 45 1
56 985 20 5
56 990 29 7
56 991 13 5
56 1015 27 9
56 1078 15 2
56 1108 20 10
56 1130 41 9
56 1135 6 1
56 1140 11 3
56 1165 49 2
56 1178 36 6
57 373 45 10
58 674 44 10
58 764 43 8
60 1159 22 9
61 526 27 10
61 832 7 2
62 382 25 3
63 369 21 9
64 170 48 8
65 66 28 1
65 67 43 3
65 68 6 7
65 69 29 4
65 70 8 2
65 71 3 5
65 72 21 1
65 73 44 1
65 160 28 8
65 191 38 1
65 231 11 5
65 233 12 7
65 250 46 8
65 275 25 3
65 289 32 7
65 320 34 8
65 330 49 7
65 342 14 3
65 355 21 4
65 390 20 8
65 398 35 8
65 443 7 7
65 482 40 8
65 484 37 7
65 516 26 5
65 552 19 9
65 570 45 1
65 575 40 9
65 601 45 8
65 610 38 7
65 671 30 2
65 709 45 10
65 732 6 2
65 780 26 1
65 784 34 5
65 820 15 5
65 822 38 10
65 840 44 6
65 846 9 7
65 847 21 6
65 891 22 4
65 926 18 6
65 927 46 2
65 944 40 7
65 975 42 3
65 985 15 1
65 992 22 3
65 1015 19 6
65 1028 30 3
65 1080 28 6
65 1108 35 4
65 1125 28 8
65 1130 29 8
65 1165 33 4
65 1177 5 5
65 1178 46 3
66 74 37 3
66 78 48 4
66 79 21 6
66 111 22 7
66 114 24 3
66 137 3 2
66 155 31 4
66 191 1 4
66 205 9 10
66 275 16 5
66 288 26 2
66 320 35 9
66 331 31 7
66 342 32 9
66 357 19 5
66 396 23 4
66 416 50 8
66 417 14 2
66 447 21 8
66 517 48 7
66 552 35 8
66 570 45 1
66 578 18 10
66 601 36 8
66 612 38 1
66 639 2 4
66 640 6 4
66 707 4 6
66 733 41 5
66 762 5 9
66 763 19 8
66 805 42 4
66 806 26 8
66 840 5 4
66 875 9 7
66 877 43 9
66 892 37 7
66 906 31 6
66 907 29 2
66 943 14 1
66 975 16 7
66 980 40 3
66 985 34 8
66 991 11 6
66 1023 26 4
66 1078 18 7
66 1106 8 8
66 1125 10 2
66 1135 13 9
66 1140 8 4
66 1146 2 3
66 1166 4 4
67 764 29 8
69 701 29 9
72 1157 25 10
73 220 43 3
73 966 43 10
75 76 3 5
75 77 19 7
75 78 20 1
75 79 46 4
75 80 30 2
75 81 29 3
75 82 15 5
75 83 18 7
75 84 39 4
75 137 48 3
75 191 35 8
75 204 12 2
75 251 11 2
75 331 27 4
75 390 27 7
75 397 5 10
75 481 44 6
75 518 42 5
75 822 25 8
75 840 5 3
75 892 1 10
75 905 3 3
75 985 44 1
75 1015 48 6
75 1021 2 4
75 1125 3 10
75 1135 34 8
75 1140 4 5
75 1176 9 5
75 1179 3 1
76 77 19 8
76 78 12 5
76 79 32 8
76 80 26 1
76 81 50 9
76 85 40 2
76 86 18 1
76 87 28 10
76 88 13 3
76 89 24 8
76 251 13 2
76 361 46 8
76 415 27 8
76 762 7 2
76 781 35 4
76 892 29 10
76 906 14 9
76 927 16 9
76 945 35 7
76 975 25 3
76 1029 46 6
76 1075 17 10
76 1130 13 6
76 1166 49 4
77 78 22 1
77 79 49 4
77 80 48 10
77 81 31 6
77 90 26 9
77 91 10 10
77 92 36 6
77 114 6 1
77 138 17 1
77 159 22 8
77 190 5 10
77 275 2 10
77 331 30 7
77 342 5 1
77 485 31 2
77 551 25 7
77 579 39 10
77 668 19 9
77 734 35 4
77 877 14 9
77 926 18 5
77 980 2 8
77 985 7 2
77 990 2 7
77 1165 25 6
78 79 28 1
78 80 13 4
78 81 12 10
78 93 38 4
78 94 27 1
78 95 1 2
78 96 47 3
78 97 38 10
78 157 7 3
78 390 11 4
78 417 3 8
78 610 24 6
78 640 38 4
78 708 50 7
78 731 10 7
78 807 2 10
78 823 35 3
78 1106 39 3
78 1135 15 1
79 80 41 7
79 81 11 5
79 98 24 9
79 99 9 8
79 100 24 10
79 101 31 9
79 102 30 4
79 103 21 3
79 104 23 4
79 231 30 7
79 320 15 8
79 396 27 4
79 570 20 4
79 577 47 2
79 601 9 4
79 708 31 1
79 781 21 6
79 992 27 1
79 1076 24 8
79 1140 29 7
80 81 27 6
80 105 11 2
80 106 5 2
80 107 37 4
80 108 11 6
80 111 25 7
80 232 43 7
80 286 21 3
80 340 37 6
80 444 34 1
80 518 20 3
80 550 26 1
80 570 22 7
80 612 44 6
80 762 38 8
80 840 37 2
80 846 33 3
80 877 29 6
80 980 35 10
80 1107 13 7
80 1146 18 4
81 109 32 6
81 200 42 1
81 275 30 10
81 286 46 9
81 321 33 5
81 357 37 2
81 445 21 1
81 601 40 7
81 638 22 9
81 667 32 6
81 805 45 6
81 850 12 10
81 942 27 2
81 1125 27 2
81 1130 40 6
81 1145 32 10
82 555 36 10
82 592 29 3
84 699 26 9
85 554 18 10
86 564 7 1
87 150 38 9
87 239 39 5
87 1074 8 3
88 163 37 3
89 1087 12 2
93 958 11 6
94 584 12 5
94 595 28 7
94 664 36 10
94 1033 45 9
95 426 11 4
96 631 44 7
97 379 46 6
98 305 6 3
99 785 27 9
100 1096 2 4
103 966 50 3
104 549 50 2
104 750 46 3
105 188 8 6
105 258 49 8
106 966 32 4
107 128 47 10
107 1002 16 4
110 111 40 2
110 112 16 6
110 113 1 2
110 114 40 6
110 115 48 9
110 116 49 3
110 117 34 10
110 118 23 6
110 138 50 3
110 288 39 7
110 331 33 3
110 447 1 1
110 517 28 2
110 519 5 3
110 553 28 7
110 575 7 5
110 840 19 6
110 927 6 7
110 980 24 9
110 985 14 8
110 992 11 5
110 1105 20 1
110 1125 21 2
110 1130 26 3
110 1135 6 3
110 1176 6 8
111 112 29 4
111 113 13 2
111 114 20 5
111 119 47 10
111 120 30 5
111 121 12 3
111 157 44 7
111 202 6 9
111 204 38 10
111 232 14 6
111 291 12 10
111 321 7 10
111 356 2 1
111 397 3 5
111 443 34 3
111 483 11 7
111 551 37 8
111 570 20 10
111 601 48 4
111 611 9 7
111 640 16 3
111 708 21 8
111 761 37 9
111 807 29 10
111 905 46 7
111 975 29 7
111 985 13 10
111 990 36 5
111 1125 30 7
111 1130 35 4
112 113 50 9
112 114 35 5
112 122 5 8
112 123 29 8
112 124 36 6
112 125 7 1
112 126 7 3
112 190 27 7
112 341 7 4
112 360 24 3
112 417 43 5
112 418 14 10
112 579 24 9
112 612 45 9
112 708 30 10
112 784 42 2
112 850 37 1
112 944 8 9
112 980 6 7
112 1030 44 3
112 1140 40 8
112 1147 49 8
112 1166 24 1
113 114 43 1
113 127 16 9
113 128 20 2
113 129 45 9
113 130 22 3
113 191 40 6
113 252 49 9
113 253 11 1
113 275 27 5
113 321 32 4
113 340 36 6
113 390 47 2
113 483 25 8
113 570 27 4
113 668 4 9
113 732 6 8
113 807 35 10
113 840 49 3
113 875 19 4
113 892 29 2
113 925 4 3
113 944 29 2
113 975 50 3
113 1015 25 10
113 1077 6 1
113 1108 16 10
113 1146 48 6
113 1165 27 6
114 131 23 10
114 132 39 4
114 133 45 2
114 134 17 2
114 136 20 7
114 156 43 7
114 232 32 1
114 276 29 7
114 390 13 5
114 600 10 8
114 635 12 4
114 666 20 4
114 761 8 6
114 783 12 1
114 822 22 8
114 847 28 3
114 877 12 6
114 890 43 8
114 906 30 9
114 1015 44 6
114 1027 33 9
114 1080 50 9
114 1135 35 8
114 1140 39 5
114 1179 46 4
116 860 21 9
118 824 38 7
119 362 29 7
121 507 22 4
121 801 3 5
123 168 24 7
126 887 45 3
129 654 10 2
130 501 38 7
131 804 23 5
131 1060 38 10
135 136 8 1
135 137 5 2
135 138 37 3
135 139 12 1
135 140 39 8
135 141 6 6
135 142 16 8
135 143 42 8
135 144 27 2
135 161 7 8
135 287 17 8
135 320 41 6
135 330 10 4
135 360 37 5
135 390 37 8
135 397 31 10
135 415 3 8
135 484 1 9
135 601 27 6
135 666 18 6
135 709 26 10
135 731 15 3
135 783 8 9
135 805 49 10
135 840 15 4
135 846 35 10
135 875 14 4
135 892 29 3
135 906 40 9
135 942 30 1
135 975 13 1
135 980 13 8
135 985 26 7
135 1125 7 3
135 1130 22 8
135 1135 22 5
135 1146 37 10
135 1166 12 7
136 137 32 10
136 138 3 8
136 145 10 6
136 146 40 6
136 147 37 6
136 148 46 5
136 160 19 8
136 202 31 3
136 233 31 5
136 355 37 6
136 390 4 10
136 446 39 6
136 570 47 2
136 611 9 6
136 760 13 5
136 782 10 4
136 821 41 8
136 822 23 1
136 892 35 5
136 926 9 9
136 946 34 1
136 990 46 9
136 991 44 3
136 1135 42 7
136 1140 22 3
137 138 48 3
137 149 26 2
137 150 7 8
137 151 38 7
137 152 35 9
137 191 40 3
137 201 10 5
137 251 37 2
137 275 32 5
137 276 16 3
137 398 6 6
137 440 42 7
137 483 19 8
137 550 15 2
137 552 21 3
137 570 15 1
137 577 48 7
137 614 12 5
137 639 12 4
137 667 37 8
137 733 45 4
137 807 29 9
137 875 37 9
137 927 33 5
137 980 42 8
137 1027 12 7
137 1079 4 7
137 1106 29 6
137 1107 28 9
137 1130 37 4
137 1140 33 2
137 1165 49 7
137 1176 11 7
138 153 38 8
138 154 11 7
138 190 11 9
138 230 7 9
138 254 39 10
138 289 32 4
138 320 1 5
138 331 9 4
138 341 18 3
138 419 37 1
138 517 15 9
138 518 41 5
138 577 36 1
138 601 40 4
138 635 47 1
138 707 35 3
138 762 20 1
138 848 26 10
138 907 20 3
138 975 19 5
138 1015 16 1
138 1030 7 3
138 1080 40 3
138 1125 34 2
138 1146 50 10
138 1179 9 4
139 754 48 2
140 804 45 8
141 211 29 1
141 557 3 7
144 504 40 10
144 836 22 5
144 1033 50 1
145 248 9 4
146 962 7 9
147 888 23 1
149 899 6 5
150 505 1 9
150 650 38 8
152 868 43 9
153 961 47 9
154 470 35 9
155 156 13 3
155 157 50 9
155 158 33 7
155 159 23 6
155 160 11 2
155 161 22 3
155 162 21 3
155 331 48 6
155 397 19 7
155 445 39 7
155 484 10 7
155 550 5 8
155 601 50 2
155 635 27 3
155 730 21 10
155 926 20 4
155 1015 31 4
155 1029 43 4
155 1075 40 9
155 1125 7 6
155 1130 7 4
155 1135 2 9
155 1147 48 2
156 157 44 7
156 158 7 2
156 159 23 9
156 160 18 4
156 161 25 5
156 163 13 10
156 164 21 4
156 165 19 10
156 166 5 10
156 191 1 8
156 230 36 5
156 276 23 1
156 355 25 8
156 390 7 9
156 416 49 1
156 516 28 6
156 570 40 1
156 614 17 2
156 781 10 1
156 807 16 9
156 849 2 4
156 907 47 8
156 985 42 7
156 1165 5 5
157 158 41 8
157 159 8 3
157 160 10 5
157 161 4 8
157 167 1 6
157 168 26 6
157 204 24 6
157 321 43 4
157 516 13 9
157 578 10 9
157 705 47 9
157 782 37 9
157 806 15 2
157 823 15 8
157 875 12 3
157 876 16 7
157 990 42 4
157 992 8 8
157 1015 36 3
157 1020 9 10
157 1140 35 6
157 1179 43 7
158 159 2 1
158 160 36 7
158 161 11 1
158 169 47 1
158 170 33 4
158 171 24 7
158 172 19 5
158 173 6 4
158 174 24 9
158 175 19 7
158 176 28 8
158 480 29 9
158 551 13 5
158 579 34 6
158 667 26 10
158 845 9 3
158 907 7 1
158 980 35 3
158 1140 6 5
159 160 30 7
159 161 45 7
159 177 13 7
159 178 21 10
159 179 10 10
159 180 39 1
159 181 10 2
159 290 29 3
159 291 12 4
159 321 39 2
159 341 34 2
159 390 23 7
159 415 2 10
159 447 28 1
159 570 16 7
159 763 5 8
159 840 18 10
159 892 26 3
159 943 11 8
159 975 22 10
159 985 10 10
159 1075 49 8
159 1165 3 9
160 161 5 8
160 182 39 1
160 205 8 1
160 231 23 7
160 275 38 7
160 330 24 6
160 342 10 4
160 397 10 9
160 733 39 7
160 821 33 5
160 840 47 7
160 925 41 7
160 1107 28 2
160 1130 19 1
160 1147 47 9
161 183 34 9
161 184 9 1
161 185 7 7
161 186 14 8
161 187 11 7
161 188 36 3
161 189 4 3
161 190 11 4
161 253 13 8
161 254 36 10
161 357 39 6
161 601 39 9
161 614 5 4
161 635 19 7
161 667 28 1
161 707 47 2
161 890 20 2
161 946 37 2
161 980 17 7
161 1105 26 2
161 1135 24 3
161 1175 30 6
163 632 15 8
163 960 20 6
164 599 39 3
165 797 23 5
166 903 21 3
168 174 31 7
168 434 48 1
169 491 43 10
169 936 42 1
170 797 26 2
175 534 6 4
175 961 2 7
176 258 42 4
177 629 28 9
179 960 12 4
186 377 14 6
186 718 11 5
186 738 38 8
187 841 2 7
187 915 44 9
188 694 37 9
189 323 9 8
190 191 40 8
190 192 24 1
190 193 26 6
190 200 9 2
190 205 10 8
190 231 38 9
190 276 43 10
190 321 31 3
190 341 44 5
190 395 5 4
190 416 29 10
190 446 49 9
190 576 39 7
190 601 13 7
190 611 44 5
190 636 15 6
190 667 20 5
190 732 29 7
190 762 41 7
190 763 12 10
190 782 23 2
190 805 31 9
190 821 36 8
190 840 22 1
190 846 2 2
190 848 7 3
190 875 31 4
190 876 22 2
190 890 29 6
190 926 20 10
190 927 28 9
190 975 10 10
190 980 36 10
190 985 43 7
190 994 38 9
190 1024 7 2
190 1075 3 8
190 1079 29 6
190 1105 29 3
190 1130 37 5
190 1135 42 1
190 1140 48 7
191 194 28 9
191 195 1 4
191 196 40 4
191 197 5 3
191 198 46 5
191 199 2 9
191 231 13 2
191 250 25 7
191 253 19 9
191 276 44 8
191 287 32 6
191 291 29 2
191 330 5 2
191 342 42 3
191 360 8 10
191 361 6 9
191 390 2 4
191 397 23 3
191 418 16 8
191 480 26 2
191 486 34 9
191 517 39 3
191 520 4 3
191 550 42 1
191 552 11 6
191 570 41 10
191 578 10 4
191 600 31 10
191 610 20 7
191 636 3 4
191 667 40 1
191 705 34 1
191 783 24 4
191 806 34 5
191 823 10 2
191 840 8 2
191 892 14 5
191 905 26 4
191 906 13 9
191 940 15 8
191 945 14 8
191 975 39 7
191 980 26 2
191 991 8 10
191 1015 50 2
191 1020 25 3
191 1105 50 6
191 1125 1 4
191 1135 36 10
191 1140 42 7
191 1145 41 9
191 1148 14 1
191 1165 12 1
191 1166 50 4
191 1175 43 2
191 1178 39 9
192 620 2 8
192 1036 35 8
195 369 42 6
196 244 47 1
196 393 14 10
197 623 20 2
198 513 34 4
198 542 37 1
199 302 21 9
199 1049 10 4
200 201 8 6
200 202 10 4
200 203 35 8
200 204 39 8
200 205 42 9
200 206 24 3
200 207 13 1
200 208 50 9
200 209 45 7
200 210 4 6
200 211 36 1
200 252 7 10
200 415 31 1
200 481 20 5
200 519 3 8
200 550 7 1
200 613 25 1
200 637 7 1
200 638 41 2
200 708 24 9
200 805 26 6
200 823 45 2
200 875 29 2
200 892 35 9
200 907 28 4
200 980 41 6
200 1130 12 9
200 1135 13 3
200 1165 17 5
201 202 42 5
201 203 6 9
201 204 7 6
201 205 41 1
201 212 15 4
201 213 49 6
201 214 24 3
201 215 16 7
201 216 15 7
201 217 3 4
201 218 36 3
201 276 10 9
201 291 20 3
201 331 39 1
201 341 38 7
201 358 11 8
201 390 25 5
201 483 24 8
201 578 26 8
201 610 14 3
201 733 47 6
201 760 39 2
201 784 18 10
201 846 1 10
201 946 27 7
201 980 36 6
201 993 27 10
201 1076 17 10
201 1106 47 1
201 1140 33 6
201 1148 7 10
201 1166 20 8
201 1175 28 1
202 203 47 4
202 204 38 7
202 205 5 1
202 219 17 9
202 220 31 3
202 231 18 1
202 233 17 8
202 330 42 4
202 390 40 8
202 415 10 9
202 667 16 3
202 840 34 3
202 925 32 1
202 994 9 7
202 1015 38 8
202 1029 39 2
202 1125 12 1
202 1148 9 8
202 1179 1 6
203 204 35 7
203 205 31 4
203 221 40 9
203 222 13 6
203 443 49 8
203 552 13 8
203 600 39 2
203 708 8 8
203 781 32 9
203 823 16 7
203 845 5 10
203 925 4 3
203 975 38 10
203 985 40 2
203 1015 48 8
203 1130 8 5
203 1140 27 6
204 205 18 6
204 223 42 7
204 224 13 5
204 225 3 6
204 226 4 3
204 227 27 7
204 228 6 9
204 356 4 1
204 396 11 9
204 398 18 5
204 515 1 4
204 570 48 7
204 578 16 4
204 600 12 3
204 730 4 3
204 807 13 6
204 891 32 3
204 906 26 6
204 985 38 10
204 1135 33 9
205 229 2 1
205 251 23 7
205 275 42 4
205 320 3 4
205 321 28 10
205 342 35 6
205 442 40 4
205 670 15 3
205 760 35 3
205 875 7 10
205 943 9 7
205 975 19 10
205 1029 27 8
205 1078 38 9
205 1107 28 9
205 1125 28 7
206 1056 6 1
208 957 30 4
210 628 47 6
210 929 43 2
210 1116 8 10
211 589 30 1
213 701 11 1
213 743 45 6
213 874 6 2
214 497 44 1
216 893 10 4
217 602 32 3
217 681 30 7
217 915 1 7
218 370 16 9
218 544 16 3
221 797 23 3
221 802 42 9
223 511 36 3
224 583 47 4
229 947 40 1
230 231 46 3
230 232 24 10
230 233 46 1
230 234 21 7
230 235 25 7
230 236 18 9
230 237 39 8
230 238 47 1
230 239 34 8
230 240 46 1
230 241 37 6
230 276 25 7
230 290 23 8
230 330 39 3
230 342 50 1
230 390 30 1
230 417 12 1
230 482 33 2
230 484 2 6
230 552 24 8
230 610 5 4
230 637 46 3
230 667 27 9
230 760 8 8
230 762 10 7
230 822 21 7
230 840 29 3
230 875 47 1
230 876 18 8
230 907 14 4
230 926 20 5
230 940 20 9
230 980 19 2
230 985 2 5
230 1015 49 6
230 1029 16 7
230 1078 2 10
230 1135 39 5
230 1140 35 3
230 1176 49 6
231 232 25 5
231 233 15 3
231 242 30 9
231 243 42 4
231 244 6 9
231 275 31 7
231 444 5 3
231 521 22 9
231 601 15 10
231 665 27 6
231 709 31 3
231 782 3 7
231 823 2 2
231 845 15 7
231 892 5 5
231 926 9 10
231 943 12 6
231 975 17 10
231 980 32 7
231 992 9 7
231 1015 28 10
231 1026 11 9
231 1108 45 10
231 1135 34 5
231 1176 7 2
232 233 48 1
232 245 48 8
232 246 14 2
232 247 2 6
232 248 2 8
232 252 34 6
232 254 7 6
232 340 50 1
232 355 7 8
232 357 48 8
232 390 41 1
232 395 33 2
232 445 5 4
232 570 3 6
232 577 12 2
232 638 8 9
232 705 42 6
232 734 40 2
232 805 36 6
232 807 10 1
232 840 29 2
232 849 43 2
232 990 40 7
232 1075 21 1
232 1125 48 8
232 1147 27 3
232 1148 46 6
232 1165 30 2
233 249 2 5
233 288 38 10
233 320 15 1
233 321 31 2
233 331 33 2
233 398 13 7
233 550 22 2
233 570 28 8
233 577 45 1
233 601 24 8
233 610 44 5
233 735 6 6
233 783 15 6
233 892 31 10
233 906 41 8
233 975 34 4
233 985 2 4
233 1108 37 1
233 1130 41 8
233 1166 22 2
235 268 28 6
236 624 23 9
236 1052 49 4
237 1095 38 1
242 1196 7 7
243 1157 30 7
244 966 31 8
245 1149 8 9
247 319 7 8
248 693 16 3
249 267 39 5
250 251 15 10
250 252 1 6
250 253 30 10
250 254 49 6
250 255 20 7
250 276 4 2
250 342 10 8
250 447 49 4
250 709 41 7
250 762 3 2
250 763 35 2
250 875 13 4
250 891 12 1
250 927 26 6
250 980 1 1
250 1105 8 9
250 1130 14 3
250 1140 1 3
250 1146 24 3
250 1165 38 5
251 252 25 1
251 253 6 5
251 254 18 5
251 256 35 2
251 257 19 10
251 258 34 7
251 330 8 10
251 390 23 7
251 415 22 6
251 419 4 9
251 483 6 8
251 521 11 7
251 550 14 7
251 570 4 6
251 577 10 4
251 610 24 5
251 639 35 1
251 672 27 7
251 806 43 2
251 807 4 2
251 821 25 1
251 847 28 4
251 905 40 2
251 985 22 8
251 1076 9 9
251 1077 26 8
251 1125 33 3
251 1135 23 8
251 1140 17 5
252 253 27 1
252 254 14 9
252 259 43 7
252 260 11 8
252 261 22 3
252 262 13 10
252 263 12 6
252 291 21 9
252 321 7 10
252 331 12 5
252 360 21 9
252 395 1 9
252 579 4 3
252 600 38 7
252 601 22 1
252 610 24 2
252 667 32 5
252 707 43 7
252 782 45 2
252 975 48 5
252 1105 1 8
252 1130 3 1
253 254 26 8
253 264 27 6
253 265 46 1
253 266 15 9
253 267 44 7
253 268 45 9
253 269 49 10
253 289 28 8
253 320 24 3
253 395 32 2
253 517 29 4
253 550 24 2
253 732 36 10
253 840 10 6
253 850 5 8
253 875 3 7
253 892 50 5
253 906 40 10
253 926 9 2
253 942 44 4
253 1015 41 1
253 1022 42 2
253 1176 25 6
254 270 45 6
254 271 11 4
254 272 46 2
254 273 19 8
254 274 3 3
254 340 1 9
254 361 49 10
254 444 15 10
254 486 33 5
254 570 10 9
254 637 10 1
254 732 31 10
254 782 21 1
254 823 15 5
254 975 45 4
254 980 3 5
254 992 44 5
254 993 42 4
254 1015 18 7
254 1024 41 3
254 1145 26 8
254 1165 49 9
254 1175 46 8
256 333 40 1
258 533 24 8
259 1128 29 5
261 429 42 7
261 465 13 4
261 1193 14 10
263 909 14 4
266 1003 38 7
266 1190 12 4
267 811 23 7
268 477 36 7
268 597 28 6
270 988 2 5
271 508 21 4
271 900 12 10
272 884 18 9
273 684 23 9
273 910 15 5
273 1195 23 5
274 1157 16 6
275 276 23 6
275 277 34 2
275 278 43 2
275 279 22 4
275 280 28 1
275 281 41 7
275 331 13 2
275 342 11 2
275 390 26 10
275 397 45 8
275 416 37 3
275 517 36 10
275 553 3 7
275 570 11 1
275 578 41 10
275 579 15 4
275 635 47 3
275 667 15 7
275 763 22 2
275 782 41 1
275 823 13 9
275 840 27 9
275 850 20 10
275 891 26 6
275 926 22 8
275 944 24 7
275 975 12 4
275 980 27 4
275 985 4 9
275 993 43 1
275 994 37 3
275 1029 28 9
275 1077 43 1
275 1105 43 4
275 1125 25 10
275 1130 43 2
275 1135 24 7
275 1140 12 4
275 1166 39 4
275 1175 39 2
275 1177 49 2
276 282 42 8
276 283 50 9
276 284 13 8
276 288 43 10
276 289 17 8
276 321 6 9
276 342 30 9
276 360 46 9
276 361 16 2
276 390 13 3
276 397 25 5
276 446 47 5
276 447 46 2
276 484 34 3
276 485 28 10
276 519 9 8
276 550 32 7
276 600 37 5
276 611 49 8
276 612 46 2
276 635 27 8
276 671 29 1
276 707 33 8
276 708 25 4
276 734 27 6
276 763 26 9
276 781 40 9
276 805 42 3
276 807 36 5
276 820 12 1
276 840 7 10
276 849 4 8
276 876 22 6
276 877 25 8
276 892 4 5
276 905 1 2
276 908 35 3
276 926 38 5
276 945 34 4
276 975 9 9
276 980 10 8
276 1015 36 7
276 1020 49 3
276 1078 31 10
276 1108 29 9
276 1125 32 1
276 1135 24 1
276 1146 47 8
276 1148 33 2
276 1165 16 1
278 859 1 7
279 379 28 5
280 582 26 6
282 873 27 6
282 887 5 4
282 1137 9 8
283 887 50 5
284 901 50 5
285 286 50 4
285 287 2 5
285 288 38 10
285 289 10 6
285 290 6 4
285 291 46 1
285 292 21 8
285 293 10 9
285 341 27 4
285 359 46 10
285 570 27 8
285 665 31 4
285 781 17 6
285 822 24 5
285 840 44 2
285 890 31 5
285 943 16 6
285 985 22 5
285 994 42 10
285 1015 45 8
285 1029 7 2
285 1107 23 3
285 1135 24 3
286 287 17 8
286 288 45 4
286 289 8 8
286 290 36 1
286 291 25 10
286 294 33 1
286 295 12 5
286 296 13 10
286 297 27 6
286 417 23 3
286 709 50 4
286 820 26 6
286 840 23 7
286 940 32 9
286 975 24 5
286 980 9 1
287 288 27 7
287 289 43 4
287 290 21 7
287 291 31 10
287 298 2 3
287 299 7 7
287 300 7 6
287 301 18 5
287 302 41 6
287 303 3 9
287 304 6 4
287 305 1 6
287 321 8 2
287 342 37 7
287 517 1 4
287 552 39 7
287 579 49 1
287 665 15 6
287 731 26 2
287 806 35 1
287 875 4 3
287 908 2 4
287 926 36 6
287 975 35 2
287 980 44 9
287 1079 11 8
287 1145 30 9
287 1166 18 10
288 289 6 2
288 290 3 10
288 291 17 5
288 306 30 5
288 307 1 3
288 308 34 9
288 309 36 6
288 330 10 4
288 445 44 10
288 484 19 8
288 709 34 2
288 846 17 10
288 892 40 9
288 907 16 2
288 1030 1 4
288 1077 44 10
288 1130 38 3
288 1135 14 10
289 290 7 2
289 291 16 5
289 310 17 4
289 311 10 7
289 321 18 9
289 397 42 7
289 570 41 1
289 578 42 2
289 614 44 2
289 640 27 1
289 994 19 6
289 1125 5 8
289 1140 45 10
289 1176 15 2
289 1178 14 1
290 291 30 8
290 312 2 4
290 313 32 2
290 314 37 9
290 357 34 6
290 390 11 6
290 396 29 6
290 419 20 1
290 445 29 3
290 486 14 8
290 517 38 4
290 600 26 2
290 612 13 8
290 638 32 9
290 807 5 7
290 845 23 2
290 877 20 1
290 1130 6 4
290 1140 32 1
290 1147 27 1
290 1166 2 1
291 315 32 1
291 316 36 4
291 317 29 2
291 318 20 3
291 319 38 8
291 390 17 7
291 553 14 7
291 601 31 5
291 734 12 2
291 761 28 4
291 780 48 6
291 927 21 5
291 1015 48 7
291 1108 13 3
291 1125 36 8
292 1117 39 9
293 621 34 9
294 509 25 8
294 585 37 6
294 744 38 4
301 323 47 5
302 828 27 3
304 510 43 9
304 688 45 8
307 1167 21 1
308 465 46 7
310 1001 22 4
313 605 3 6
314 632 24 3
317 694 42 4
317 726 18 5
318 496 27 10
318 1087 23 2
319 682 43 6
320 321 33 9
320 322 17 7
320 330 17 4
320 340 18 3
320 342 3 6
320 361 16 7
320 390 33 2
320 396 41 8
320 416 22 1
320 417 13 7
320 444 47 6
320 486 46 6
320 516 21 9
320 519 18 7
320 553 20 7
320 577 11 3
320 600 33 6
320 601 31 9
320 635 44 8
320 668 26 4
320 709 39 9
320 730 49 5
320 733 3 3
320 763 44 9
320 783 31 2
320 806 44 2
320 849 38 3
320 876 30 4
320 891 40 3
320 907 7 2
320 925 16 2
320 943 48 5
320 975 42 6
320 980 32 9
320 985 31 6
320 991 44 3
320 1015 21 5
320 1020 19 7
320 1107 48 5
320 1125 5 7
320 1130 50 1
320 1135 43 1
320 1140 3 10
320 1148 8 9
320 1166 45 10
321 323 13 10
321 324 31 7
321 325 31 3
321 326 37 5
321 327 35 10
321 328 5 8
321 329 21 8
321 331 31 4
321 357 46 7
321 390 1 9
321 481 27 3
321 552 49 5
321 570 41 7
321 576 29 2
321 612 41 10
321 614 46 4
321 705 15 9
321 762 31 9
321 807 29 8
321 822 7 9
321 840 19 1
321 849 31 9
321 875 14 3
321 890 11 3
321 906 35 7
321 925 25 2
321 944 4 8
321 975 35 5
321 980 38 10
321 985 25 4
321 991 29 2
321 1015 39 2
321 1028 6 8
321 1075 24 6
321 1078 8 2
321 1107 26 7
321 1125 39 3
321 1140 42 7
321 1146 41 9
321 1166 30 10
321 1175 12 10
321 1176 41 8
322 1180 29 1
323 621 5 5
324 598 6 3
326 1061 26 1
330 331 1 2
330 332 34 10
330 333 37 5
330 334 41 3
330 335 31 10
330 342 28 10
330 356 33 9
330 358 21 4
330 390 32 2
330 396 45 3
330 415 50 6
330 482 25 7
330 518 7 5
330 570 32 4
330 613 46 6
330 636 10 9
330 638 11 5
330 667 7 3
330 706 7 8
330 735 44 3
330 761 21 1
330 781 16 3
330 806 45 8
330 822 42 3
330 840 12 1
330 846 25 4
330 849 13 2
330 875 28 2
330 890 3 10
330 891 2 3
330 907 8 2
330 908 37 6
330 927 47 2
330 942 4 5
330 975 38 10
330 980 44 5
330 991 11 6
330 1028 19 6
330 1080 28 8
330 1106 9 3
330 1125 41 10
330 1130 49 4
330 1135 16 2
330 1140 3 5
330 1145 37 6
330 1165 24 7
330 1175 42 4
331 336 21 3
331 337 12 2
331 338 23 3
331 339 11 1
331 340 17 4
331 390 13 2
331 397 40 5
331 419 41 10
331 440 11 5
331 444 34 5
331 482 44 8
331 518 40 2
331 550 34 4
331 551 50 9
331 570 37 2
331 577 41 1
331 578 10 2
331 600 7 4
331 601 22 1
331 614 1 10
331 670 3 10
331 707 16 3
331 732 3 1
331 763 37 1
331 783 15 4
331 805 47 10
331 822 44 9
331 840 15 3
331 876 31 7
331 926 48 1
331 940 5 7
331 975 22 4
331 985 4 6
331 993 7 1
331 1015 2 1
331 1030 30 8
331 1079 39 4
331 1107 6 9
331 1125 24 6
331 1135 18 5
331 1140 2 5
331 1146 44 8
331 1177 14 3
334 1097 1 4
336 1052 9 2
337 676 35 3
338 433 16 7
340 341 13 3
340 342 26 8
340 343 26 10
340 344 37 9
340 345 34 7
340 396 32 9
340 418 18 6
340 442 5 9
340 521 50 3
340 550 36 2
340 553 37 8
340 578 5 1
340 600 8 6
340 636 23 9
340 784 11 4
340 807 7 1
340 940 42 8
340 945 24 10
340 985 50 4
340 1015 14 8
340 1079 38 8
340 1105 47 4
340 1125 49 9
340 1130 35 9
340 1135 38 3
340 1140 10 9
340 1146 10 9
340 1166 34 10
340 1176 1 7
341 342 17 2
341 346 45 7
341 347 17 9
341 348 44 2
341 349 25 2
341 350 32 7
341 358 41 4
341 390 10 1
341 447 15 7
341 480 32 5
341 519 44 4
341 570 33 6
341 601 29 4
341 614 1 10
341 640 8 7
341 672 47 7
341 706 34 3
341 709 1 3
341 732 31 5
341 760 9 6
341 761 25 4
341 806 46 8
341 875 4 8
341 892 31 1
341 906 26 8
341 925 49 6
341 927 21 1
341 980 2 1
341 1015 32 6
341 1027 11 1
341 1030 10 5
341 1105 37 6
341 1148 14 7
341 1165 50 8
342 351 8 9
342 352 32 1
342 353 6 9
342 354 6 10
342 358 6 10
342 390 23 7
342 397 37 9
342 415 27 6
342 575 31 4
342 613 1 10
342 672 4 3
342 733 13 4
342 780 43 3
342 820 45 4
342 822 15 4
342 840 49 4
342 847 13 1
342 875 47 1
342 905 16 9
342 975 26 3
342 980 44 6
342 990 35 5
342 991 26 3
342 1080 33 3
342 1125 23 5
342 1135 1 6
342 1140 38 6
342 1179 23 5
344 749 6 5
345 584 15 7
345 661 31 8
346 1191 15 6
347 539 19 2
349 555 25 7
354 1133 4 4
355 356 16 7
355 357 37 10
355 358 40 10
355 359 44 3
355 360 32 9
355 361 50 5
355 362 32 4
355 363 15 7
355 364 27 6
355 365 8 7
355 366 26 7
355 415 49 7
355 570 27 2
355 579 31 1
355 707 27 3
355 807 29 6
355 876 44 1
355 906 38 7
355 992 36 4
355 1024 25 1
355 1125 16 5
355 1130 18 2
356 357 12 10
356 358 9 1
356 359 17 8
356 360 38 8
356 361 39 7
356 367 26 3
356 368 36 5
356 369 36 8
356 370 35 4
356 371 47 5
356 398 23 3
356 486 40 9
356 515 4 6
356 553 34 4
356 611 23 7
356 612 27 2
356 639 33 4
356 708 18 1
356 735 36 7
356 761 17 7
356 820 37 8
356 823 47 4
356 926 41 6
356 985 34 8
356 1020 43 6
356 1105 44 5
356 1135 7 2
356 1176 4 1
357 358 5 10
357 359 46 9
357 360 45 5
357 361 30 8
357 372 14 9
357 373 40 9
357 374 50 10
357 375 22 2
357 395 16 9
357 638 27 1
357 840 34 3
357 876 44 8
357 940 10 4
357 992 47 8
357 1015 5 1
357 1080 10 2
357 1135 36 8
358 359 23 8
358 360 14 5
358 361 15 9
358 376 37 10
358 390 33 8
358 417 44 6
358 443 30 9
358 601 19 8
358 665 2 9
358 780 41 3
358 845 7 10
358 849 13 10
358 890 11 9
358 946 30 5
358 980 40 3
358 1125 45 1
358 1130 4 2
358 1165 33 2
359 360 19 7
359 361 25 7
359 377 49 2
359 378 7 8
359 379 15 7
359 380 25 4
359 390 28 6
359 447 16 7
359 480 8 6
359 550 26 3
359 666 5 1
359 782 4 5
359 805 8 4
359 926 6 6
359 975 33 5
359 1080 19 10
359 1165 5 6
360 361 48 2
360 381 3 5
360 382 1 6
360 383 10 3
360 384 2 1
360 385 36 3
360 386 3 9
360 576 29 2
360 601 46 8
360 840 32 6
360 975 20 8
360 1108 17 6
360 1140 18 7
360 1147 4 1
360 1178 12 6
361 387 39 2
361 388 21 2
361 389 9 9
361 520 3 1
361 570 3 8
361 735 27 10
361 762 31 7
361 891 49 6
361 907 25 9
361 980 14 7
361 985 13 4
361 1015 36 6
361 1140 19 4
361 1148 36 1
363 768 46 7
367 1056 40 8
375 1131 49 2
376 634 12 1
377 704 40 3
380 526 44 5
381 1160 19 5
382 939 16 2
383 947 43 5
385 533 36 7
389 1092 1 2
389 1181 23 6
390 391 30 8
390 392 36 3
390 393 38 9
390 394 48 3
390 396 38 7
390 397 37 3
390 415 46 5
390 416 45 10
390 447 14 7
390 483 13 1
390 485 34 1
390 518 20 3
390 519 32 1
390 550 23 7
390 570 15 2
390 578 26 8
390 600 31 5
390 601 26 10
390 610 10 9
390 611 3 8
390 635 22 9
390 665 26 1
390 706 9 10
390 709 32 1
390 730 15 8
390 732 43 10
390 762 5 8
390 763 48 3
390 780 23 4
390 781 50 2
390 805 32 2
390 807 10 6
390 822 20 4
390 823 37 7
390 840 50 2
390 845 28 1
390 848 45 5
390 875 33 4
390 877 30 1
390 890 14 9
390 892 35 4
390 907 1 3
390 908 48 7
390 926 14 5
390 927 13 1
390 940 8 9
390 942 12 2
390 975 32 10
390 980 27 9
390 985 31 9
390 991 37 6
390 994 44 9
390 1015 26 9
390 1022 16 8
390 1023 37 4
390 1078 47 10
390 1080 43 1
390 1106 46 1
390 1108 40 10
390 1125 10 9
390 1130 18 9
390 1135 35 4
390 1140 20 6
390 1147 37 10
390 1148 39 6
390 1165 16 9
390 1166 22 1
390 1177 6 1
390 1179 45 9
391 844 36 10
392 595 41 6
392 657 34 8
395 396 21 4
395 397 27 10
395 398 32 5
395 399 48 7
395 400 32 7
395 419 20 7
395 440 6 9
395 480 1 2
395 570 5 6
395 613 17 4
395 667 11 2
395 730 6 1
395 781 26 2
395 846 37 9
395 926 43 10
395 946 29 8
395 975 3 5
395 985 40 8
395 990 33 10
395 1080 5 5
395 1105 23 1
395 1125 43 3
395 1130 48 3
395 1135 40 3
395 1140 19 8
396 397 9 1
396 398 46 9
396 401 50 9
396 402 6 3
396 403 44 1
396 404 23 5
396 405 36 4
396 406 28 8
396 416 10 8
396 600 19 6
396 707 25 5
396 784 14 7
396 892 21 9
396 908 41 6
396 925 43 7
396 980 2 7
396 1015 33 3
396 1026 26 2
396 1030 29 4
396 1105 37 3
396 1135 16 1
396 1147 3 6
397 398 34 4
397 407 41 4
397 408 28 9
397 409 32 4
397 486 40 10
397 520 15 3
397 551 30 10
397 578 45 6
397 579 14 6
397 601 49 1
397 638 8 9
397 734 36 10
397 762 47 7
397 875 33 5
397 876 10 2
397 980 29 6
397 985 44 5
397 1077 27 9
397 1166 2 10
397 1179 41 9
398 410 25 7
398 411 1 1
398 412 43 2
398 413 2 5
398 414 34 3
398 444 14 9
398 518 44 3
398 550 48 6
398 570 29 3
398 611 32 9
398 640 36 3
398 666 17 6
398 705 38 1
398 805 4 4
398 806 19 5
398 820 47 10
398 840 7 1
398 849 40 2
398 891 11 9
398 907 2 5
398 943 14 8
398 992 50 10
398 1015 42 3
398 1125 25 1
398 1130 2 6
398 1147 31 1
398 1165 13 6
398 1177 24 2
399 765 29 7
400 1055 3 8
406 715 25 10
410 853 21 4
413 469 29 3
414 894 4 10
415 416 7 9
415 417 35 8
415 418 32 1
415 419 48 10
415 420 40 9
415 421 14 2
415 422 30 4
415 576 16 1
415 601 18 7
415 613 19 7
415 614 15 8
415 638 23 7
415 670 26 6
415 731 12 4
415 735 24 1
415 783 48 7
415 840 22 3
415 980 45 1
415 1107 6 9
416 417 3 5
416 418 27 10
416 419 9 2
416 423 38 4
416 424 39 8
416 425 8 8
416 426 45 2
416 481 32 7
416 520 27 10
416 570 32 3
416 601 32 6
416 668 45 7
416 705 42 5
416 805 10 3
416 820 16 3
416 849 2 4
416 876 22 4
416 891 24 2
416 906 17 4
416 980 42 6
416 985 49 3
416 1015 39 7
416 1025 34 10
416 1026 13 7
416 1079 20 9
416 1108 30 9
416 1125 42 6
416 1130 30 1
416 1140 45 7
416 1147 22 7
416 1165 12 2
416 1175 6 9
417 418 24 1
417 419 38 1
417 427 39 1
417 428 4 7
417 429 46 1
417 430 36 6
417 431 18 1
417 550 26 7
417 553 46 7
417 822 27 2
417 840 41 3
417 975 39 2
417 985 15 7
417 1125 48 9
417 1130 28 8
417 1135 31 8
417 1140 23 6
417 1147 31 2
417 1166 42 2
417 1176 21 7
418 419 46 5
418 432 15 4
418 433 6 5
418 434 50 6
418 435 24 8
418 443 2 3
418 485 42 6
418 579 26 6
418 760 35 1
418 762 37 1
418 784 50 8
418 850 44 4
418 906 39 1
418 926 43 7
418 945 28 1
418 992 31 4
418 1015 20 7
418 1135 45 5
419 436 3 4
419 437 39 4
419 438 25 6
419 439 30 5
419 445 38 1
419 519 43 2
419 570 50 7
419 639 25 6
419 709 25 3
419 805 43 9
419 877 35 5
419 892 31 3
419 927 37 3
419 943 25 10
419 990 47 8
419 1078 35 10
424 1038 48 4
425 1082 14 4
426 770 21 9
426 830 28 10
426 880 1 9
429 646 22 9
429 998 36 9
430 632 19 8
431 616 48 9
432 1053 7 4
433 725 29 8
434 580 17 5
434 703 28 6
435 606 36 3
435 757 23 3
436 628 27 8
436 864 40 4
436 998 27 9
437 603 42 5
437 1013 12 9
438 773 50 6
438 919 3 10
439 1116 50 9
439 1150 6 9
440 441 28 8
440 442 39 2
440 443 13 9
440 444 5 5
440 445 43 7
440 446 9 5
440 447 24 4
440 448 17 5
440 449 33 7
440 450 8 3
440 451 25 6
440 452 46 2
440 453 11 4
440 484 41 1
440 551 28 2
440 575 48 9
440 636 22 2
440 707 16 8
440 763 6 2
440 783 10 8
440 821 32 1
440 840 21 4
440 906 50 4
440 940 13 3
440 975 3 4
440 991 24 3
440 1026 4 4
440 1125 35 3
440 1130 23 3
441 442 27 9
441 443 27 4
441 444 45 8
441 445 1 8
441 446 35 4
441 447 11 1
441 454 4 10
441 455 24 8
441 456 26 5
441 521 44 3
441 578 40 4
441 668 27 5
441 781 1 1
441 806 24 3
441 876 40 2
441 941 34 7
441 985 30 2
442 443 49 9
442 444 1 2
442 445 5 8
442 446 9 4
442 447 46 2
442 457 4 1
442 458 24 9
442 459 16 6
442 517 12 6
442 611 44 3
442 669 48 8
442 732 26 7
442 926 19 5
442 927 2 5
442 980 18 4
442 985 10 7
442 1015 2 5
442 1079 6 4
442 1107 19 8
442 1135 42 6
442 1140 35 5
442 1177 17 9
442 1178 37 8
443 444 32 2
443 445 34 7
443 446 29 9
443 447 1 6
443 460 43 2
443 461 17 9
443 462 6 3
443 463 32 4
443 480 31 6
443 610 6 8
443 708 47 2
443 848 37 9
443 891 22 4
443 991 36 2
443 1108 11 6
444 445 15 9
444 446 3 2
444 447 15 10
444 464 10 7
444 465 39 2
444 466 38 8
444 467 41 2
444 468 19 7
444 469 28 2
444 570 10 8
444 600 28 1
444 980 44 2
445 446 29 2
445 447 50 6
445 470 46 8
445 471 49 9
445 472 2 2
445 734 35 10
445 807 47 1
445 975 42 4
445 1029 43 1
445 1135 39 1
445 1140 44 7
445 1148 15 5
446 447 38 5
446 473 6 5
446 552 2 5
446 570 36 3
446 601 45 5
446 762 32 4
446 821 27 7
446 845 28 7
446 875 48 3
446 907 6 5
446 1075 39 1
446 1147 12 1
446 1165 36 5
446 1166 36 1
447 474 42 5
447 475 47 5
447 476 13 9
447 477 38 1
447 478 38 8
447 479 45 9
447 640 28 5
447 840 12 7
447 1130 49 6
448 1121 13 2
452 853 3 1
453 816 35 5
453 841 8 5
454 1036 7 5
454 1088 30 6
458 864 11 2
458 889 14 4
460 641 35 6
461 1173 21 6
462 630 35 7
463 779 47 9
465 606 35 7
465 1017 6 8
466 588 16 7
467 812 42 8
470 536 41 10
472 1143 50 5
475 1000 35 7
477 912 9 8
480 481 46 1
480 482 39 10
480 483 8 3
480 484 31 2
480 485 4 4
480 486 43 7
480 487 42 6
480 488 14 5
480 489 37 5
480 490 36 5
480 491 44 10
480 600 31 10
480 730 9 9
480 733 9 6
480 840 32 1
480 985 18 2
480 1135 35 7
481 482 19 3
481 483 13 5
481 484 39 8
481 485 20 4
481 486 7 2
481 492 30 5
481 493 26 4
481 494 30 2
481 495 3 6
481 570 12 7
481 579 19 9
481 805 24 10
481 876 3 7
481 890 5 8
481 1028 1 7
482 483 4 2
482 484 7 9
482 485 32 10
482 486 40 2
482 496 29 2
482 497 47 8
482 498 26 10
482 637 17 1
482 639 49 9
482 780 30 3
482 823 40 4
482 847 24 9
482 927 35 4
482 994 1 9
482 1015 39 5
482 1135 43 5
483 484 13 7
483 485 19 1
483 486 13 10
483 499 21 10
483 500 34 9
483 501 31 1
483 515 18 2
483 518 40 3
483 669 5 9
483 672 17 9
483 760 19 3
483 807 47 6
483 820 40 7
483 845 48 6
483 892 1 4
483 980 44 8
483 985 28 4
483 994 16 5
483 1108 36 4
483 1140 45 3
483 1148 17 9
483 1166 50 8
483 1177 49 9
484 485 4 3
484 486 9 3
484 502 36 2
484 503 48 6
484 551 15 6
484 553 5 4
484 570 33 1
484 613 38 1
484 708 25 7
484 840 39 1
484 906 14 7
484 926 1 6
484 975 8 5
484 1015 2 3
484 1077 37 9
484 1125 25 2
484 1130 48 7
484 1178 3 10
485 486 24 2
485 504 26 2
485 505 38 6
485 506 23 2
485 507 45 5
485 508 14 4
485 509 6 2
485 510 39 6
485 578 19 1
485 601 48 9
485 612 43 7
485 762 37 4
485 784 19 1
485 908 2 5
485 944 50 7
485 1078 29 3
485 1108 20 10
485 1125 20 4
485 1140 24 1
486 511 13 4
486 512 1 10
486 513 43 4
486 514 41 7
486 706 30 5
486 876 27 8
486 941 20 2
486 975 12 1
486 980 49 10
486 1021 38 8
486 1130 39 8
486 1148 12 2
486 1165 2 4
490 694 46 4
491 617 15 1
491 958 20 5
492 878 47 6
492 1167 24 10
496 567 3 4
497 501 24 5
497 776 12 8
497 800 43 4
499 911 37 3
500 501 6 1
500 623 2 6
503 1004 11 7
504 505 21 2
504 866 47 3
505 619 7 5
510 1032 36 2
513 869 21 9
514 560 49 1
514 909 24 1
515 516 50 10
515 517 15 4
515 518 50 4
515 519 37 9
515 520 34 3
515 521 44 1
515 522 5 5
515 523 16 10
515 524 23 5
515 525 46 6
515 526 39 10
515 527 38 9
515 553 3 10
515 570 25 5
515 577 34 2
515 705 12 2
515 807 23 3
515 823 42 7
515 875 40 4
515 907 34 5
515 993 21 6
515 1130 9 9
515 1165 47 6
516 517 15 9
516 518 43 2
516 519 3 8
516 520 8 7
516 521 8 9
516 528 14 9
516 529 36 1
516 530 12 1
516 531 7 2
516 600 2 10
516 735 25 4
516 762 23 3
516 807 3 6
516 846 32 5
516 892 43 9
516 941 41 5
516 1125 39 9
516 1135 32 9
517 518 44 2
517 519 50 2
517 520 4 8
517 521 21 2
517 532 6 1
517 533 38 10
517 534 9 8
517 535 4 3
517 536 44 2
517 553 27 8
517 570 11 1
517 612 49 6
517 636 20 6
517 763 43 8
517 848 15 8
517 876 6 2
517 892 41 9
517 975 27 3
517 985 17 6
517 1080 47 2
517 1105 34 3
517 1107 14 10
517 1130 9 8
518 519 17 8
518 520 42 3
518 521 27 4
518 537 4 6
518 538 48 9
518 539 14 1
518 540 20 8
518 541 43 3
518 542 49 4
518 640 29 1
518 780 1 1
518 907 10 9
518 975 43 3
518 1027 17 1
518 1125 7 1
518 1166 39 2
519 520 17 8
519 521 22 7
519 543 4 2
519 544 9 7
519 600 1 9
519 668 16 5
519 784 49 6
519 820 2 6
519 840 7 8
519 940 20 9
519 992 48 10
519 1015 42 4
520 521 29 10
520 545 19 4
520 546 15 6
520 547 48 7
520 548 5 10
520 927 15 1
520 980 28 1
520 985 27 2
520 1135 30 7
520 1140 7 7
520 1147 35 9
520 1176 48 3
521 549 33 8
521 613 48 8
521 671 46 1
521 705 13 4
521 730 43 3
521 840 44 5
521 925 8 8
521 1015 44 9
521 1025 21 2
521 1077 38 7
521 1140 42 10
521 1148 31 8
521 1178 39 5
524 546 12 1
525 893 14 9
528 1199 14 8
529 837 22 6
532 713 14 1
532 1068 6 5
532 1126 42 1
534 676 11 9
534 968 10 1
535 1180 25 1
537 1161 37 4
541 615 47 10
545 702 21 7
549 827 8 2
549 835 43 3
550 551 38 4
550 552 13 1
550 553 39 2
550 554 27 6
550 555 49 2
550 556 41 6
550 557 36 10
550 558 34 2
550 559 38 8
550 560 22 6
550 613 34 6
550 672 31 1
550 707 40 10
550 733 37 5
550 822 39 4
550 840 35 6
550 849 27 6
550 877 28 8
550 925 31 3
550 926 50 10
550 945 30 10
550 975 30 5
550 992 25 9
550 1105 50 6
550 1135 9 5
550 1140 36 9
550 1165 37 9
550 1166 7 4
551 552 48 10
551 553 40 5
551 561 49 2
551 562 17 8
551 563 36 5
551 564 48 2
551 570 36 7
551 600 25 3
551 760 11 2
551 807 50 3
551 849 34 4
551 890 30 5
551 906 7 6
551 907 37 3
551 975 28 9
551 985 34 2
551 1022 44 4
551 1106 38 1
551 1125 49 4
551 1135 13 8
551 1176 32 3
552 553 43 10
552 565 16 6
552 570 18 5
552 579 19 4
552 600 14 7
552 637 43 7
552 667 10 1
552 784 15 6
552 980 21 9
552 985 19 4
552 994 35 10
552 1015 21 4
552 1021 30 3
552 1077 3 5
552 1125 22 5
552 1130 16 4
552 1140 12 8
552 1178 41 6
553 566 47 8
553 567 11 2
553 568 3 6
553 569 26 9
553 578 39 6
553 614 44 6
553 639 3 5
553 709 38 8
553 762 10 9
553 784 43 5
553 807 36 3
553 820 21 5
553 877 37 5
553 892 1 2
553 942 45 1
553 980 11 3
553 1015 24 6
553 1076 17 7
553 1130 32 9
553 1145 47 10
553 1146 36 7
554 744 8 2
555 728 42 3
555 768 48 10
557 1161 17 8
558 851 1 10
559 634 3 10
559 1158 20 3
560 773 48 6
567 615 43 10
569 1046 48 6
570 571 12 1
570 572 5 9
570 573 37 3
570 574 30 3
570 577 44 4
570 578 15 1
570 601 38 8
570 610 42 10
570 614 43 9
570 638 20 3
570 639 2 8
570 665 9 4
570 670 7 5
570 705 11 9
570 706 45 7
570 733 12 4
570 735 24 6
570 761 49 6
570 763 31 4
570 780 10 2
570 782 34 6
570 806 20 7
570 821 15 2
570 822 13 5
570 840 38 3
570 847 44 5
570 849 32 6
570 876 26 7
570 877 44 1
570 891 32 9
570 892 47 4
570 906 41 6
570 908 27 7
570 926 9 6
570 940 6 4
570 975 5 8
570 980 26 7
570 985 28 6
570 990 49 8
570 994 45 5
570 1015 44 5
570 1026 15 10
570 1029 7 4
570 1075 29 10
570 1079 46 7
570 1105 18 5
570 1125 10 4
570 1130 35 9
570 1135 21 8
570 1140 11 3
570 1145 39 2
570 1146 44 5
570 1166 50 1
570 1175 24 4
570 1178 15 8
571 1070 26 3
571 1131 46 5
573 498 6 4
575 576 26 6
575 577 17 7
575 578 18 6
575 579 22 4
575 580 18 3
575 581 44 5
575 582 39 9
575 583 12 7
575 584 17 5
575 671 26 10
575 780 2 6
575 782 46 7
575 927 39 9
575 975 17 10
575 985 36 3
575 992 49 4
575 1075 16 2
575 1079 31 5
575 1107 22 8
575 1130 29 3
575 1166 25 5
575 1179 42 4
576 577 32 2
576 578 49 1
576 579 42 4
576 585 5 3
576 586 47 6
576 587 39 10
576 588 12 5
576 600 40 9
576 614 39 7
576 638 1 6
576 732 16 9
576 761 43 6
576 763 22 7
576 840 22 1
576 875 35 7
576 892 42 5
576 980 24 3
576 992 41 7
576 1125 11 7
576 1135 16 8
576 1140 7 4
576 1145 37 4
576 1146 11 4
576 1166 22 2
577 578 9 8
577 579 12 9
577 589 41 4
577 590 43 8
577 591 8 8
577 592 39 6
577 806 24 1
577 820 3 10
577 846 17 5
577 1015 20 6
577 1027 31 9
577 1125 14 10
578 579 15 2
578 593 22 10
578 594 50 10
578 595 15 7
578 601 38 5
578 638 10 7
578 670 20 1
578 706 26 3
578 709 21 3
578 806 18 8
578 820 20 2
578 850 20 3
578 908 47 6
578 926 12 7
578 1025 41 6
578 1106 17 2
578 1130 19 9
578 1135 46 8
579 596 5 8
579 597 18 7
579 598 11 1
579 599 37 7
579 610 19 10
579 730 50 10
579 840 12 6
579 875 7 8
579 890 39 8
579 940 50 8
579 945 47 7
579 975 1 6
579 980 43 3
579 985 13 8
579 1015 34 1
579 1140 48 7
579 1176 20 4
581 676 1 10
582 809 9 1
582 871 42 4
583 792 3 1
586 1086 36 8
588 832 3 10
590 1170 3 6
591 958 14 5
593 698 34 5
594 599 36 5
594 816 40 2
594 884 4 2
594 974 15 4
594 1071 4 3
596 1058 13 8
599 606 27 9
599 719 12 3
599 753 29 1
600 601 15 4
600 602 39 9
600 603 42 8
600 604 40 3
600 605 47 7
600 606 33 7
600 607 15 5
600 608 3 10
600 610 15 5
600 640 8 5
600 708 22 8
600 730 9 1
600 732 30 7
600 781 32 9
600 806 28 6
600 840 10 8
600 849 36 8
600 905 42 10
600 906 28 1
600 942 24 2
600 975 29 5
600 980 24 5
600 1015 28 3
600 1024 20 1
600 1125 5 3
600 1135 45 10
600 1140 44 10
600 1147 35 7
600 1175 27 2
600 1177 5 5
601 609 29 2
601 614 11 4
601 637 18 4
601 666 45 10
601 670 3 4
601 709 29 4
601 760 23 5
601 761 48 8
601 782 42 9
601 807 8 2
601 820 24 5
601 823 2 1
601 846 50 9
601 875 12 4
601 877 29 7
601 892 35 4
601 925 36 5
601 927 48 4
601 942 7 4
601 980 46 1
601 985 1 9
601 993 13 3
601 994 2 8
601 1025 36 7
601 1075 45 4
601 1078 11 6
601 1105 48 5
601 1106 25 5
601 1130 32 1
601 1135 47 7
601 1140 45 2
601 1165 11 3
603 675 8 10
604 694 10 5
608 1087 15 9
610 611 6 4
610 612 4 5
610 613 16 6
610 614 14 5
610 615 50 10
610 616 49 10
610 617 48 7
610 618 12 3
610 619 25 1
610 620 48 8
610 840 32 1
610 908 33 9
610 980 22 4
610 985 21 6
610 1030 28 10
610 1108 44 7
610 1140 8 9
610 1165 36 4
610 1175 31 6
611 612 26 7
611 613 10 6
611 614 6 10
611 621 4 2
611 622 18 6
611 623 11 1
611 640 23 1
611 708 1 3
611 732 28 1
611 784 28 2
611 846 26 6
611 877 23 7
611 892 28 9
611 941 17 8
611 975 27 5
611 985 5 8
611 1015 8 1
611 1077 38 1
611 1135 20 8
611 1145 19 8
612 613 9 8
612 614 22 2
612 624 45 10
612 625 34 3
612 671 9 5
612 732 40 5
612 763 46 7
612 780 32 1
612 805 12 9
612 850 18 4
612 890 35 8
612 906 9 2
612 926 9 6
612 943 7 5
612 1015 41 7
612 1075 32 9
612 1105 34 6
612 1125 28 6
612 1135 13 10
612 1176 38 8
613 614 47 3
613 626 39 9
613 627 11 7
613 628 38 2
613 629 27 3
613 637 43 2
613 709 18 7
613 761 29 5
613 806 50 4
613 822 25 1
613 877 7 7
613 980 2 3
613 994 10 8
613 1020 41 5
613 1140 41 4
613 1147 42 8
613 1166 28 4
614 630 13 2
614 631 13 3
614 632 23 1
614 633 15 4
614 634 24 10
614 672 15 5
614 823 16 6
614 975 11 7
614 1125 32 1
614 1130 33 5
615 895 47 8
616 831 34 8
618 954 33 7
619 718 12 4
620 870 18 4
625 979 16 3
627 1056 31 2
630 1002 48 1
631 748 22 1
631 1059 21 3
634 816 26 2
635 636 33 2
635 637 20 3
635 638 26 8
635 639 44 4
635 640 39 5
635 641 20 1
635 642 19 8
635 643 42 7
635 644 28 10
635 645 13 8
635 646 13 5
635 666 29 10
635 670 31 1
635 780 20 4
635 805 23 7
635 840 32 9
635 892 31 4
635 940 30 5
635 944 12 3
635 1079 22 6
635 1140 31 9
635 1175 26 6
636 637 40 5
636 638 37 5
636 639 11 6
636 640 33 2
636 647 14 7
636 648 7 9
636 649 7 2
636 650 14 1
636 651 7 5
636 761 37 4
636 822 16 7
636 877 20 10
636 907 3 3
636 908 25 9
636 925 25 10
636 1078 29 3
636 1106 12 4
636 1166 20 6
637 638 31 5
637 639 38 8
637 640 5 2
637 652 42 3
637 653 32 7
637 654 10 8
637 655 6 1
637 656 42 8
637 657 39 2
637 658 13 3
637 659 3 7
637 707 34 2
637 781 41 10
637 890 6 4
637 975 46 2
637 980 44 2
637 991 24 7
637 1015 10 7
637 1108 13 3
637 1125 7 2
637 1130 46 5
637 1135 28 1
637 1178 20 6
638 639 30 6
638 640 17 7
638 660 4 1
638 661 31 7
638 662 42 2
638 705 32 8
638 731 11 7
638 735 40 5
638 806 24 3
638 820 17 7
638 847 27 10
638 850 33 3
638 927 14 10
638 985 46 4
638 990 4 3
638 1026 45 1
638 1130 7 4
638 1140 28 4
638 1145 40 1
638 1166 33 8
639 640 31 3
639 663 2 8
639 763 9 1
639 985 30 8
639 1020 16 5
639 1135 40 9
640 664 47 2
640 840 20 5
640 876 1 4
640 1015 4 3
643 929 23 6
643 1117 15 6
644 1132 10 6
649 1103 42 4
653 842 7 1
653 1186 15 1
654 1112 15 3
655 883 24 8
655 903 21 2
655 1086 34 9
658 855 22 8
658 868 36 9
661 751 41 6
661 958 39 10
661 973 40 9
664 794 39 4
664 1034 6 9
665 666 44 6
665 667 5 3
665 668 41 6
665 669 22 2
665 670 27 8
665 671 18 1
665 672 31 2
665 673 46 7
665 674 49 4
665 675 44 5
665 676 40 1
665 677 17 10
665 820 46 2
665 875 31 3
665 906 28 5
665 925 26 7
665 1015 1 4
665 1106 30 4
665 1125 39 3
665 1130 47 3
665 1166 4 4
666 667 24 10
666 668 31 9
666 669 28 9
666 670 42 4
666 671 16 8
666 672 45 5
666 678 34 8
666 679 3 9
666 680 4 7
666 681 50 4
666 682 18 1
666 705 15 9
666 708 27 2
666 782 5 7
666 942 41 4
666 980 17 1
666 1140 34 8
666 1166 19 4
667 668 1 7
667 669 38 8
667 670 5 3
667 671 21 2
667 672 49 10
667 683 20 3
667 684 23 2
667 685 21 10
667 807 4 2
667 840 13 6
667 845 39 5
667 891 50 8
667 925 20 4
667 980 32 1
667 985 42 3
667 991 6 7
667 992 32 7
667 1024 8 7
667 1077 11 6
667 1108 2 2
667 1176 20 5
667 1178 20 1
668 669 7 9
668 670 24 3
668 671 11 10
668 672 18 4
668 686 24 6
668 687 13 9
668 688 43 2
668 689 8 4
668 763 42 5
668 840 30 6
668 892 11 6
668 940 23 2
668 1135 19 5
668 1146 33 5
669 639 46 6
669 670 39 1
669 671 7 4
669 672 50 5
669 690 41 9
669 691 2 2
669 692 18 6
669 733 23 6
669 807 42 9
669 1025 34 5
669 1125 24 8
670 671 37 5
670 672 46 3
670 693 36 7
670 694 14 5
670 695 47 9
670 696 35 2
670 697 19 5
670 698 26 1
670 763 45 1
670 823 29 8
670 905 36 6
671 672 34 6
671 699 36 10
671 700 12 7
671 701 14 2
671 733 4 8
671 849 2 4
671 985 50 8
671 1077 6 2
672 702 26 10
672 703 45 10
672 704 4 3
672 783 37 1
672 877 49 3
672 975 5 7
672 1015 6 4
672 1135 46 8
672 1140 37 5
672 1148 41 5
673 886 3 6
674 922 17 7
676 1100 7 1
678 949 25 7
680 904 39 6
685 1187 6 4
688 818 38 8
690 978 12 8
695 1182 48 10
700 896 11 5
704 1172 19 10
705 706 10 4
705 707 40 1
705 708 17 4
705 709 40 3
705 710 21 6
705 711 41 4
705 712 8 7
705 713 20 1
705 714 24 3
705 715 50 8
705 760 18 10
705 781 37 1
705 784 20 7
705 892 13 9
705 975 17 3
705 985 5 6
705 990 16 9
705 1080 32 3
705 1106 33 10
705 1130 16 3
705 1147 23 6
705 1166 6 3
705 1179 28 5
706 707 45 3
706 708 28 7
706 709 16 6
706 716 48 5
706 717 44 10
706 718 34 10
706 719 19 6
706 720 9 8
706 721 24 9
706 733 5 2
706 760 48 8
706 823 11 9
706 845 22 4
706 975 18 6
706 980 6 10
706 1080 35 4
706 1125 39 4
706 1130 32 6
706 1135 28 1
707 708 30 6
707 709 12 6
707 722 36 9
707 805 20 8
707 823 28 1
707 840 30 8
707 847 12 7
707 876 11 6
707 926 33 4
707 944 21 2
707 1015 28 2
707 1140 30 3
707 1175 5 1
708 709 43 5
708 723 27 3
708 724 38 6
708 840 44 7
708 892 1 10
708 906 45 4
708 926 30 7
708 991 39 10
708 1015 37 9
708 1021 17 2
708 1125 1 7
708 1135 39 1
708 1147 17 10
708 1165 39 3
709 725 32 4
709 726 42 6
709 727 39 1
709 728 45 4
709 729 4 7
709 805 9 1
709 877 26 10
709 905 15 2
709 941 38 5
709 1026 35 10
709 1105 10 10
709 1140 11 5
721 1121 43 7
730 731 6 3
730 732 14 10
730 733 10 8
730 734 20 1
730 735 16 1
730 736 14 9
730 737 11 7
730 738 25 9
730 739 7 6
730 740 40 2
730 780 33 6
730 823 41 2
730 847 47 4
730 891 34 6
730 926 13 10
730 980 27 7
730 1015 13 7
730 1029 20 10
730 1140 7 7
731 732 10 6
731 733 36 3
731 734 27 1
731 735 50 1
731 741 17 4
731 742 47 7
731 743 34 9
731 845 32 1
731 905 10 5
731 985 29 4
731 1130 13 2
731 1135 44 1
731 1166 30 4
732 733 44 2
732 734 25 10
732 735 24 3
732 744 28 7
732 745 42 7
732 760 15 4
732 806 34 8
732 821 2 1
732 840 4 3
732 944 40 4
732 975 33 3
732 1125 41 7
732 1130 11 7
733 734 37 1
733 735 10 6
733 746 1 1
733 747 16 3
733 748 39 8
733 749 7 4
733 750 11 4
733 751 45 10
733 752 14 5
733 753 11 2
733 754 49 4
733 755 41 5
733 780 44 9
733 806 49 9
733 840 23 5
733 908 4 9
733 985 21 2
733 991 46 5
733 1021 32 4
733 1148 14 1
733 1175 44 6
734 735 4 7
734 756 6 8
734 876 43 4
734 877 50 9
734 927 9 10
734 975 44 8
734 1015 37 3
734 1080 20 9
734 1106 26 10
734 1107 38 1
734 1135 10 8
735 757 5 7
735 758 44 2
735 759 34 3
735 763 36 7
735 890 33 7
735 940 31 5
735 980 21 8
735 993 28 8
735 1075 34 2
735 1125 22 7
735 1148 12 4
735 1165 24 6
735 1177 34 3
736 1151 47 7
745 854 7 7
745 928 42 6
745 1004 11 6
745 1114 30 4
746 1136 46 4
747 932 23 10
751 1090 16 4
753 977 48 7
758 852 42 10
760 761 22 7
760 762 38 5
760 763 11 4
760 764 24 3
760 807 22 2
760 823 28 6
760 840 3 5
760 890 37 3
760 905 16 8
760 925 1 8
760 980 40 2
760 993 19 7
760 1075 25 8
760 1107 30 10
760 1135 36 1
760 1140 14 4
761 762 30 6
761 763 35 8
761 765 29 5
761 766 40 5
761 767 21 8
761 768 22 6
761 769 24 1
761 770 41 9
761 840 49 4
761 847 25 8
761 848 2 4
761 908 21 6
761 927 1 1
761 975 32 10
761 980 11 3
761 990 14 10
761 1015 32 1
761 1022 10 10
761 1108 50 9
761 1125 9 3
761 1147 49 5
761 1177 32 8
761 1179 42 9
762 763 7 2
762 771 37 1
762 772 46 7
762 773 44 3
762 774 9 1
762 823 42 5
762 876 26 2
762 890 23 8
762 942 42 5
762 945 15 4
762 985 24 1
762 1015 49 9
762 1130 28 9
762 1135 46 10
763 775 21 9
763 776 20 2
763 777 38 1
763 778 50 10
763 779 18 10
763 780 4 4
763 781 40 7
763 805 25 3
763 875 30 5
763 975 16 3
763 985 35 1
763 1027 26 9
763 1077 36 10
763 1125 19 10
763 1130 20 5
763 1147 3 3
763 1165 13 3
763 1166 5 5
766 1000 6 8
767 825 26 8
771 1138 17 10
780 781 33 2
780 782 3 1
780 783 11 10
780 784 4 7
780 785 38 7
780 786 3 6
780 821 47 4
780 890 44 7
780 980 5 6
780 994 40 6
780 1125 38 1
780 1135 20 8
780 1140 42 5
781 782 35 1
781 783 44 3
781 784 7 4
781 787 17 7
781 788 33 9
781 789 6 1
781 790 35 6
781 791 30 3
781 940 35 5
781 944 39 10
781 985 46 4
781 992 39 2
781 1029 6 1
781 1075 23 7
781 1107 24 8
781 1130 26 10
781 1135 9 7
781 1147 30 2
781 1165 29 3
781 1176 24 4
782 783 20 1
782 784 7 1
782 792 7 4
782 793 47 4
782 794 9 6
782 795 23 4
782 796 30 9
782 820 41 7
782 840 11 3
782 846 17 9
782 890 21 10
782 975 23 5
782 985 44 8
782 1015 22 6
782 1107 14 5
782 1140 20 5
782 1165 41 9
783 784 45 7
783 797 33 2
783 798 46 8
783 799 35 5
783 800 15 7
783 801 6 9
783 848 24 4
783 876 2 1
783 906 35 1
783 908 41 1
783 926 15 9
783 1027 38 7
783 1130 50 6
784 802 31 5
784 803 9 3
784 804 9 5
784 806 11 6
784 807 7 4
784 876 35 2
784 926 8 2
784 975 1 3
784 1015 30 2
784 1080 37 4
784 1125 5 4
784 1147 1 1
784 1179 13 6
788 886 31 1
788 913 50 6
796 1072 37 9
798 1033 32 9
799 858 31 3
802 887 5 3
805 806 24 5
805 807 7 5
805 808 37 3
805 821 12 2
805 840 28 2
805 845 24 6
805 906 38 7
805 925 49 3
805 994 1 10
805 1030 42 3
805 1106 22 7
805 1125 2 8
805 1135 13 7
805 1165 42 10
806 807 40 7
806 809 40 4
806 810 34 6
806 811 39 7
806 812 16 7
806 813 44 9
806 875 12 8
806 927 28 1
806 942 18 4
806 975 40 9
806 980 42 7
806 985 35 4
806 1015 6 6
806 1029 49 3
806 1080 6 7
806 1106 5 4
806 1130 27 3
806 1135 19 7
806 1140 16 5
806 1148 1 2
806 1179 3 8
807 814 24 8
807 815 6 3
807 816 44 7
807 817 6 5
807 818 35 6
807 819 22 8
807 822 23 5
807 840 12 7
807 845 12 1
807 890 22 9
807 891 24 8
807 908 19 7
807 945 50 7
807 975 13 2
807 980 8 1
807 985 19 3
807 992 36 7
807 1015 45 2
807 1080 27 5
807 1130 33 3
807 1146 30 9
807 1166 19 5
807 1178 49 5
810 1118 44 2
812 1017 27 9
813 853 30 10
815 863 5 5
816 911 21 2
820 821 15 2
820 822 36 10
820 823 33 7
820 824 33 10
820 825 3 4
820 876 43 10
820 892 2 8
820 925 30 6
820 926 14 6
820 940 50 3
820 980 28 1
820 985 38 7
820 1027 29 3
820 1108 44 1
820 1125 46 1
820 1146 44 9
820 1166 2 8
821 822 11 6
821 823 22 4
821 826 11 1
821 827 6 10
821 828 21 10
821 829 4 7
821 847 39 3
821 891 8 6
821 905 30 7
821 975 8 3
821 992 10 8
821 1022 30 4
821 1147 12 7
821 1179 9 10
822 823 32 7
822 830 18 5
822 831 26 8
822 832 16 3
822 833 9 3
822 834 5 4
822 835 49 3
822 836 10 7
822 837 19 4
822 876 46 7
822 945 20 10
822 980 36 8
822 985 8 8
822 1015 41 6
822 1076 44 8
822 1077 3 7
822 1130 10 10
822 1135 10 9
822 1165 14 3
823 838 45 5
823 839 5 7
823 840 31 9
823 846 14 1
823 908 24 4
823 975 11 6
823 1015 28 10
823 1107 41 9
823 1125 20 9
823 1130 20 1
823 1135 20 4
823 1140 25 3
830 878 29 7
831 1193 9 4
832 857 31 6
840 841 6 5
840 842 26 5
840 843 25 9
840 844 31 5
840 848 23 3
840 849 16 5
840 876 30 2
840 877 39 8
840 890 33 7
840 892 30 2
840 905 11 2
840 927 48 4
840 942 15 7
840 944 29 10
840 975 7 1
840 980 14 6
840 985 23 3
840 991 37 2
840 993 29 4
840 1015 4 1
840 1023 41 8
840 1027 21 2
840 1075 45 6
840 1080 36 10
840 1107 47 2
840 1108 13 3
840 1125 11 8
840 1130 45 1
840 1135 15 4
840 1140 24 4
840 1145 48 9
840 1166 3 3
840 1175 8 6
840 1176 48 2
841 1047 29 5
842 1181 42 7
844 974 32 8
844 1101 6 1
845 846 48 3
845 847 45 7
845 848 21 9
845 849 13 4
845 850 44 8
845 851 39 7
845 877 22 4
845 892 38 3
845 926 11 10
845 1079 18 2
845 1106 25 4
845 1130 14 2
845 1135 12 1
845 1146 41 6
846 847 36 9
846 848 40 10
846 849 22 4
846 850 23 4
846 852 8 10
846 853 49 1
846 854 47 3
846 855 33 7
846 856 44 2
846 906 13 1
846 925 25 7
846 975 44 3
846 1145 36 7
846 1175 35 8
847 848 18 8
847 849 48 7
847 850 5 9
847 857 45 3
847 858 39 3
847 859 45 4
847 890 3 7
847 980 22 8
847 1015 41 6
847 1029 10 2
847 1140 1 5
847 1165 14 2
848 849 35 9
848 850 28 6
848 860 10 1
848 861 27 1
848 862 29 3
848 975 6 7
848 990 40 3
848 992 34 10
848 1021 9 1
848 1106 18 8
848 1125 9 5
848 1135 13 10
849 850 5 7
849 863 34 2
849 864 32 4
849 865 27 4
849 866 16 9
849 867 19 8
849 868 41 10
849 869 44 8
849 876 31 4
849 905 9 7
849 1125 29 10
849 1130 49 3
849 1140 14 4
850 870 30 5
850 871 28 7
850 872 34 8
850 873 27 10
850 874 48 3
850 940 8 1
850 945 12 2
850 980 21 2
850 985 31 9
850 1075 40 9
850 1166 48 6
850 1175 30 7
857 1064 32 7
859 893 48 8
863 1157 23 4
875 876 25 1
875 877 13 2
875 878 3 10
875 879 21 6
875 905 10 5
875 927 50 8
875 975 48 9
875 980 20 7
875 994 28 1
875 1015 18 7
875 1020 20 4
875 1076 29 3
875 1105 13 1
875 1135 26 7
875 1166 1 1
875 1175 16 9
875 1177 46 4
876 877 33 5
876 880 34 5
876 881 13 5
876 882 38 6
876 883 1 9
876 884 13 5
876 892 38 3
876 905 19 5
876 943 26 5
876 945 20 3
876 975 5 9
876 980 17 7
876 985 5 9
876 990 5 4
876 1105 39 3
876 1125 4 2
876 1130 47 4
876 1147 9 5
877 885 39 3
877 886 4 9
877 887 33 5
877 888 27 9
877 889 7 7
877 890 32 9
877 925 11 5
877 985 27 1
877 1015 46 9
877 1025 18 3
877 1078 9 9
877 1140 42 7
877 1145 31 7
877 1166 40 10
881 1124 39 2
888 1066 5 9
889 1114 30 10
890 891 20 8
890 892 44 4
890 893 48 8
890 894 21 10
890 895 38 9
890 896 37 2
890 906 32 2
890 926 41 5
890 975 27 3
890 985 50 2
890 990 35 2
890 1015 26 10
890 1106 35 7
890 1130 28 2
890 1175 48 4
891 892 45 6
891 897 4 2
891 898 40 10
891 899 11 1
891 900 4 3
891 901 37 2
891 902 5 7
891 926 20 10
891 944 45 9
891 980 37 4
891 990 35 8
891 1026 14 10
891 1076 20 1
891 1125 29 2
891 1135 3 9
891 1140 1 7
891 1147 43 5
891 1165 9 2
891 1166 37 9
891 1175 39 5
892 903 33 6
892 904 12 8
892 942 1 2
892 975 47 4
892 980 40 9
892 1015 13 3
892 1021 24 3
892 1078 49 10
892 1107 31 7
892 1135 21 2
892 1148 29 6
896 1064 33 10
902 1122 3 5
905 906 2 1
905 907 27 2
905 908 18 7
905 909 35 10
905 910 16 8
905 911 16 4
905 912 32 8
905 913 45 8
905 914 44 3
905 975 6 5
905 985 43 8
905 994 21 3
905 1015 37 7
905 1027 43 10
905 1075 22 7
905 1125 4 1
905 1165 34 3
905 1179 29 10
906 907 26 6
906 908 3 2
906 915 31 3
906 916 31 6
906 917 38 2
906 918 16 5
906 919 24 2
906 1015 30 5
906 1140 6 5
906 1165 47 7
907 908 5 6
907 920 11 8
907 926 15 8
907 980 42 8
907 985 17 8
907 1077 25 8
907 1107 25 3
907 1130 41 7
907 1135 18 6
907 1147 35 1
907 1175 29 6
908 921 42 2
908 922 48 10
908 923 40 6
908 924 8 3
908 926 2 4
908 942 37 8
908 943 45 2
908 990 18 9
908 1022 14 6
908 1108 2 2
908 1140 11 5
908 1148 15 8
911 1073 45 1
912 1068 35 1
915 1003 12 2
916 963 25 9
920 1110 20 3
922 1112 20 4
923 1012 42 1
924 1134 50 3
925 926 49 1
925 927 39 1
925 928 35 5
925 929 47 1
925 930 16 7
925 943 44 10
925 944 31 1
925 975 20 10
925 980 23 8
925 985 41 5
925 990 33 7
925 1028 40 7
925 1130 10 8
925 1140 43 4
925 1178 2 10
925 1179 30 10
926 927 17 10
926 931 30 6
926 932 17 4
926 975 17 9
926 994 21 10
926 1015 16 10
926 1078 39 2
926 1125 11 5
926 1130 8 2
926 1135 46 3
926 1140 23 9
926 1165 20 8
927 933 20 3
927 934 25 5
927 935 34 3
927 936 33 7
927 937 1 5
927 938 13 9
927 939 30 1
927 980 34 6
927 985 35 10
927 1015 7 2
927 1026 1 8
927 1076 42 1
927 1105 3 6
927 1106 20 1
927 1125 21 9
927 1135 1 1
927 1146 20 7
927 1147 48 2
927 1165 16 9
934 1035 1 5
938 1082 50 6
938 1122 37 1
939 1163 31 10
940 941 38 1
940 942 22 6
940 943 28 2
940 944 18 10
940 945 19 6
940 946 5 6
940 947 31 8
940 948 42 2
940 949 1 3
940 950 24 3
940 951 48 9
940 1015 25 10
940 1106 48 7
940 1177 50 9
941 942 19 10
941 943 14 2
941 944 21 4
941 945 38 1
941 946 48 9
941 952 33 5
941 953 40 2
941 954 47 3
941 955 32 10
941 956 37 7
941 957 37 2
941 958 5 7
941 959 40 10
941 975 18 9
941 980 18 9
941 985 32 6
941 1125 34 5
941 1165 23 1
942 943 37 1
942 944 47 3
942 945 38 1
942 946 25 5
942 960 17 4
942 1078 9 7
942 1105 4 10
942 1125 8 3
942 1135 24 8
942 1145 18 6
943 944 49 4
943 945 17 8
943 946 20 8
943 961 9 6
943 962 34 10
943 963 22 3
943 980 11 1
943 990 1 8
943 1015 5 3
943 1166 47 3
944 945 10 6
944 946 23 3
944 964 36 3
944 965 47 8
944 966 15 7
944 985 13 1
944 1075 30 1
944 1140 29 6
944 1179 33 3
945 946 12 3
945 967 13 9
945 968 31 4
945 969 14 6
945 970 26 7
945 971 25 8
945 992 15 4
945 1029 41 1
945 1130 25 2
945 1140 10 5
945 1147 11 7
946 972 47 8
946 973 9 3
946 974 46 8
946 975 3 7
946 1025 18 6
946 1068 29 2
946 1130 26 10
951 1096 39 8
953 986 44 10
960 977 7 1
960 1042 6 9
961 1056 5 3
963 1163 32 10
969 979 42 7
971 1043 40 1
975 976 42 1
975 977 4 7
975 978 33 4
975 979 45 2
975 980 28 10
975 985 5 3
975 990 38 8
975 993 37 8
975 1015 43 2
975 1022 28 4
975 1078 46 9
975 1080 33 10
975 1106 23 6
975 1108 50 4
975 1125 47 6
975 1130 20 8
975 1135 31 6
975 1140 18 7
975 1145 33 9
975 1147 32 5
975 1165 4 7
975 1176 30 9
980 981 32 7
980 982 24 1
980 983 28 6
980 984 41 8
980 985 18 8
980 990 29 3
980 991 45 9
980 1015 37 9
980 1021 6 9
980 1076 23 4
980 1078 34 10
980 1105 7 9
980 1106 37 8
980 1125 5 5
980 1130 19 1
980 1135 27 8
980 1140 30 6
980 1145 29 5
980 1148 27 2
980 1165 17 4
980 1166 14 10
980 1177 32 5
980 1179 15 6
985 986 6 2
985 987 4 9
985 988 23 7
985 989 34 6
985 991 2 10
985 992 42 6
985 1015 4 10
985 1024 25 8
985 1027 8 2
985 1075 27 3
985 1076 8 4
985 1107 39 2
985 1125 11 7
985 1130 1 2
985 1135 34 1
985 1140 25 9
985 1147 40 8
985 1165 16 5
985 1175 25 6
990 991 28 4
990 992 42 5
990 993 14 7
990 994 15 2
990 995 40 5
990 996 9 1
990 997 32 8
990 998 14 5
990 1015 9 4
990 1023 21 2
990 1029 47 1
990 1106 12 4
990 1135 17 6
990 1140 2 10
991 992 3 2
991 993 32 9
991 994 1 6
991 999 17 6
991 1000 48 10
991 1001 11 2
991 1002 39 8
991 1076 32 7
991 1125 9 7
991 1135 44 1
992 993 50 4
992 994 5 8
992 1003 32 5
992 1130 45 8
992 1165 24 7
992 1178 38 4
993 994 43 8
993 1004 17 4
993 1005 8 1
993 1006 50 7
993 1007 46 5
993 1008 49 3
993 1009 17 8
993 1077 16 6
993 1125 22 7
993 1146 36 2
993 1178 49 10
994 1010 11 9
994 1011 26 2
994 1012 17 8
994 1013 37 8
994 1014 46 6
994 1015 45 4
994 1148 37 7
994 1165 35 6
997 1091 3 2
1000 1098 25 1
1008 1097 8 1
1009 1064 47 1
1012 1144 43 7
1013 1046 34 2
1015 1016 47 3
1015 1017 31 10
1015 1018 26 9
1015 1019 49 9
1015 1021 22 4
1015 1027 32 6
1015 1079 4 6
1015 1080 4 7
1015 1106 17 10
1015 1108 13 7
1015 1125 38 1
1015 1130 45 5
1015 1135 7 7
1015 1140 47 5
1015 1145 23 3
1015 1165 21 3
1015 1177 22 10
1015 1179 12 10
1020 1021 45 6
1020 1022 35 9
1020 1023 22 6
1020 1024 12 5
1020 1025 30 9
1020 1026 23 8
1020 1027 21 5
1020 1028 31 10
1020 1029 31 2
1020 1030 23 7
1020 1031 7 7
1020 1032 43 7
1020 1033 21 7
1020 1034 6 10
1020 1035 13 6
1021 1022 15 10
1021 1023 42 4
1021 1024 2 4
1021 1025 34 2
1021 1026 1 3
1021 1027 2 5
1021 1028 39 8
1021 1029 49 5
1021 1030 23 9
1021 1036 34 2
1022 1023 11 9
1022 1024 39 6
1022 1025 28 5
1022 1026 11 5
1022 1027 18 7
1022 1028 14 8
1022 1029 1 8
1022 1030 28 7
1022 1037 8 2
1022 1038 48 8
1022 1039 43 5
1022 1040 35 10
1022 1041 40 2
1022 1146 4 7
1023 1024 40 3
1023 1025 8 5
1023 1026 27 1
1023 1027 49 1
1023 1028 48 9
1023 1029 6 5
1023 1030 50 1
1023 1042 15 8
1023 1043 42 5
1023 1044 38 4
1023 1045 4 5
1023 1046 47 5
1023 1047 7 6
1023 1130 10 2
1023 1179 31 10
1024 1025 24 2
1024 1026 40 1
1024 1027 13 5
1024 1028 4 10
1024 1029 28 2
1024 1030 27 2
1024 1048 6 6
1024 1049 32 1
1024 1166 13 5
1025 1026 35 9
1025 1027 2 9
1025 1028 43 8
1025 1029 23 7
1025 1030 31 7
1025 1050 20 8
1025 1051 25 1
1025 1052 48 4
1025 1053 29 8
1025 1080 7 1
1025 1135 24 7
1025 1175 28 10
1026 1027 2 2
1026 1028 24 2
1026 1029 27 9
1026 1030 32 5
1026 1054 41 5
1026 1125 46 2
1027 1028 24 5
1027 1029 33 10
1027 1030 5 8
1027 1055 11 2
1027 1056 22 7
1027 1057 21 2
1027 1075 20 10
1028 1029 15 2
1028 1030 41 4
1028 1058 6 1
1028 1059 19 2
1028 1060 34 1
1028 1061 24 1
1028 1062 48 2
1028 1106 27 3
1028 1107 39 10
1028 1125 39 9
1028 1135 8 9
1028 1140 21 7
1029 1030 15 10
1029 1063 16 3
1029 1064 1 10
1029 1065 11 9
1029 1066 30 4
1029 1067 23 9
1029 1068 21 2
1029 1069 49 6
1029 1070 47 3
1029 1071 12 8
1029 1148 43 4
1030 1072 13 5
1030 1073 36 7
1030 1074 22 1
1030 1130 4 2
1030 1140 22 2
1030 1165 49 5
1032 1192 20 8
1036 1109 44 1
1037 1139 23 6
1052 1163 23 9
1064 1198 23 5
1070 1153 1 7
1075 1076 34 4
1075 1077 47 10
1075 1078 2 6
1075 1079 15 8
1075 1080 41 5
1075 1081 20 2
1075 1082 22 2
1075 1083 4 7
1075 1084 25 10
1075 1085 28 10
1076 1077 6 6
1076 1078 22 6
1076 1079 7 8
1076 1080 21 3
1076 1086 22 7
1076 1087 49 8
1076 1088 4 5
1076 1089 26 7
1076 1090 10 4
1076 1106 27 3
1076 1140 11 2
1077 1078 2 3
1077 1079 22 10
1077 1080 38 7
1077 1091 13 5
1077 1092 27 8
1077 1093 23 6
1077 1094 44 3
1077 1095 44 8
1077 1130 41 4
1077 1135 17 2
1077 1165 13 6
1077 1166 48 7
1078 1079 2 8
1078 1080 7 8
1078 1096 15 7
1078 1148 37 4
1078 1179 32 9
1079 1080 32 7
1079 1097 7 9
1079 1098 49 8
1079 1125 37 9
1079 1130 25 5
1079 1140 24 2
1080 1099 18 6
1080 1100 50 4
1080 1101 29 9
1080 1102 32 7
1080 1103 19 7
1080 1104 7 8
1080 1106 49 5
1080 1125 25 2
1080 1145 22 9
1085 1184 39 5
1095 1101 48 1
1097 1138 7 3
1099 1138 21 9
1102 1168 7 8
1103 1185 35 1
1105 1106 24 4
1105 1107 18 1
1105 1108 46 10
1105 1109 38 10
1105 1110 32 2
1105 1111 26 7
1105 1112 25 9
1105 1113 7 9
1105 1130 2 7
1105 1166 31 7
1105 1176 22 5
1106 1107 23 5
1106 1108 9 3
1106 1114 10 10
1106 1115 8 2
1106 1116 3 4
1106 1125 48 1
1106 1140 28 4
1107 1108 27 3
1107 1117 37 8
1107 1118 45 1
1107 1119 22 6
1107 1120 9 5
1107 1135 5 1
1107 1140 46 8
1107 1147 13 2
1107 1176 2 9
1108 1121 32 6
1108 1122 22 2
1108 1123 28 1
1108 1124 44 3
1108 1125 17 3
1108 1130 31 7
1108 1147 31 2
1108 1166 13 6
1115 1163 9 9
1123 1183 34 1
1125 1126 31 4
1125 1127 11 9
1125 1128 6 7
1125 1129 22 9
1125 1130 11 4
1125 1135 48 9
1125 1140 49 10
1125 1146 26 5
1125 1147 19 7
1125 1165 50 2
1125 1178 25 2
1125 1179 27 4
1130 1131 42 8
1130 1132 19 9
1130 1133 40 9
1130 1134 4 4
1130 1135 27 1
1130 1140 19 2
1130 1146 13 7
1130 1147 38 4
1130 1165 47 1
1130 1166 45 7
1130 1175 12 8
1130 1176 38 8
1135 1136 38 9
1135 1137 7 9
1135 1138 16 6
1135 1139 21 6
1135 1140 27 8
1135 1146 6 10
1135 1147 29 5
1135 1165 3 2
1135 1166 30 6
1135 1179 22 6
1140 1141 27 10
1140 1142 37 10
1140 1143 18 9
1140 1144 43 10
1140 1146 30 6
1140 1147 33 4
1140 1165 45 1
1140 1166 15 5
1140 1175 6 1
1140 1176 49 2
1145 1146 17 1
1145 1147 18 10
1145 1148 10 4
1145 1149 11 7
1145 1150 22 5
1145 1151 2 5
1145 1152 19 3
1145 1153 9 2
1145 1154 8 3
1145 1155 16 6
1145 1178 30 4
1146 1147 21 2
1146 1148 9 6
1146 1156 33 7
1146 1157 35 8
1146 1158 11 2
1146 1159 25 4
1146 1165 26 4
1146 1166 29 9
1147 1148 44 8
1147 1160 16 6
1147 1161 44 10
1147 1162 4 4
1147 1163 16 7
1147 1176 45 10
1148 1164 11 3
1165 1166 42 8
1165 1167 48 8
1165 1168 34 5
1165 1169 12 5
1165 1170 46 5
1165 1171 6 9
1165 1172 39 3
1165 1173 41 5
1165 1176 36 10
1166 1174 18 1
1166 1179 22 8
1175 1176 13 1
1175 1177 15 9
1175 1178 27 10
1175 1179 7 6
1175 1180 6 4
1176 1177 17 2
1176 1178 32 6
1176 1179 46 6
1176 1181 16 2
1176 1182 40 1
1176 1183 8 6
1176 1184 9 10
1176 1185 10 2
1176 1186 9 9
1177 1178 25 10
1177 1179 42 1
1177 1187 31 4
1177 1188 31 6
1177 1189 6 9
1177 1190 4 5
1178 1179 44 6
1178 1191 15 1
1178 1192 49 6
1178 1193 19 3
1178 1194 30 10
1178 1195 47 10
1179 1196 19 5
1179 1197 35 7
1179 1198 40 1
1179 1199 26 7

0 389 19
1 1010 3
2 973 29
3 773 65
4 1067 13
5 126 33
6 1149 10
7 315 13
8 569 74
9 1161 29
10 20 51
11 768 63
12 965 22
13 566 16
14 497 75
15 219 9
16 325 14
17 573 21
18 1168 14
19 97 37
20 277 20
21 295 7
22 524 21
23 620 44
24 12 2
25 556 22
26 801 6
27 1104 14
28 661 89
29 262 3
30 924 21
31 764 29
32 997 14
33 986 32
34 832 31
35 1189 4
36 937 1
37 726 20
38 935 32
39 912 27
40 1150 16
41 45 34
42 625 15
43 919 16
44 47 31
45 188 43
46 150 19
47 1142 22
48 698 41
49 439 41
50 1162 2
51 149 8
52 624 18
53 44 31
54 808 23
55 765 28
56 717 20
57 1054 27
58 245 20
59 1116 18
60 894 15
61 1058 6
62 260 4
63 1129 15
64 86 9
65 455 16
66 664 67
67 626 11
68 886 18
69 240 17
70 939 43
71 1096 15
72 248 17
73 354 7
74 300 4
75 449 14
76 978 17
77 1086 65
78 1082 60
79 663 1
80 1064 84
81 30 21
82 969 36
83 702 24
84 148 27
85 36 13
86 870 10
87 883 14
88 279 21
89 930 8
90 349 15
91 380 23
92 914 16
93 878 46
94 816 103
95 375 33
96 239 31
97 838 16
98 901 56
99 922 30
100 957 28
101 218 32
102 714 7
103 142 6
104 651 3
105 463 36
106 259 33
107 723 17
108 642 6
109 715 30
110 94 69
111 423 9
112 274 10
113 93 23
114 425 13
115 596 10
116 1141 10
117 393 33
118 100 9
119 692 10
120 181 4
121 836 19
122 1193 18
123 82 22
124 238 12
125 629 12
126 1144 26
127 1056 63
128 771 38
129 1046 31
130 62 16
131 789 15
132 426 64
133 1055 7
134 371 30
135 810 27
136 684 29
137 721 44
138 378 4
139 1047 14
140 775 11
141 595 56
142 526 36
143 779 28
144 748 29
145 225 1
146 206 18
147 434 81
148 1127 3
149 967 8
150 1160 17
151 1156 12
152 1182 45
153 981 16
154 587 24
155 265 32
156 542 19
157 186 26
158 589 48
159 873 29
160 674 64
161 169 46
162 598 11
163 504 45
164 700 7
165 1014 10
166 214 43
167 175 7
168 104 37
169 689 5
170 869 23
171 95 9
172 128 43
173 597 26
174 412 28
175 33 5
176 370 18
177 1039 15
178 903 30
179 71 2
180 1136 50
181 177 17
182 622 8
183 1090 18
184 367 39
185 9 21
186 223 32
187 335 22
188 117 9
189 272 27
190 464 4
191 1050 9
192 183 23
193 1040 27
194 619 21
195 725 40
196 510 52
197 983 13
198 336 12
199 1009 17
200 247 2
201 388 10
202 334 19
203 3 48
204 1061 33
205 411 1
206 118 33
207 898 17
208 825 17
209 1100 59
210 895 18
211 448 10
212 477 23
213 1070 23
214 653 15
215 1002 24
216 1109 55
217 1045 3
218 879 11
219 766 31
220 920 14
221 168 45
222 400 13
223 505 24
224 1111 11
225 462 26
226 386 2
227 384 2
228 1155 11
229 818 16
230 851 19
231 187 17
232 162 8
233 1037 35
234 568 2
235 192 27
236 373 20
237 402 2
238 1167 38
239 185 2
240 643 26
241 509 22
242 948 24
243 1133 21
244 87 50
245 966 104
246 328 3
247 952 21
248 1143 16
249 313 22
250 928 46
251 216 9
252 59 25
253 130 16
254 305 4
255 23 2
256 713 22
257 682 21
258 1011 13
259 923 27
260 332 10
261 1118 57
262 139 42
263 1164 8
264 628 75
265 465 40
266 862 16
267 323 24
268 1074 11
269 166 15
270 171 10
271 868 64
272 255 11
273 964 11
274 1001 12
275 220 51
276 900 7
277 85 15
278 1183 26
279 555 61
280 535 8
281 649 34
282 1128 12
283 831 49
284 433 36
285 116 36
286 536 56
287 811 17
288 1060 37
289 856 17
290 896 55
291 229 22
292 61 23
293 237 18
294 962 14
295 697 4
296 383 33
297 657 57
298 213 61
299 799 38
300 910 13
301 343 16
302 347 9
303 704 59
304 866 34
305 506 9
306 953 23
307 854 34
308 120 15
309 141 25
310 503 29
311 302 61
312 658 39
313 982 17
314 728 36
315 696 9
316 802 28
317 1099 16
318 312 2
319 1191 21
320 34 16
321 1186 13
322 38 19
323 1158 16
324 1119 13
325 681 45
326 299 18
327 583 21
328 333 51
329 1181 50
330 1169 6
331 1122 34
332 96 38
333 227 13
334 1134 22
335 35 21
336 1073 20
337 724 13
338 795 6
339 98 15
340 212 4
341 791 14
342 420 14
343 803 4
344 1085 33
345 406 20
346 43 47
347 501 26
348 956 12
349 590 27
350 1195 19
351 1084 17
352 339 4
353 228 3
354 414 13
355 134 12
356 427 12
357 145 9
358 727 24
359 754 40
360 64 29
361 631 73
362 1174 11
363 1101 38
364 1000 64
365 772 24
366 124 25
367 352 17
368 392 57
369 453 26
370 750 26
371 1052 48
372 280 26
373 1083 3
374 132 15
375 1110 20
376 1018 6
377 129 22
378 428 3
379 381 7
380 246 4
381 92 12
382 242 16
383 1004 22
384 327 23
385 28 51
386 1005 4
387 307 7
388 209 10
389 6 15
390 5 48
391 819 12
392 1102 26
393 1033 35
394 648 3
395 918 5
396 534 22
397 478 12
398 72 28
399 366 6
400 574 21
401 911 57
402 1154 6
403 951 55
404 988 13
405 830 50
406 316 22
407 618 20
408 4 5
409 710 12
410 57 25
411 599 107
412 615 110
413 591 12
414 258 100
415 565 4
416 1139 29
417 1068 24
418 102 21
419 106 16
420 593 21
421 234 11
422 743 39
423 712 2
424 1016 24
425 1081 9
426 165 17
427 955 13
428 1091 9
429 294 92
430 83 6
431 755 19
432 608 11
433 472 51
434 458 15
435 99 16
436 471 30
437 13 25
438 306 17
439 1089 19
440 25 19
441 430 17
442 860 19
443 695 44
444 24 17
445 699 42
446 376 33
447 153 52
448 407 17
449 921 48
450 913 21
451 739 5
452 693 22
453 368 10
454 839 2
455 759 15
456 837 11
457 539 23
458 1019 13
459 498 13
460 338 20
461 1094 23
462 627 26
463 1038 55
464 37 71
465 405 20
466 401 18
467 641 20
468 8 25
469 450 3
470 1071 8
471 650 13
472 22 13
473 224 40
474 421 4
475 1117 36
476 308 46
477 736 17
478 804 24
479 176 17
