600 1816 240

0 25 200
1 50 500
2 75 800
3 100 1200
4 125 1700
5 150 2300
6 175 3000
7 200 3800
8 225 4600
9 250 5500

0 1500
1 1500
2 1500
3 1500
4 1000
5 1500
6 1000
7 2000
8 2000
9 1500
10 1500
11 2000
12 1000
13 2000
14 1000
15 2000
16 2000
17 2000
18 2000
19 1500
20 2000
21 1500
22 2000
23 2000
24 2000
25 2000
26 500
27 500
28 2000
29 2000
30 1500
31 1500
32 1500
33 1500
34 1500
35 2000
36 1000
37 2000
38 1500
39 1000
40 2000
41 2000
42 1500
43 2000
44 1000
45 2000
46 2000
47 1500
48 2000
49 1500
50 2000
51 2000
52 2000
53 2000
54 2000
55 1500
56 1500
57 1500
58 1500
59 2000
60 1500
61 1500
62 1000
63 1500
64 2000
65 1500
66 2000
67 1500
68 1000
69 1500
70 2000
71 1500
72 2000
73 2000
74 1000
75 1000
76 2000
77 1500
78 1500
79 2000
80 1500
81 1000
82 1500
83 1500
84 1500
85 1500
86 1000
87 1500
88 2000
89 500
90 500
91 500
92 1500
93 2000
94 2000
95 2000
96 1500
97 1500
98 2000
99 2000
100 1000
101 2000
102 2000
103 1000
104 2000
105 1500
106 1500
107 1500
108 1500
109 1000
110 1500
111 2000
112 2000
113 2000
114 1500
115 1500
116 1500
117 2000
118 2000
119 1000
120 2000
121 2000
122 1000
123 2000
124 1000
125 2000
126 1500
127 1000
128 500
129 1500
130 500
131 2000
132 2000
133 1500
134 1000
135 1500
136 1000
137 2000
138 2000
139 2000
140 2000
141 1000
142 1500
143 1500
144 500
145 1500
146 1500
147 1500
148 2000
149 1000
150 2000
151 1500
152 1000
153 1000
154 1500
155 1000
156 1500
157 2000
158 2000
159 2000
160 1500
161 2000
162 2000
163 1500
164 2000
165 1500
166 1500
167 1500
168 1500
169 1500
170 1000
171 1000
172 2000
173 1000
174 1000
175 2000
176 2000
177 2000
178 1500
179 2000
180 2000
181 2000
182 1000
183 1000
184 2000
185 1500
186 1000
187 2000
188 1500
189 2000
190 1500
191 1500
192 1500
193 2000
194 2000
195 2000
196 2000
197 1500
198 1000
199 2000
200 2000
201 1000
202 1000
203 1500
204 2000
205 1500
206 2000
207 2000
208 1000
209 2000
210 1500
211 1500
212 1500
213 1000
214 1000
215 2000
216 2000
217 1000
218 1500
219 1500
220 2000
221 2000
222 1000
223 2000
224 1000
225 1500
226 1500
227 2000
228 2000
229 1000
230 1000
231 1000
232 1000
233 2000
234 2000
235 1500
236 2000
237 1000
238 2000
239 1500
240 1500
241 1500
242 1500
243 1500
244 1000
245 1500
246 2000
247 1500
248 1500
249 2000
250 2000
251 2000
252 1000
253 1500
254 2000
255 2000
256 2000
257 2000
258 2000
259 2000
260 1000
261 2000
262 2000
263 1000
264 1000
265 2000
266 2000
267 1500
268 1000
269 2000
270 1500
271 1500
272 1500
273 1500
274 1500
275 2000
276 1000
277 2000
278 2000
279 2000
280 1000
281 2000
282 2000
283 1500
284 2000
285 2000
286 2000
287 2000
288 2000
289 1000
290 1500
291 2000
292 1500
293 2000
294 1000
295 1500
296 1500
297 1500
298 1500
299 1500
300 1500
301 1500
302 2000
303 1000
304 1500
305 2000
306 2000
307 2000
308 1500
309 1500
310 2000
311 2000
312 1500
313 1000
314 2000
315 1000
316 1000
317 1000
318 1000
319 2000
320 1000
321 2000
322 1500
323 1500
324 1000
325 2000
326 1000
327 2000
328 1000
329 2000
330 1500
331 1500
332 1000
333 1500
334 1500
335 1500
336 2000
337 1500
338 1500
339 2000
340 1000
341 2000
342 2000
343 1000
344 1000
345 500
346 1000
347 2000
348 2000
349 2000
350 1000
351 2000
352 1000
353 2000
354 1500
355 1000
356 2000
357 1000
358 2000
359 2000
360 1000
361 1500
362 1500
363 1500
364 500
365 1500
366 2000
367 2000
368 2000
369 1000
370 1500
371 2000
372 1500
373 2000
374 2000
375 1500
376 1000
377 1000
378 2000
379 1000
380 2000
381 1000
382 2000
383 2000
384 1000
385 1500
386 1500
387 1500
388 1500
389 2000
390 1500
391 2000
392 1500
393 1500
394 2000
395 1000
396 1000
397 2000
398 1500
399 1500
400 1000
401 2000
402 1000
403 2000
404 1000
405 1500
406 1000
407 1000
408 1500
409 1500
410 1500
411 1000
412 1500
413 2000
414 2000
415 2000
416 2000
417 1500
418 2000
419 500
420 500
421 500
422 1500
423 2000
424 1000
425 1000
426 2000
427 1000
428 1000
429 1500
430 2000
431 1000
432 2000
433 1500
434 2000
435 1500
436 1500
437 1500
438 1500
439 2000
440 1000
441 1500
442 1000
443 2000
444 1500
445 2000
446 1000
447 2000
448 2000
449 1500
450 1500
451 1500
452 2000
453 2000
454 1500
455 1000
456 1500
457 1500
458 1500
459 1500
460 1500
461 500
462 1000
463 1500
464 2000
465 1000
466 2000
467 2000
468 1500
469 1000
470 2000
471 1500
472 1500
473 2000
474 2000
475 1500
476 2000
477 2000
478 1500
479 1000
480 1500
481 1500
482 1500
483 1500
484 1500
485 1500
486 1500
487 1500
488 2000
489 2000
490 2000
491 1500
492 2000
493 1500
494 1000
495 1000
496 1500
497 2000
498 1000
499 1500
500 1000
501 2000
502 2000
503 1000
504 2000
505 1500
506 1000
507 1000
508 2000
509 1000
510 1000
511 2000
512 2000
513 1000
514 2000
515 2000
516 2000
517 2000
518 1000
519 2000
520 1500
521 1500
522 1500
523 1500
524 1500
525 1500
526 1500
527 2000
528 2000
529 1000
530 1500
531 1000
532 1000
533 1000
534 2000
535 2000
536 2000
537 1000
538 2000
539 1500
540 2000
541 2000
542 2000
543 2000
544 2000
545 1500
546 2000
547 2000
548 1000
549 2000
550 1000
551 1500
552 2000
553 2000
554 1000
555 1500
556 1500
557 1000
558 1500
559 1500
560 1500
561 2000
562 2000
563 1500
564 2000
565 1000
566 2000
567 1000
568 1500
569 2000
570 2000
571 2000
572 2000
573 2000
574 1500
575 2000
576 1000
577 2000
578 2000
579 1000
580 1500
581 1000
582 1500
583 1000
584 1500
585 2000
586 1000
587 1500
588 2000
589 1500
590 1000
591 1500
592 1500
593 2000
594 1000
595 2000
596 1500
597 1500
598 500
599 500

0 1 2 6
0 2 15 9
0 3 47 3
0 4 11 3
0 5 41 4
0 6 45 9
0 7 45 10
0 8 22 2
0 31 26 8
0 63 20 8
0 83 50 8
0 190 10 6
0 205 4 7
0 212 37 5
0 299 32 9
0 409 35 2
0 450 44 5
0 455 5 10
0 580 24 5
1 2 4 10
1 3 48 2
1 4 38 8
1 5 6 9
1 9 4 4
1 10 14 2
1 11 38 3
1 12 33 5
1 13 4 4
1 212 7 7
1 360 8 1
1 385 3 6
1 388 42 2
1 410 24 9
1 450 26 3
2 3 50 8
2 4 1 8
2 5 15 9
2 14 22 10
2 15 27 3
2 16 9 9
2 17 39 6
2 18 31 1
2 33 19 9
2 55 44 4
2 106 5 5
2 146 34 2
2 160 39 10
2 165 2 6
2 205 9 8
2 226 13 10
2 272 35 2
2 335 11 9
2 376 14 5
2 437 18 2
2 555 36 2
2 557 48 5
3 4 1 9
3 5 35 4
3 19 46 9
3 20 36 9
3 21 42 8
3 22 8 7
3 23 38 3
3 24 50 9
3 25 3 1
3 55 31 1
3 108 28 5
3 146 44 4
3 225 4 2
3 244 3 5
3 274 26 7
3 485 21 10
3 582 26 1
4 5 16 8
4 26 29 8
4 27 31 1
4 80 33 7
4 136 8 5
4 167 8 10
4 330 29 9
4 375 26 2
4 436 3 8
4 483 39 6
4 524 14 2
5 28 46 8
5 29 38 10
5 63 15 9
5 135 25 1
5 192 29 6
5 235 34 7
5 245 26 3
5 297 38 10
5 360 2 1
5 455 10 8
5 522 25 7
6 134 42 10
6 153 34 4
7 92 38 7
8 445 35 7
8 591 5 7
9 148 31 8
10 514 1 2
11 187 40 9
12 560 20 7
14 449 28 8
14 567 36 1
15 28 7 3
15 438 18 6
15 501 41 8
15 570 21 10
18 99 15 6
18 572 44 9
19 418 5 4
20 508 10 8
21 541 44 3
25 430 20 1
25 527 13 8
28 399 40 4
28 467 15 9
29 275 42 3
30 31 27 6
30 32 31 3
30 33 7 1
30 34 3 5
30 35 42 7
30 36 6 6
30 37 43 1
30 38 26 9
30 39 50 2
30 136 10 6
30 166 19 7
30 205 27 6
30 226 44 7
30 335 22 7
30 405 20 5
30 523 35 6
30 557 22 6
31 32 6 9
31 33 9 6
31 34 44 1
31 40 45 8
31 61 4 4
31 62 7 7
31 107 22 5
31 147 18 3
31 160 30 2
31 166 32 2
31 225 40 1
31 235 5 9
31 240 6 3
31 362 5 3
31 376 7 5
31 408 50 5
31 450 3 3
31 556 9 6
32 33 21 2
32 34 41 9
32 41 35 5
32 42 9 5
32 43 22 9
32 44 14 2
32 45 34 4
32 46 29 9
32 105 9 6
32 136 50 2
32 388 25 2
32 437 21 9
32 450 49 9
32 485 42 2
32 524 4 3
33 34 18 9
33 47 29 1
33 48 21 2
33 49 34 7
33 50 17 6
33 55 49 1
33 81 22 3
33 160 24 4
33 205 17 9
33 210 2 3
33 212 22 8
33 241 33 4
33 273 39 9
33 274 44 6
33 362 27 10
33 375 13 10
33 385 42 5
33 456 45 10
33 457 5 9
33 481 13 4
33 580 13 6
34 51 18 7
34 52 32 6
34 53 24 10
34 54 47 7
34 55 31 4
34 84 23 8
34 147 44 6
34 190 11 6
34 192 45 8
34 235 22 6
34 295 38 10
34 301 35 4
34 330 30 4
34 435 40 5
34 581 43 10
36 475 47 4
37 104 42 3
37 499 17 5
38 503 45 3
38 508 21 6
38 564 11 5
40 143 28 6
41 430 48 10
42 414 12 1
42 589 25 9
44 357 35 4
46 535 34 9
47 302 5 10
47 549 19 9
48 179 37 7
48 584 8 6
49 112 40 8
49 479 3 7
51 348 49 3
52 574 49 2
53 597 48 1
54 114 13 4
54 142 43 4
54 286 33 10
54 312 12 4
54 422 42 8
55 56 26 6
55 57 50 10
55 58 1 8
55 59 28 3
55 63 21 6
55 80 40 6
55 105 25 9
55 110 29 5
55 135 25 5
55 136 2 4
55 145 47 9
55 147 25 4
55 160 11 10
55 166 46 6
55 190 24 4
55 191 38 9
55 205 32 7
55 210 5 3
55 226 18 5
55 235 8 10
55 244 13 3
55 272 1 8
55 274 9 1
55 295 2 10
55 297 25 8
55 330 8 1
55 334 21 8
55 360 20 1
55 375 6 6
55 376 1 3
55 387 41 10
55 388 35 7
55 408 41 10
55 410 27 5
55 436 24 8
55 437 2 10
55 450 44 4
55 458 35 3
55 459 37 2
55 482 11 2
55 485 50 2
55 520 2 10
55 526 47 10
55 558 31 4
55 559 40 8
55 582 26 1
55 583 16 3
56 412 9 4
56 453 30 2
56 597 14 5
57 101 33 6
57 471 48 7
58 64 47 8
58 476 24 9
58 568 26 8
59 292 36 9
60 61 23 2
60 62 4 3
60 63 4 7
60 64 16 5
60 65 24 2
60 66 47 8
60 67 24 7
60 68 1 5
60 69 12 5
60 70 28 7
60 80 33 2
60 110 22 9
60 165 38 8
60 272 18 9
60 331 7 2
60 386 15 1
60 481 44 4
60 486 18 1
60 524 43 8
60 556 13 6
60 580 50 7
60 583 12 6
61 62 21 4
61 63 43 4
61 71 2 6
61 72 8 6
61 73 12 4
61 74 2 10
61 75 21 8
61 76 3 6
61 145 36 2
61 160 37 7
61 191 1 2
61 205 47 2
61 235 19 4
61 242 4 9
61 330 44 5
61 376 43 6
61 386 33 9
61 407 38 2
61 435 33 8
61 450 3 9
61 455 43 2
62 63 19 1
62 77 20 4
62 109 24 5
62 136 29 8
62 160 1 2
62 205 5 6
62 210 2 2
62 212 31 5
62 226 31 10
62 301 22 1
62 362 31 10
62 435 28 7
62 459 49 9
63 78 39 4
63 79 3 2
63 84 9 7
63 146 3 2
63 190 10 7
63 226 10 2
63 235 5 5
63 244 27 1
63 270 38 7
63 299 21 4
63 362 39 1
63 410 19 3
63 450 37 2
63 523 36 2
63 557 33 1
65 183 24 2
65 222 26 10
65 528 35 10
66 69 50 10
66 254 29 6
67 112 19 5
67 303 22 2
67 564 45 8
69 221 37 2
70 541 47 3
71 349 44 1
73 380 11 7
76 176 17 7
76 203 33 1
76 398 22 5
76 542 21 7
77 177 21 10
78 476 40 3
80 81 22 5
80 82 23 5
80 83 20 10
80 84 24 3
80 85 46 5
80 86 2 4
80 87 39 4
80 88 22 5
80 240 29 10
80 300 25 6
80 437 14 4
80 485 37 9
80 487 22 9
80 559 19 7
80 582 24 8
81 82 10 3
81 83 18 7
81 84 29 3
81 89 14 9
81 90 38 4
81 91 10 6
81 135 13 2
81 160 30 3
81 168 36 3
81 205 15 6
81 226 35 4
81 271 25 9
81 361 44 6
81 362 36 9
81 375 49 7
81 387 14 7
81 455 4 5
81 458 14 9
82 83 30 10
82 84 44 9
82 92 11 6
82 93 42 1
82 94 50 2
82 95 24 1
82 108 7 6
82 145 2 2
82 146 45 8
82 299 5 10
82 334 44 2
82 375 41 8
82 385 7 7
82 405 32 7
82 407 30 1
82 583 31 9
83 84 12 5
83 96 23 7
83 97 16 6
83 98 34 10
83 99 30 9
83 110 48 6
83 136 35 9
83 160 33 3
83 169 39 4
83 205 42 10
83 210 35 10
83 225 28 1
83 235 30 10
83 271 26 2
83 436 29 8
83 450 26 8
83 524 16 8
83 556 22 6
84 100 50 8
84 101 5 6
84 102 1 10
84 103 31 9
84 104 22 1
84 191 48 10
84 212 5 3
84 245 6 1
84 334 27 8
84 450 27 1
84 524 8 5
85 561 19 7
86 551 1 5
87 430 15 1
87 453 8 7
88 114 23 7
88 308 13 8
88 339 33 6
88 530 44 1
93 477 1 8
94 114 25 10
94 197 49 4
94 359 7 4
95 283 38 10
96 172 5 3
96 378 17 9
96 425 1 8
96 472 44 4
97 418 2 8
100 384 49 5
101 553 50 9
102 496 28 3
104 178 12 7
104 188 4 4
104 541 36 10
105 106 37 6
105 107 48 5
105 108 49 5
105 109 10 4
105 110 19 8
105 111 32 8
105 112 22 2
105 147 13 6
105 205 22 8
105 210 30 2
105 235 42 10
105 270 37 4
105 376 34 1
105 436 18 1
105 450 30 2
105 455 39 10
105 559 36 9
106 107 20 3
106 108 18 2
106 109 27 4
106 110 2 5
106 113 34 3
106 114 49 9
106 115 39 8
106 116 15 9
106 135 40 2
106 145 33 4
106 192 29 5
106 296 43 8
106 333 10 1
106 361 22 6
106 386 35 4
106 520 12 9
106 522 11 5
107 108 27 8
107 109 9 8
107 110 11 9
107 117 7 10
107 118 17 1
107 119 28 3
107 120 26 2
107 190 2 4
107 225 42 8
107 245 16 6
107 450 16 3
107 482 40 6
107 487 38 4
107 559 24 6
108 109 48 3
108 110 39 3
108 121 40 9
108 122 29 5
108 123 15 2
108 124 24 10
108 125 39 6
108 126 8 1
108 160 25 10
108 212 42 2
108 235 29 10
108 244 31 1
108 272 14 10
108 334 43 10
108 405 18 6
108 457 25 10
109 110 23 10
109 127 6 4
109 128 2 8
109 129 32 7
109 130 10 3
109 160 10 3
109 169 42 9
109 225 44 4
109 375 13 8
109 388 13 6
109 407 14 4
109 580 44 7
110 131 31 8
110 132 47 1
110 133 45 9
110 134 40 2
110 135 48 10
110 166 14 7
110 205 4 9
110 298 1 1
110 362 27 4
110 581 32 7
112 517 10 6
113 433 14 5
114 352 43 3
114 373 4 3
115 562 49 9
116 121 43 3
118 265 14 7
119 425 28 4
120 123 4 4
120 290 28 7
120 512 17 9
120 542 18 6
122 449 32 5
122 506 17 6
123 156 16 10
126 269 7 6
126 453 3 7
127 197 12 7
128 428 11 3
129 350 7 5
129 514 38 4
131 314 14 2
132 528 6 2
133 287 45 4
135 136 30 5
135 137 33 4
135 138 37 9
135 139 6 9
135 140 39 7
135 141 15 6
135 142 4 3
135 146 13 5
135 160 37 5
135 166 36 2
135 190 10 4
135 205 46 10
135 212 16 4
135 245 3 10
135 299 34 7
135 301 49 6
135 330 25 8
135 360 18 3
135 375 6 9
135 386 19 6
135 405 11 5
135 408 7 6
135 435 45 1
135 455 29 7
135 485 50 2
135 558 28 9
135 581 17 10
135 582 49 7
136 143 16 3
136 144 19 10
136 205 4 3
136 225 8 4
136 226 24 3
136 235 7 6
136 244 3 4
136 270 45 7
136 271 12 2
136 332 38 3
136 362 33 7
136 376 41 3
136 387 32 1
136 435 43 4
136 450 43 10
136 455 49 7
136 522 12 1
136 525 45 2
136 555 5 9
137 564 33 3
138 561 2 8
142 551 31 4
143 510 24 2
145 146 22 10
145 147 24 4
145 148 40 10
145 160 25 8
145 190 25 7
145 191 21 7
145 210 49 4
145 225 22 2
145 226 6 7
145 243 20 4
145 375 16 9
145 520 10 8
145 581 30 5
146 147 28 9
146 149 27 9
146 150 25 7
146 151 33 8
146 152 15 3
146 153 27 1
146 154 48 7
146 160 8 4
146 167 21 9
146 205 21 5
146 273 40 10
146 295 38 10
146 362 11 5
146 387 33 10
146 410 39 9
146 437 30 6
146 450 41 8
146 485 47 9
146 487 27 9
146 555 13 3
146 559 31 1
146 583 31 4
147 155 46 5
147 156 21 3
147 157 24 8
147 158 11 3
147 159 7 7
147 167 32 1
147 211 22 8
147 235 42 6
147 242 39 6
147 272 36 3
147 300 9 1
147 332 14 7
147 335 18 1
147 375 45 2
147 385 45 5
147 410 16 2
147 458 38 7
147 525 11 6
149 345 4 7
150 218 42 1
150 348 4 2
150 372 45 7
150 422 1 6
150 473 28 2
151 453 50 1
154 194 5 4
156 475 37 1
156 572 37 9
160 161 37 4
160 162 18 6
160 163 1 3
160 164 16 6
160 168 6 4
160 169 34 4
160 191 12 4
160 192 4 3
160 205 10 3
160 210 32 8
160 212 16 5
160 225 17 3
160 226 5 4
160 235 20 6
160 242 13 4
160 245 43 7
160 270 46 1
160 272 3 3
160 295 16 2
160 297 39 5
160 332 36 4
160 335 25 8
160 361 42 3
160 362 9 7
160 375 48 4
160 376 43 6
160 386 43 7
160 387 31 4
160 407 32 9
160 435 35 8
160 437 29 9
160 450 21 10
160 455 18 3
160 456 25 9
160 484 23 1
160 525 8 5
160 526 11 2
160 556 32 5
160 558 28 9
160 580 39 4
162 267 2 3
162 463 1 5
163 489 11 7
163 568 26 1
164 367 35 6
165 166 46 6
165 167 35 3
165 168 23 4
165 169 44 4
165 170 23 1
165 171 46 1
165 172 31 5
165 173 18 8
165 174 14 3
165 190 5 3
165 205 23 3
165 210 33 4
165 212 9 10
165 225 25 5
165 235 2 5
165 272 45 2
165 360 48 3
165 375 40 7
165 459 24 8
165 580 38 6
166 167 35 5
166 168 31 2
166 169 15 8
166 175 19 1
166 176 44 5
166 177 36 5
166 178 26 9
166 179 50 1
166 244 4 3
166 410 38 5
166 521 8 1
167 168 4 8
167 169 37 2
167 180 39 4
167 205 13 3
167 361 10 5
167 409 24 5
167 435 32 4
167 436 47 5
167 483 36 2
167 522 15 4
167 556 10 6
167 580 33 9
168 169 10 8
168 181 2 10
168 182 44 4
168 183 38 4
168 184 3 5
168 185 23 3
168 186 18 3
168 190 25 9
168 272 16 2
168 332 10 9
168 334 26 4
168 386 36 3
168 387 45 4
168 457 5 2
169 187 26 9
169 188 45 8
169 189 42 6
169 225 13 7
169 235 29 8
169 240 36 1
169 297 25 2
169 301 25 10
169 450 23 5
169 487 11 6
169 556 40 10
170 500 42 5
174 554 37 10
176 448 37 5
177 397 11 7
178 396 28 3
180 356 48 2
181 370 14 5
182 229 45 1
185 404 24 2
185 561 47 5
185 562 5 1
189 311 42 5
189 423 50 6
189 496 1 2
190 191 20 10
190 192 21 1
190 193 1 6
190 194 32 5
190 195 28 1
190 196 44 10
190 205 14 6
190 210 3 3
190 235 29 9
190 242 48 10
190 332 49 10
190 361 48 1
190 407 15 8
190 450 17 10
190 456 16 9
190 459 41 5
190 524 28 10
190 558 1 3
190 582 44 7
191 192 7 3
191 197 36 3
191 198 39 5
191 199 23 3
191 205 17 1
191 211 44 2
191 226 20 3
191 331 46 6
191 361 17 10
191 376 20 6
191 386 3 4
191 408 39 4
191 437 31 7
191 450 24 2
191 483 50 1
191 558 49 7
192 200 39 2
192 201 21 5
192 202 50 4
192 203 36 1
192 204 28 4
192 226 2 2
192 243 45 4
192 271 16 9
192 273 44 9
192 296 31 9
192 298 33 9
192 376 1 10
192 386 44 6
192 437 36 7
192 485 45 2
192 522 40 1
192 581 20 7
194 250 31 2
195 392 18 8
195 505 17 6
195 539 35 10
196 358 39 1
196 504 32 8
200 358 4 7
200 464 33 3
201 590 45 8
204 552 15 10
205 206 35 6
205 207 48 10
205 208 22 1
205 209 31 3
205 210 40 6
205 212 9 6
205 225 4 8
205 235 25 4
205 241 43 1
205 244 41 7
205 270 4 5
205 274 33 1
205 298 29 7
205 300 35 7
205 334 36 7
205 335 46 3
205 360 5 6
205 375 9 1
205 386 9 2
205 387 42 6
205 405 33 7
205 406 11 10
205 435 35 7
205 450 13 8
205 455 43 3
205 457 24 10
205 486 38 5
205 487 19 9
205 525 42 7
205 526 33 7
205 555 48 9
205 558 20 1
205 582 31 6
205 583 44 7
209 307 35 8
209 338 36 6
210 211 40 10
210 212 40 3
210 213 18 9
210 214 3 7
210 215 48 5
210 216 8 2
210 217 4 5
210 218 33 6
210 225 46 10
210 244 34 2
210 273 27 9
210 360 11 9
210 375 25 6
210 408 28 4
210 450 19 4
210 456 41 9
210 458 3 6
210 582 40 1
211 212 44 10
211 219 9 2
211 220 47 1
211 221 48 9
211 222 13 7
211 241 34 10
211 270 25 5
211 361 7 5
211 386 36 10
211 405 22 6
211 435 11 3
211 437 46 6
211 480 32 4
211 525 10 4
211 557 6 3
211 580 5 9
212 223 16 5
212 224 27 3
212 225 4 3
212 235 49 4
212 298 48 8
212 299 32 7
212 331 19 6
212 333 7 7
212 376 48 3
212 386 46 1
212 480 22 1
212 522 44 8
212 558 11 8
214 565 15 4
215 233 49 7
215 451 35 2
216 353 42 2
217 402 8 1
217 597 18 2
218 433 42 2
219 229 9 7
219 373 7 9
220 569 45 9
221 393 10 3
221 448 43 6
224 465 11 7
225 226 21 2
225 227 43 2
225 228 40 8
225 229 16 3
225 230 16 6
225 231 23 1
225 235 3 3
225 244 17 10
225 272 50 3
225 274 24 1
225 299 40 10
225 331 28 2
225 375 48 5
225 376 20 3
225 436 17 8
225 450 33 8
225 456 17 1
225 557 44 5
225 583 37 1
226 232 35 3
226 233 50 2
226 234 49 4
226 235 35 8
226 243 24 10
226 296 23 9
226 334 31 6
226 360 40 9
226 388 15 7
226 405 46 10
226 410 32 6
226 450 42 1
226 459 47 9
226 485 43 9
226 486 26 1
226 522 36 10
226 556 16 6
226 583 9 8
228 493 3 6
229 529 15 2
232 248 23 2
232 475 18 4
233 432 32 10
233 545 8 2
235 236 24 9
235 237 34 6
235 238 43 7
235 239 50 3
235 242 14 7
235 243 27 3
235 270 32 3
235 272 47 10
235 298 34 9
235 299 7 8
235 332 48 6
235 334 23 8
235 361 33 8
235 362 42 2
235 375 38 8
235 376 29 10
235 387 45 6
235 409 20 4
235 410 15 3
235 435 47 8
235 436 8 4
235 450 40 4
235 458 17 5
235 484 48 3
235 487 10 8
235 523 40 10
235 526 3 5
235 555 20 3
235 580 24 10
235 583 26 6
236 563 14 9
238 310 8 4
238 444 22 1
239 347 10 3
239 354 35 9
240 241 12 1
240 242 18 6
240 243 15 6
240 244 18 3
240 245 30 7
240 246 22 6
240 247 43 7
240 248 9 2
240 249 26 3
240 250 10 6
240 251 8 2
240 252 6 1
240 333 19 8
240 361 34 7
240 375 29 2
240 407 19 4
240 450 24 3
240 455 46 1
240 557 20 1
241 242 17 4
241 243 10 4
241 244 22 6
241 245 15 1
241 253 39 3
241 254 21 9
241 255 38 1
241 256 12 6
241 257 16 7
241 387 38 8
242 243 49 4
242 244 32 4
242 245 7 10
242 258 6 1
242 259 33 8
242 260 47 4
242 261 49 2
242 262 6 7
242 263 43 8
242 301 47 3
242 436 37 9
242 483 16 10
242 559 47 8
242 580 12 4
242 581 39 1
243 244 13 2
243 245 13 8
243 264 42 8
243 265 34 7
243 266 36 9
243 298 16 4
243 362 4 8
243 375 29 5
243 450 33 5
243 522 14 9
244 245 16 10
244 267 26 1
244 333 36 3
244 410 23 4
244 482 2 3
245 268 11 4
245 269 24 8
245 272 6 8
245 274 44 5
245 387 2 1
245 435 37 9
245 456 13 7
245 523 36 2
246 337 15 1
247 275 11 10
248 451 14 9
248 549 38 7
249 489 28 2
249 493 4 1
251 488 11 9
253 517 13 2
254 285 40 2
254 463 24 4
254 544 10 2
256 560 49 2
258 341 19 6
258 566 40 10
261 472 29 5
264 495 27 10
267 533 36 6
270 271 36 8
270 272 20 3
270 273 32 6
270 274 27 10
270 275 13 1
270 276 11 10
270 277 8 8
270 278 3 1
270 296 46 10
270 331 2 8
270 360 45 1
270 376 26 1
270 406 7 10
270 437 9 2
270 450 12 4
270 582 27 3
271 272 17 10
271 273 45 3
271 274 33 7
271 279 4 7
271 280 44 6
271 281 18 10
271 282 31 3
271 295 24 9
271 376 49 3
271 459 40 3
271 520 47 4
271 555 23 2
272 273 24 8
272 274 40 10
272 283 11 1
272 284 34 5
272 285 31 7
272 286 30 8
272 287 12 8
272 435 36 8
272 526 30 1
273 274 1 10
273 288 4 7
273 289 33 2
273 290 25 5
273 291 4 9
273 361 35 6
273 388 35 8
273 481 3 6
273 581 9 6
274 292 39 8
274 293 43 5
274 294 48 8
274 335 15 8
274 388 47 1
274 410 25 9
274 457 27 6
274 486 35 9
274 556 7 7
279 310 18 8
279 422 25 7
282 464 20 9
284 587 45 2
289 400 41 8
289 465 39 9
292 576 24 5
295 296 19 4
295 297 14 6
295 298 14 1
295 299 42 9
295 300 7 7
295 301 41 3
295 302 12 9
295 303 28 9
295 304 22 4
295 305 4 9
295 306 22 2
295 335 9 8
295 407 12 7
295 469 7 3
295 523 13 3
296 297 10 6
296 298 16 10
296 299 46 4
296 300 50 7
296 301 1 4
296 307 7 9
296 308 26 3
296 309 42 2
296 330 44 8
296 437 13 5
297 298 15 4
297 299 38 1
297 300 11 4
297 301 48 1
297 310 12 8
297 311 44 2
297 312 46 9
297 313 37 4
297 360 43 7
297 376 31 3
297 456 27 3
298 299 26 5
298 300 27 1
298 301 49 10
298 314 18 10
298 315 50 8
298 316 5 8
298 385 16 4
298 521 49 1
298 580 39 6
298 582 17 6
299 300 28 10
299 301 3 3
299 317 27 6
299 318 34 10
299 319 34 6
299 375 35 3
299 450 9 2
299 456 23 4
299 555 25 3
300 301 37 4
300 320 23 6
300 321 11 8
300 322 5 9
300 323 24 3
300 324 24 5
300 435 9 5
300 482 13 10
300 556 3 5
301 325 8 10
301 326 49 7
301 327 5 3
301 328 30 5
301 329 3 4
301 362 5 7
301 387 1 3
301 409 11 1
301 450 26 6
301 484 47 6
302 389 16 3
303 372 4 1
304 319 35 3
304 501 39 7
305 447 19 4
306 588 30 5
307 323 8 1
309 368 20 3
309 391 4 1
310 499 6 2
314 429 44 10
315 461 8 9
317 379 31 8
318 337 20 4
321 560 16 2
322 488 22 7
323 384 2 3
325 398 36 8
325 439 9 6
329 394 17 2
330 331 30 3
330 332 48 8
330 333 3 4
330 334 42 1
330 335 34 1
330 336 23 6
330 337 29 2
330 338 40 7
330 339 34 4
330 340 15 3
330 375 10 6
330 386 22 3
330 406 31 2
330 450 41 5
330 482 30 3
330 555 25 7
331 332 46 9
331 333 8 4
331 334 37 10
331 335 7 8
331 341 27 4
331 342 40 9
331 343 1 5
331 344 47 10
331 437 48 9
331 580 38 4
332 333 12 7
332 334 3 7
332 335 29 8
332 345 41 1
332 346 35 8
332 360 40 1
332 410 21 2
332 521 24 7
332 556 19 2
333 334 40 10
333 335 17 9
333 347 4 6
333 348 12 3
333 349 46 9
333 350 26 1
333 351 20 4
333 352 6 3
333 386 19 4
333 457 16 6
333 487 20 9
334 335 48 1
334 353 13 4
334 354 14 1
334 355 16 7
334 356 28 7
334 357 1 10
334 361 36 4
334 437 17 5
334 450 47 1
334 522 14 4
335 358 17 3
335 359 14 7
335 375 6 1
335 458 29 1
335 583 16 5
346 584 36 9
353 354 20 6
356 443 24 7
360 361 6 5
360 362 35 5
360 363 10 5
360 364 50 6
360 365 34 9
360 386 2 7
360 405 49 5
360 436 17 1
360 450 16 3
360 580 28 3
360 583 11 4
361 362 1 5
361 366 45 8
361 367 46 10
361 368 9 3
361 369 12 7
361 370 43 10
361 371 28 3
361 372 28 5
361 375 16 5
361 407 9 4
361 450 22 2
361 455 16 10
361 456 50 4
361 480 43 10
361 555 15 8
361 559 49 10
362 373 13 5
362 374 4 7
362 375 34 3
362 388 49 9
362 437 28 10
362 480 34 5
362 524 10 3
363 508 15 7
363 543 38 10
365 423 15 6
367 438 6 7
368 502 47 1
374 478 42 5
374 593 5 4
375 376 41 3
375 377 6 6
375 378 16 2
375 379 18 4
375 380 48 2
375 381 44 4
375 382 40 9
375 383 7 9
375 435 12 5
375 436 45 1
375 450 35 7
375 481 1 10
375 485 49 4
375 523 26 10
375 526 12 2
375 557 28 1
375 580 15 8
375 582 50 2
376 384 4 7
376 385 11 1
376 386 42 3
376 407 33 3
376 410 11 5
376 450 17 7
376 456 5 9
376 458 41 3
378 390 25 10
380 417 40 1
380 454 1 3
385 386 3 7
385 387 18 2
385 388 12 7
385 389 49 4
385 390 42 2
385 450 4 9
385 555 15 7
385 558 24 1
386 387 9 9
386 388 44 4
386 391 37 1
386 392 16 10
386 393 22 2
386 394 6 8
386 395 8 10
386 396 4 7
386 436 28 6
386 437 49 6
386 458 14 3
386 485 32 5
386 486 22 3
386 522 29 9
387 388 33 6
387 397 38 5
387 398 16 6
387 399 38 10
387 526 48 2
387 582 30 9
388 400 29 6
388 401 4 9
388 402 20 10
388 403 27 10
388 404 34 3
388 408 7 6
388 450 36 4
388 455 39 3
388 583 23 10
391 546 19 6
392 534 29 8
393 473 17 5
403 542 13 10
405 406 22 6
405 407 29 8
405 408 18 4
405 409 26 10
405 410 37 8
405 411 22 6
405 412 9 4
405 413 34 3
405 414 39 8
405 415 8 9
405 416 41 3
405 417 34 9
405 418 26 7
405 456 32 6
406 407 14 6
406 408 30 10
406 409 34 6
406 410 30 7
406 419 23 10
406 437 34 1
406 450 43 10
406 522 31 1
406 556 18 10
407 408 29 7
407 409 38 6
407 410 22 7
407 420 5 7
407 421 38 9
407 485 48 2
407 581 44 5
407 582 19 8
408 409 26 2
408 410 4 2
408 422 20 2
408 423 4 3
408 424 2 4
408 425 6 9
408 435 1 2
408 457 10 1
408 482 19 4
408 520 46 2
408 556 31 8
409 410 41 2
409 426 44 6
409 427 45 8
409 428 6 6
409 429 40 3
409 450 24 7
410 430 33 9
410 431 11 1
410 432 9 3
410 433 26 6
410 434 3 9
412 474 3 3
413 514 17 6
415 551 36 9
417 534 22 5
427 592 45 5
428 475 47 3
428 532 49 6
432 434 16 1
432 473 20 4
432 597 14 10
435 436 39 5
435 437 32 2
435 438 47 6
435 439 39 6
435 440 46 10
435 441 39 5
435 455 31 9
435 558 16 6
435 559 40 4
435 582 26 1
436 437 23 8
436 442 28 7
436 443 15 3
436 444 4 9
436 445 20 10
436 446 41 2
436 450 2 2
436 457 50 4
436 485 38 9
436 486 17 8
436 525 43 6
437 447 5 8
437 448 14 3
437 449 8 10
437 523 1 9
437 582 21 8
438 468 7 4
441 538 21 5
446 574 39 2
449 569 17 3
450 451 23 9
450 452 45 2
450 453 35 7
450 454 8 3
450 456 29 8
450 459 37 10
450 486 12 3
450 521 21 3
450 525 13 3
450 559 23 8
450 582 18 4
455 456 8 3
455 457 38 8
455 458 25 9
455 459 18 8
455 460 21 4
455 461 11 5
455 558 47 5
455 582 14 10
456 457 27 4
456 458 19 8
456 459 1 6
456 462 1 9
456 463 16 2
456 464 18 7
456 465 22 7
456 466 2 1
456 521 32 5
456 559 12 5
456 580 43 10
457 458 41 9
457 459 39 7
457 467 22 5
457 468 29 8
457 469 1 8
457 470 13 8
457 471 19 9
458 387 16 6
458 459 32 9
458 472 5 8
458 473 38 8
458 474 6 3
458 475 13 7
458 481 40 1
458 486 28 10
459 476 34 1
459 477 47 3
459 478 31 2
459 479 24 2
459 525 21 3
460 570 22 1
467 497 49 6
468 538 38 1
471 571 16 1
472 491 46 9
475 512 4 5
479 518 2 4
480 481 9 7
480 482 22 8
480 483 46 2
480 484 1 9
480 485 23 9
480 486 2 10
480 487 17 8
480 488 8 2
480 489 50 5
480 490 5 10
480 491 11 9
481 482 36 8
481 483 31 3
481 484 9 8
481 485 22 1
481 486 22 9
481 487 16 4
481 492 25 7
481 493 13 7
481 526 20 9
482 483 16 7
482 484 21 2
482 485 18 8
482 486 31 5
482 487 45 8
482 494 46 10
482 495 41 3
482 496 31 10
482 497 28 6
482 498 22 1
482 499 19 6
482 500 13 3
483 484 30 6
483 485 50 4
483 486 43 9
483 487 42 4
483 501 17 9
483 525 36 6
483 555 31 7
484 485 33 6
484 486 4 6
484 487 8 5
484 502 43 9
484 503 26 10
484 504 40 8
485 486 43 1
485 487 48 2
485 505 43 4
485 506 18 8
485 507 26 8
485 508 28 7
485 509 39 10
485 510 4 7
485 511 31 3
485 512 5 2
485 513 9 9
485 514 5 3
485 515 40 10
485 582 48 10
486 487 25 8
486 516 16 7
486 517 1 1
486 518 35 3
486 559 12 6
487 519 47 6
487 581 39 4
488 511 26 1
488 546 23 8
491 571 22 3
500 548 8 4
501 516 6 5
515 595 37 10
516 596 27 7
520 521 37 6
520 522 47 7
520 523 21 1
520 524 23 8
520 525 18 2
520 526 36 8
520 527 6 1
521 522 48 7
521 523 44 7
521 524 50 2
521 525 12 1
521 526 41 1
521 528 6 9
521 529 10 1
521 530 2 6
521 531 42 6
521 556 3 6
521 580 4 9
522 523 4 3
522 524 25 1
522 525 17 8
522 526 24 1
522 532 17 2
522 533 35 5
522 534 47 5
522 535 40 9
523 524 19 1
523 525 40 4
523 526 26 6
523 536 27 2
523 537 35 2
524 525 7 6
524 526 40 3
524 538 41 8
524 539 4 4
524 540 23 4
524 541 9 4
524 542 50 3
524 543 7 7
524 556 8 7
525 526 33 2
525 544 16 7
525 545 24 10
525 546 39 9
525 547 20 10
525 548 11 2
526 549 39 5
526 550 8 4
526 551 29 8
526 552 47 2
526 553 21 9
526 554 32 1
526 581 43 5
534 568 40 5
538 592 20 8
547 588 15 9
552 589 50 10
555 556 7 6
555 557 5 9
555 558 15 10
555 559 10 5
555 560 27 5
555 561 34 9
555 562 32 8
555 563 27 7
555 564 38 7
555 581 16 1
556 557 16 8
556 558 5 2
556 559 30 5
556 565 45 3
556 566 47 6
556 567 43 3
557 558 19 2
557 559 41 3
557 568 21 4
558 559 17 2
558 569 24 4
558 570 15 3
558 571 12 8
558 572 48 2
558 573 33 2
558 574 22 8
559 575 11 4
559 576 47 10
559 577 47 1
559 578 22 10
559 579 7 9
559 583 8 6
574 499 33 7
580 581 35 8
580 582 31 5
580 583 43 10
580 584 48 1
580 585 45 4
580 586 21 7
580 587 20 8
580 588 7 6
580 589 33 8
580 590 43 10
580 591 23 6
581 582 37 4
581 583 15 2
581 592 19 8
582 583 8 7
582 593 43 6
582 594 43 9
582 595 48 1
582 596 27 2
582 597 30 5
583 598 25 1
583 599 34 2

0 562 58
1 492 15
2 286 13
3 93 27
4 488 45
5 220 54
6 389 37
7 575 5
8 452 25
9 453 41
10 265 19
11 517 14
12 72 3
13 37 62
14 418 13
15 511 18
16 588 20
17 76 67
18 514 27
19 311 60
20 194 38
21 434 11
22 125 20
23 250 23
24 414 28
25 25 10
26 382 10
27 53 37
28 281 13
29 347 6
30 64 33
31 181 5
32 148 47
33 277 3
34 15 34
35 73 14
36 342 13
37 35 18
38 540 16
39 508 31
40 423 21
41 251 5
42 373 10
43 573 19
44 215 62
45 285 44
46 258 45
47 102 6
48 542 66
49 196 42
50 578 7
51 430 52
52 262 3
53 474 2
54 466 1
55 527 5
56 536 13
57 502 34
58 341 20
59 256 29
60 24 28
61 541 37
62 291 3
63 221 53
64 544 7
65 17 13
66 8 29
67 206 18
68 566 19
69 443 18
70 150 89
71 111 20
72 233 50
73 88 66
74 249 26
75 366 10
76 504 39
77 70 36
78 41 48
79 570 33
80 216 23
81 195 67
82 464 40
83 164 12
84 329 10
85 159 2
86 46 39
87 246 19
88 259 18
89 121 39
90 236 9
91 98 18
92 569 54
93 473 41
94 397 25
95 467 43
96 199 9
97 561 30
98 269 16
99 28 69
100 13 2
101 254 80
102 367 18
103 161 13
104 403 15
105 353 22
106 339 16
107 158 6
108 139 3
109 118 15
110 413 36
111 512 17
112 368 50
113 336 13
114 302 16
115 113 28
116 179 32
117 534 48
118 371 8
119 187 23
120 432 62
121 207 15
122 59 32
123 261 41
124 327 2
125 439 30
126 284 24
127 306 29
128 79 1
129 448 43
130 279 28
131 549 47
132 54 115
133 23 26
134 162 13
135 234 11
136 238 48
137 447 9
138 172 21
139 193 1
140 528 23
141 535 40
142 287 15
143 288 3
144 470 3
145 22 2
146 209 28
147 348 23
148 200 46
149 553 23
150 20 15
151 99 28
152 378 16
153 593 29
154 359 9
155 445 14
156 223 9
157 138 24
158 293 12
159 383 4
160 426 25
161 476 49
162 11 18
163 516 27
164 18 42
165 356 39
166 585 26
167 394 15
168 255 12
169 319 36
170 66 74
171 314 24
172 538 59
173 257 5
174 552 30
175 120 65
176 489 59
177 564 29
178 282 11
179 391 21
180 117 4
181 180 60
182 321 10
183 95 33
184 577 26
185 131 18
186 104 59
187 275 39
188 16 4
189 175 5
190 189 81
191 94 38
192 477 17
193 415 12
194 571 35
195 595 31
196 490 2
197 123 8
198 52 46
199 349 28
200 7 53
201 137 27
202 176 25
203 184 2
204 497 19
205 546 20
206 45 9
207 157 6
208 140 19
209 572 43
210 51 33
211 227 29
212 40 29
213 310 12
214 112 37
215 351 5
216 547 16
217 374 20
218 501 42
219 515 46
220 358 40
221 132 27
222 543 29
223 401 2
224 266 8
225 380 54
226 177 46
227 43 6
228 204 13
229 50 6
230 307 11
231 416 21
232 101 54
233 305 14
234 325 19
235 29 22
236 519 17
237 278 2
238 48 29
239 228 11
