600 1792 240

0 25 200
1 50 500
2 75 800
3 100 1200
4 125 1700
5 150 2300
6 175 3000
7 200 3800
8 225 4600
9 250 5500

0 1500
1 1500
2 1500
3 1500
4 1500
5 2000
6 2000
7 2000
8 2000
9 2000
10 1500
11 2000
12 1000
13 2000
14 1000
15 2000
16 2000
17 1500
18 1500
19 2000
20 2000
21 2000
22 2000
23 1000
24 1500
25 1500
26 1500
27 1500
28 1500
29 1000
30 2000
31 1000
32 1500
33 1000
34 1000
35 2000
36 1500
37 2000
38 2000
39 2000
40 2000
41 1500
42 1500
43 1000
44 1000
45 2000
46 1000
47 2000
48 1500
49 1500
50 1500
51 1500
52 2000
53 2000
54 2000
55 1000
56 2000
57 1000
58 1500
59 1500
60 1500
61 2000
62 2000
63 2000
64 2000
65 1500
66 2000
67 1000
68 1000
69 1000
70 1000
71 1500
72 1500
73 1500
74 500
75 2000
76 2000
77 2000
78 1500
79 1000
80 2000
81 2000
82 1500
83 2000
84 2000
85 1500
86 1000
87 1500
88 2000
89 2000
90 1500
91 1500
92 1500
93 1000
94 2000
95 1500
96 1500
97 1500
98 1500
99 1500
100 2000
101 1000
102 1000
103 2000
104 1000
105 1000
106 2000
107 1000
108 2000
109 2000
110 1000
111 2000
112 2000
113 1000
114 1000
115 1500
116 2000
117 1500
118 1000
119 2000
120 1500
121 1500
122 2000
123 2000
124 2000
125 1000
126 2000
127 2000
128 1500
129 1000
130 1500
131 1500
132 1500
133 1500
134 1500
135 1000
136 1500
137 1500
138 1000
139 2000
140 1500
141 2000
142 1500
143 1000
144 1500
145 1500
146 2000
147 2000
148 1500
149 1000
150 2000
151 2000
152 1000
153 2000
154 1500
155 500
156 1500
157 500
158 2000
159 2000
160 2000
161 1000
162 1500
163 1000
164 1000
165 1500
166 1500
167 2000
168 1500
169 1000
170 2000
171 1500
172 1000
173 1500
174 1000
175 1500
176 1500
177 1500
178 1000
179 1500
180 1500
181 1000
182 2000
183 2000
184 1000
185 2000
186 2000
187 2000
188 2000
189 1000
190 1500
191 1500
192 1500
193 2000
194 1500
195 1500
196 2000
197 2000
198 2000
199 1000
200 2000
201 1000
202 2000
203 1000
204 1000
205 1000
206 1500
207 1500
208 1000
209 500
210 500
211 1500
212 500
213 2000
214 1500
215 1500
216 2000
217 2000
218 1000
219 2000
220 1500
221 1500
222 1500
223 1500
224 1500
225 1500
226 1500
227 1500
228 1000
229 2000
230 1500
231 1500
232 1000
233 2000
234 2000
235 1500
236 2000
237 2000
238 2000
239 2000
240 2000
241 1000
242 1500
243 2000
244 2000
245 1500
246 2000
247 1500
248 1000
249 2000
250 1500
251 1500
252 2000
253 1500
254 2000
255 1500
256 1500
257 1500
258 1500
259 1500
260 2000
261 2000
262 1000
263 2000
264 2000
265 2000
266 2000
267 2000
268 2000
269 1000
270 2000
271 2000
272 1500
273 2000
274 1000
275 2000
276 1500
277 1000
278 1000
279 1500
280 1500
281 1500
282 1500
283 1500
284 2000
285 1500
286 2000
287 1000
288 2000
289 2000
290 2000
291 2000
292 2000
293 2000
294 2000
295 1000
296 1000
297 1500
298 2000
299 1000
300 1500
301 1500
302 1000
303 2000
304 1000
305 2000
306 1000
307 1000
308 2000
309 1000
310 1500
311 1500
312 1000
313 2000
314 2000
315 2000
316 1500
317 1500
318 1000
319 2000
320 1500
321 1000
322 1500
323 1500
324 1500
325 1500
326 2000
327 2000
328 1500
329 2000
330 1500
331 2000
332 2000
333 2000
334 1000
335 1000
336 2000
337 2000
338 1500
339 2000
340 1000
341 1000
342 2000
343 2000
344 2000
345 1500
346 1000
347 1000
348 1000
349 2000
350 1500
351 1500
352 1000
353 1500
354 1500
355 1500
356 1500
357 1500
358 2000
359 2000
360 1500
361 2000
362 2000
363 1500
364 2000
365 2000
366 2000
367 1500
368 1000
369 1000
370 2000
371 2000
372 1000
373 2000
374 2000
375 2000
376 2000
377 2000
378 2000
379 2000
380 2000
381 1500
382 2000
383 2000
384 2000
385 1500
386 2000
387 2000
388 1000
389 1000
390 1500
391 1500
392 1000
393 1500
394 1500
395 1000
396 1500
397 1500
398 2000
399 2000
400 1000
401 2000
402 2000
403 1500
404 500
405 1000
406 2000
407 2000
408 2000
409 2000
410 1500
411 1500
412 2000
413 2000
414 2000
415 500
416 2000
417 1000
418 1000
419 1000
420 2000
421 1500
422 1000
423 2000
424 1000
425 2000
426 1500
427 2000
428 2000
429 1500
430 1500
431 1000
432 1500
433 1500
434 1500
435 1000
436 2000
437 1000
438 500
439 1500
440 2000
441 2000
442 2000
443 1500
444 2000
445 2000
446 1000
447 1500
448 1000
449 2000
450 1000
451 2000
452 1500
453 1000
454 2000
455 1500
456 1500
457 1500
458 1500
459 1000
460 2000
461 1000
462 1500
463 2000
464 1000
465 1500
466 2000
467 1000
468 2000
469 2000
470 1000
471 1500
472 1000
473 2000
474 2000
475 1500
476 1500
477 1500
478 1000
479 2000
480 1000
481 2000
482 2000
483 2000
484 2000
485 1000
486 1500
487 2000
488 1500
489 2000
490 2000
491 1000
492 1000
493 500
494 1500
495 1500
496 1500
497 1500
498 1500
499 2000
500 1000
501 1000
502 2000
503 1000
504 1000
505 1000
506 1000
507 1000
508 2000
509 2000
510 1500
511 1500
512 1500
513 1500
514 1500
515 1500
516 1500
517 1000
518 1000
519 1000
520 2000
521 1000
522 1500
523 2000
524 1000
525 1500
526 2000
527 2000
528 2000
529 1000
530 2000
531 1000
532 1000
533 2000
534 1000
535 1500
536 1500
537 1500
538 1000
539 2000
540 2000
541 2000
542 2000
543 1000
544 2000
545 1500
546 1000
547 1500
548 1500
549 1500
550 1500
551 2000
552 1500
553 1000
554 1500
555 2000
556 1000
557 1500
558 2000
559 1000
560 2000
561 2000
562 1000
563 1000
564 2000
565 1000
566 2000
567 2000
568 2000
569 2000
570 1000
571 2000
572 1000
573 2000
574 2000
575 1500
576 1500
577 1500
578 1500
579 1500
580 2000
581 2000
582 1500
583 2000
584 1000
585 1000
586 2000
587 1500
588 1000
589 2000
590 2000
591 1000
592 2000
593 1500
594 2000
595 2000
596 1000
597 1000
598 2000
599 1500

0 1 22 6
0 2 25 2
0 3 36 8
0 4 15 9
0 5 38 8
0 6 41 9
0 27 29 3
0 131 44 2
0 133 11 1
0 207 10 1
0 255 29 5
0 257 4 4
0 547 38 2
0 575 33 6
1 2 8 3
1 3 19 10
1 4 7 2
1 7 5 5
1 8 19 8
1 9 46 4
1 10 11 8
1 11 21 7
1 65 5 8
1 165 10 7
1 175 4 6
1 225 42 8
1 281 33 6
1 301 5 4
1 310 46 10
1 322 16 5
1 352 37 9
1 475 34 5
1 478 23 7
1 495 1 4
1 496 30 9
1 550 12 4
1 575 44 9
2 3 36 9
2 4 11 1
2 12 49 7
2 13 43 6
2 14 2 5
2 70 8 7
2 95 37 10
2 207 15 9
2 322 18 9
2 385 34 10
2 455 4 7
2 456 48 8
2 514 33 10
3 4 41 6
3 15 31 9
3 16 20 3
3 17 8 5
3 18 43 2
3 19 40 7
3 26 5 3
3 51 50 8
3 60 4 4
3 72 30 3
3 85 47 5
3 121 35 8
3 220 33 6
3 310 1 1
3 385 24 9
3 431 28 5
3 432 38 10
3 514 44 2
4 20 21 1
4 21 19 5
4 22 4 7
4 23 40 4
4 24 39 5
4 51 26 5
4 60 35 2
4 85 44 8
4 90 2 9
4 95 45 4
4 120 26 10
4 166 33 1
4 180 32 3
4 301 16 5
4 355 41 7
4 394 5 4
4 395 21 4
6 250 42 10
6 360 35 3
6 586 12 9
7 47 39 5
8 49 11 6
8 173 37 5
9 586 38 8
10 216 36 1
13 249 13 9
14 422 19 8
16 235 48 4
17 374 20 10
18 33 38 9
18 383 42 1
19 465 47 9
20 253 34 9
21 490 2 6
21 530 31 9
23 245 15 2
24 39 14 9
25 26 15 6
25 27 42 1
25 28 32 7
25 29 13 10
25 30 35 2
25 31 38 1
25 32 28 9
25 33 28 9
25 34 11 10
25 35 29 1
25 36 29 10
25 37 9 9
25 60 37 7
25 65 45 5
25 221 48 2
25 323 3 3
25 385 18 9
25 477 6 9
25 495 27 6
26 27 2 8
26 28 14 5
26 29 28 8
26 38 40 10
26 50 5 7
26 65 48 10
26 90 16 8
26 97 30 9
26 256 27 8
26 282 19 6
26 431 21 9
26 458 43 3
26 475 13 8
27 28 5 6
27 29 37 3
27 39 26 7
27 40 19 7
27 41 25 3
27 42 8 1
27 72 23 5
27 90 11 6
27 121 8 4
27 130 6 2
27 166 23 5
27 178 34 9
27 207 23 4
27 300 17 7
27 301 2 8
27 356 50 10
27 394 28 4
27 512 3 8
28 29 28 3
28 43 19 4
28 44 41 2
28 45 50 9
28 46 17 1
28 47 18 3
28 71 16 10
28 133 30 9
28 165 43 10
28 180 47 2
28 206 9 7
28 255 21 10
28 283 6 7
28 311 5 9
28 392 12 9
28 457 27 4
28 548 20 5
28 549 10 9
28 577 24 8
29 48 49 8
29 49 9 8
29 51 37 4
29 85 11 2
29 96 38 8
29 221 8 3
29 324 18 9
29 355 34 8
29 385 27 1
29 430 17 5
29 495 11 5
29 516 41 5
29 576 41 4
31 161 37 10
32 182 2 10
32 260 17 8
32 538 9 6
34 67 43 7
36 114 39 8
36 363 36 6
36 389 14 1
36 528 29 4
37 590 2 2
38 53 42 1
38 261 31 10
40 540 45 1
41 507 2 4
41 586 14 6
42 109 8 9
42 317 49 2
47 251 22 5
47 462 39 2
48 292 43 1
49 249 45 4
50 51 34 8
50 52 48 5
50 53 49 2
50 60 44 4
50 65 49 7
50 71 8 7
50 85 47 10
50 96 41 4
50 99 26 5
50 134 46 5
50 175 25 7
50 206 44 4
50 225 49 4
50 258 33 6
50 259 3 2
50 282 10 6
50 301 13 6
50 310 1 8
50 325 27 4
50 353 25 6
50 354 33 4
50 385 23 10
50 432 43 5
50 456 8 9
50 457 11 8
50 511 14 6
50 549 41 6
50 579 49 10
51 54 49 10
51 55 48 9
51 56 40 7
51 57 7 3
51 58 27 8
51 59 3 4
51 60 13 9
51 71 19 9
51 90 14 1
51 121 42 3
51 132 24 7
51 165 21 2
51 166 14 6
51 177 43 8
51 224 14 1
51 281 17 7
51 301 10 4
51 310 42 4
51 323 8 6
51 385 47 9
51 397 1 4
51 475 45 9
51 478 35 6
51 497 32 2
51 516 30 5
51 550 27 4
51 575 36 8
52 61 4 9
52 145 32 2
52 314 3 9
53 117 35 2
55 306 33 3
58 555 31 5
59 290 26 9
60 61 24 6
60 62 44 4
60 63 17 2
60 64 21 6
60 65 45 4
60 70 16 10
60 85 47 5
60 90 40 2
60 95 5 4
60 98 44 10
60 121 43 3
60 134 33 6
60 135 22 4
60 166 39 8
60 176 46 4
60 205 21 10
60 222 2 3
60 223 21 9
60 256 25 8
60 257 10 3
60 281 24 10
60 282 41 1
60 300 12 5
60 301 10 2
60 311 44 1
60 320 20 6
60 324 16 5
60 350 48 10
60 356 25 3
60 385 13 8
60 392 22 10
60 396 44 10
60 434 1 2
60 455 30 8
60 456 20 6
60 476 33 2
60 477 41 3
60 495 12 3
60 496 30 7
60 514 39 1
60 516 12 4
60 546 37 6
60 549 25 5
60 577 15 1
60 579 11 4
61 211 11 7
65 66 45 4
65 67 7 7
65 68 25 6
65 69 10 3
65 71 49 1
65 85 5 6
65 90 10 4
65 99 44 5
65 120 9 1
65 130 41 9
65 131 33 8
65 166 35 10
65 176 26 10
65 177 19 2
65 206 37 1
65 207 38 7
65 223 26 9
65 226 42 7
65 257 4 4
65 259 45 8
65 280 44 10
65 282 29 5
65 300 36 4
65 301 42 6
65 310 17 7
65 311 19 8
65 324 22 2
65 325 7 1
65 351 1 9
65 355 13 2
65 385 2 6
65 395 21 4
65 396 42 4
65 432 33 1
65 434 45 2
65 456 45 6
65 457 35 2
65 475 45 1
65 478 4 5
65 495 21 4
65 496 26 6
65 514 47 7
65 515 46 4
65 545 3 2
65 547 14 9
65 576 43 8
65 577 50 9
66 100 34 9
66 231 1 5
68 168 8 3
70 71 44 6
70 72 47 5
70 73 33 10
70 74 2 9
70 85 5 10
70 132 14 4
70 166 21 9
70 175 16 1
70 179 32 7
70 207 33 3
70 258 6 9
70 259 40 8
70 280 45 4
70 300 15 7
70 311 41 9
70 323 32 1
70 432 50 5
70 458 45 1
70 549 11 6
70 550 12 2
70 576 8 4
71 72 42 7
71 75 40 4
71 76 31 6
71 77 40 10
71 78 19 5
71 79 43 2
71 80 45 10
71 90 40 6
71 99 38 5
71 121 24 1
71 165 22 3
71 207 7 8
71 223 8 9
71 281 3 5
71 301 8 9
71 385 6 10
71 397 31 4
71 456 40 1
71 477 26 10
71 497 2 3
71 514 34 7
71 578 11 5
72 81 37 5
72 82 42 5
72 83 7 5
72 84 45 5
72 85 11 1
72 96 15 10
72 121 30 4
72 136 13 9
72 220 37 1
72 320 39 5
72 350 42 5
72 356 19 5
72 385 33 7
72 395 29 2
72 430 7 6
72 476 33 3
72 497 15 6
72 514 25 6
73 327 40 3
76 214 45 10
76 373 21 4
77 298 49 1
78 379 3 6
78 580 42 5
81 367 45 7
82 290 8 8
83 103 16 2
83 190 7 3
83 535 3 5
84 156 50 8
84 162 20 3
84 537 37 2
84 557 14 3
85 86 44 9
85 87 42 4
85 88 25 4
85 89 22 10
85 90 24 5
85 97 42 4
85 98 39 6
85 121 33 6
85 130 50 9
85 133 22 10
85 165 25 7
85 166 3 4
85 175 39 8
85 180 38 7
85 205 42 6
85 206 5 2
85 220 49 8
85 224 12 4
85 255 47 6
85 256 47 5
85 280 21 9
85 282 5 3
85 300 21 6
85 301 3 4
85 311 29 3
85 324 18 9
85 325 13 10
85 351 47 4
85 356 4 4
85 385 30 1
85 391 3 6
85 392 22 8
85 431 31 1
85 432 3 5
85 455 48 10
85 457 27 7
85 478 24 10
85 495 25 7
85 497 17 3
85 512 43 9
85 514 18 2
85 545 39 9
85 546 38 7
85 577 9 7
85 579 15 9
86 247 24 3
86 557 11 5
87 122 45 7
87 482 40 10
87 582 32 6
88 94 12 8
88 377 27 6
90 91 49 4
90 92 37 10
90 93 40 10
90 94 29 1
90 95 25 9
90 97 13 5
90 120 46 1
90 131 49 10
90 132 17 8
90 165 12 2
90 166 36 8
90 176 17 10
90 205 34 2
90 220 30 1
90 223 13 10
90 255 38 2
90 257 3 2
90 282 17 2
90 283 38 9
90 300 49 7
90 310 33 9
90 311 39 1
90 321 39 2
90 350 27 6
90 356 17 7
90 385 45 10
90 395 4 2
90 397 18 6
90 430 33 2
90 432 46 7
90 456 34 8
90 458 37 1
90 475 20 8
90 478 21 7
90 495 10 7
90 496 26 3
90 510 3 9
90 511 31 9
90 545 6 1
90 547 6 4
90 577 1 4
90 579 3 10
91 254 25 5
91 471 5 1
92 292 48 10
94 291 9 5
95 96 12 6
95 97 19 3
95 98 32 7
95 99 13 8
95 100 15 7
95 101 42 3
95 221 22 1
95 396 35 7
95 432 16 10
95 511 20 1
95 512 5 2
96 97 1 9
96 98 21 4
96 99 38 5
96 102 14 9
96 103 1 2
96 120 12 4
96 121 40 6
96 136 24 2
96 166 38 3
96 206 13 6
96 256 15 2
96 310 8 9
96 475 11 2
96 547 7 7
97 98 31 10
97 99 7 4
97 104 30 8
97 105 10 4
97 106 29 9
97 107 7 7
97 108 8 3
97 109 27 6
97 110 38 4
97 165 39 7
97 178 14 4
97 257 12 4
97 281 39 3
97 300 1 6
97 321 1 10
97 322 19 2
97 385 36 10
97 455 39 8
97 497 24 7
97 578 10 1
98 99 41 10
98 111 14 5
98 112 16 9
98 113 26 7
98 114 9 5
98 115 35 2
98 116 37 7
98 117 47 6
98 207 47 10
98 224 26 4
98 351 40 10
98 356 13 2
98 385 50 5
98 431 8 4
98 477 45 10
98 549 28 10
99 118 50 3
99 119 37 4
99 130 32 10
99 180 11 5
99 301 39 6
99 310 45 5
99 395 48 2
99 458 14 8
99 576 27 9
103 466 9 6
105 518 8 4
112 290 12 8
114 194 49 4
115 284 8 5
116 238 14 9
119 558 41 5
119 582 32 3
120 121 48 9
120 122 1 8
120 123 3 4
120 124 1 6
120 125 13 5
120 126 22 8
120 134 33 9
120 166 3 5
120 175 38 9
120 178 23 10
120 207 28 3
120 223 37 9
120 258 31 6
120 280 6 2
120 311 26 4
120 321 29 7
120 353 34 6
120 391 13 7
120 396 45 9
120 432 22 10
120 458 45 7
120 475 18 6
120 496 44 10
120 514 10 5
120 545 15 1
120 546 40 4
121 127 16 1
121 128 3 6
121 129 3 3
121 132 34 9
121 166 9 8
121 205 15 1
121 220 20 10
121 257 6 1
121 280 3 3
121 300 43 9
121 301 41 5
121 321 17 8
121 385 21 9
121 433 8 7
121 457 21 4
121 497 50 9
121 515 34 10
121 575 32 1
121 576 46 7
123 447 20 9
124 471 10 3
125 443 3 9
128 520 35 4
128 566 7 7
130 131 39 1
130 132 49 4
130 133 50 2
130 134 34 9
130 135 20 1
130 136 28 9
130 137 11 7
130 138 41 9
130 222 44 5
130 458 47 9
130 468 3 4
130 511 25 8
130 575 16 7
131 132 43 10
131 133 37 3
131 134 6 6
131 135 38 5
131 136 23 2
131 139 27 9
131 140 25 6
131 141 43 7
131 166 9 9
131 259 2 5
131 311 46 4
131 354 1 6
131 355 27 3
131 495 28 10
132 133 44 1
132 134 46 8
132 135 11 7
132 136 29 8
132 142 5 10
132 143 21 2
132 144 6 3
132 145 11 7
132 146 50 6
132 205 49 5
132 255 12 6
132 280 49 9
132 394 23 6
132 433 19 5
132 458 27 6
132 475 2 5
133 134 50 2
133 135 17 2
133 136 28 1
133 147 8 3
133 148 26 4
133 149 23 6
133 150 7 1
133 151 10 3
133 152 5 5
133 176 23 1
133 300 7 7
133 301 24 9
133 311 47 10
133 393 30 10
133 515 21 8
134 135 27 7
134 136 13 7
134 153 1 9
134 154 11 1
134 177 9 8
134 478 39 3
134 546 5 7
135 136 13 1
135 155 6 10
135 156 18 10
135 157 48 6
135 323 34 2
135 495 10 3
136 158 25 7
136 159 8 7
136 160 50 5
136 161 35 2
136 162 9 3
136 163 12 6
136 164 21 1
136 165 30 10
136 205 42 2
136 224 14 4
136 281 41 7
136 322 48 7
136 385 32 3
136 433 27 6
136 514 33 8
136 546 35 3
136 575 2 1
137 386 9 1
138 328 42 10
138 471 19 6
139 187 41 3
139 191 3 1
140 289 44 7
140 450 42 5
141 336 50 9
141 489 23 8
142 291 33 1
144 335 13 4
144 571 28 4
145 291 39 9
147 211 41 9
148 303 29 7
151 401 9 7
153 168 21 6
153 359 4 8
154 374 1 3
155 472 26 9
158 523 37 9
159 236 31 5
160 215 40 4
162 237 7 3
162 296 34 8
162 523 9 5
164 317 34 5
165 166 31 7
165 167 18 2
165 168 9 2
165 169 6 3
165 175 12 5
165 206 25 5
165 222 17 7
165 256 13 1
165 280 14 4
165 282 33 6
165 311 42 4
165 385 19 1
165 457 22 1
165 495 14 8
165 516 8 5
166 170 48 3
166 171 19 9
166 172 45 5
166 173 23 1
166 174 3 7
166 180 47 7
166 205 34 4
166 220 30 7
166 256 2 4
166 301 46 2
166 320 5 3
166 324 48 3
166 350 31 10
166 356 42 8
166 391 38 6
166 394 8 1
166 430 13 9
166 431 32 2
166 456 42 5
166 476 29 4
166 478 40 5
166 495 9 1
166 516 26 5
166 545 19 3
166 576 14 7
167 554 4 7
168 537 48 8
171 567 43 2
173 196 4 10
175 176 27 3
175 177 25 9
175 178 27 10
175 179 42 4
175 180 49 7
175 181 48 3
175 182 1 10
175 183 6 8
175 184 35 6
175 185 40 1
175 186 3 8
175 187 15 3
175 283 26 3
175 310 38 3
175 458 39 10
175 512 21 10
175 550 18 3
176 177 43 3
176 178 43 8
176 179 18 8
176 180 49 2
176 188 42 8
176 189 17 5
176 190 20 3
176 191 47 8
176 205 21 1
176 350 48 8
176 390 29 1
176 430 34 1
176 497 18 6
177 178 34 7
177 179 44 3
177 180 7 5
177 192 48 1
177 193 45 3
177 194 38 6
177 226 26 4
177 255 12 5
177 300 5 10
177 393 17 8
177 431 15 2
177 547 6 4
178 179 36 7
178 180 39 4
178 195 2 8
178 206 31 7
178 221 28 3
178 300 12 10
178 310 13 5
178 325 32 2
178 576 10 2
179 180 34 8
179 196 46 10
179 197 38 6
179 198 13 6
179 280 47 10
179 322 47 2
179 385 17 2
179 458 38 9
179 476 27 4
179 516 22 9
180 199 48 4
180 200 17 4
180 201 44 3
180 202 13 9
180 203 15 4
180 204 47 1
180 255 13 8
180 350 29 1
180 385 42 5
180 478 49 7
180 497 48 4
180 579 37 10
181 591 14 4
182 365 48 9
185 303 3 6
186 401 18 9
187 245 26 10
187 445 8 1
187 490 34 10
187 499 8 4
188 590 9 2
190 460 29 2
192 313 34 5
193 342 3 10
194 329 34 3
195 428 17 3
196 286 18 9
203 584 42 5
205 206 16 7
205 207 10 7
205 208 19 10
205 209 25 3
205 210 5 6
205 211 14 10
205 212 3 2
205 255 37 8
205 259 44 3
205 281 19 2
205 325 26 8
205 350 49 10
205 458 25 9
205 496 38 6
205 575 1 10
206 207 18 4
206 213 30 10
206 214 27 6
206 215 14 4
206 221 47 9
206 225 44 1
206 283 49 3
206 300 25 8
206 310 30 3
206 311 42 3
206 320 26 10
206 385 36 4
206 391 34 6
206 397 35 4
206 432 34 9
206 475 33 9
206 478 12 3
206 513 48 7
206 550 9 2
207 216 20 1
207 217 26 8
207 218 14 3
207 219 9 5
207 300 4 2
207 350 38 2
207 385 47 10
207 432 47 4
207 458 10 2
207 497 8 8
207 510 37 5
207 547 23 9
207 578 38 9
208 272 21 4
214 454 46 3
215 369 2 8
215 377 4 2
215 481 9 10
216 297 11 10
217 272 43 2
219 411 38 9
220 221 24 3
220 222 12 7
220 223 46 10
220 224 20 3
220 225 33 3
220 226 7 8
220 227 7 1
220 228 47 4
220 229 10 1
220 230 37 2
220 257 42 4
220 385 45 4
220 432 44 2
220 456 21 7
221 222 31 9
221 223 8 2
221 224 24 2
221 225 22 8
221 226 19 1
221 231 39 4
221 232 2 4
221 233 47 3
221 234 7 2
221 235 27 1
221 325 4 9
221 351 5 2
221 390 29 5
221 392 28 8
221 497 1 9
221 549 41 4
222 223 24 3
222 224 4 2
222 225 23 2
222 226 8 10
222 236 33 6
222 237 44 7
222 238 12 3
222 310 20 7
222 432 42 2
222 514 49 7
223 224 5 6
223 225 6 10
223 226 42 1
223 239 45 8
223 240 44 10
223 241 24 8
223 256 33 1
223 300 14 5
223 311 42 2
223 475 26 1
223 576 50 1
224 225 10 4
224 226 15 9
224 242 47 2
224 243 45 5
224 244 15 8
224 245 42 6
224 246 17 10
224 280 2 1
224 283 18 9
225 226 34 3
225 247 21 4
225 248 37 10
225 249 2 6
225 300 17 4
225 322 38 1
225 496 40 5
225 515 29 9
226 250 10 1
226 251 11 10
226 252 4 3
226 253 23 3
226 254 10 5
226 350 12 6
226 385 2 7
226 457 24 2
226 476 7 6
226 550 36 1
226 579 14 10
227 371 45 4
227 506 38 4
228 389 48 9
229 245 10 7
230 362 30 10
231 553 32 6
234 590 23 8
240 528 5 8
242 359 22 5
243 247 17 5
243 381 41 5
243 383 24 8
243 509 27 6
245 274 5 9
246 487 12 6
246 582 42 8
254 373 31 4
254 376 29 3
255 256 15 9
255 257 3 6
255 258 45 3
255 259 37 2
255 260 42 6
255 261 25 9
255 262 39 9
255 263 6 10
255 264 38 6
255 265 38 2
255 392 12 5
255 393 22 6
255 431 50 6
255 496 31 2
255 513 19 5
256 257 10 6
256 258 34 6
256 259 23 9
256 266 35 1
256 267 40 1
256 310 44 10
256 385 50 2
256 432 12 6
256 514 2 5
256 547 38 6
256 575 26 4
257 258 15 8
257 259 4 10
257 268 22 3
257 269 44 3
257 270 6 6
257 271 7 9
257 300 1 7
257 325 37 9
258 259 10 8
258 272 1 5
258 273 36 1
258 274 6 5
258 300 23 3
258 310 24 6
258 354 23 3
258 495 18 4
258 550 42 8
258 576 30 5
259 275 2 8
259 276 17 3
259 277 1 7
259 278 35 4
259 279 17 8
259 281 32 5
259 283 6 1
259 323 35 8
259 351 18 6
259 456 48 1
259 458 32 8
259 475 39 4
259 477 14 4
260 285 8 2
264 451 27 10
265 338 15 4
266 488 30 6
267 376 8 8
268 528 10 4
269 522 43 1
271 331 8 10
271 533 20 3
275 594 5 6
276 402 9 8
276 479 48 7
278 519 13 2
279 289 32 6
280 281 1 8
280 282 49 2
280 283 12 6
280 284 11 6
280 285 36 9
280 286 29 1
280 300 23 10
280 301 16 5
280 393 4 10
280 458 36 1
280 476 6 8
280 546 7 7
281 282 44 3
281 283 31 7
281 287 22 7
281 288 10 7
281 289 4 5
281 290 6 7
281 324 1 10
281 355 21 7
281 431 6 9
281 478 41 6
281 546 27 9
281 577 35 10
282 283 46 4
282 291 3 2
282 292 47 1
282 293 9 7
282 294 35 1
282 295 44 2
282 310 36 3
282 385 48 6
282 391 10 7
282 496 23 8
282 512 46 10
282 575 23 7
283 296 32 5
283 297 7 6
283 298 36 6
283 299 47 9
283 322 20 5
283 385 39 2
283 431 35 8
283 457 4 2
283 496 42 8
283 510 24 3
286 403 2 4
295 453 1 1
297 362 35 4
297 551 38 10
300 301 47 1
300 302 5 10
300 303 45 8
300 311 45 2
300 355 37 6
300 430 26 9
300 456 22 9
300 495 48 7
300 576 26 8
301 304 15 5
301 305 41 6
301 306 1 2
301 307 41 1
301 308 6 9
301 309 17 2
301 311 49 4
301 323 36 5
301 355 39 9
301 385 43 10
301 390 40 4
301 396 33 8
301 430 46 6
301 457 40 4
301 477 17 3
301 478 15 2
301 497 9 1
301 510 2 3
301 512 36 1
301 547 26 10
301 550 36 3
301 577 32 8
303 363 12 4
307 486 20 3
310 311 35 6
310 312 42 9
310 313 6 5
310 314 6 5
310 315 47 10
310 316 4 6
310 317 5 3
310 324 22 10
310 385 31 3
310 431 49 10
310 458 3 1
310 475 7 7
310 495 21 1
310 497 14 3
310 515 14 6
310 546 9 2
310 549 45 2
310 577 15 7
311 318 1 5
311 319 13 4
311 325 17 4
311 350 33 4
311 385 11 5
311 392 15 4
311 393 8 7
311 434 7 10
311 457 39 9
311 476 7 3
311 511 12 4
311 577 25 2
314 413 17 1
316 329 5 1
317 483 3 10
319 384 48 9
320 321 44 8
320 322 43 4
320 323 41 3
320 324 41 2
320 325 48 6
320 326 18 2
320 327 4 7
320 328 43 1
320 329 25 2
320 352 17 9
320 550 14 1
320 578 47 2
321 322 6 9
321 323 8 8
321 324 48 3
321 325 31 10
321 330 31 6
321 432 36 2
321 434 11 1
321 456 11 9
321 512 20 2
322 323 32 6
322 324 45 5
322 325 30 2
322 331 10 6
322 332 34 10
322 333 47 10
322 334 31 1
322 385 45 4
322 393 42 2
323 324 28 6
323 325 8 4
323 335 1 1
323 336 30 7
323 337 4 9
323 338 23 6
323 339 47 5
323 340 30 6
323 341 3 3
323 394 7 10
323 495 43 10
324 325 28 3
324 342 49 2
324 343 33 3
324 344 16 9
324 351 39 3
324 385 26 3
324 475 31 4
324 550 39 8
324 578 37 3
325 345 15 4
325 346 2 2
325 347 30 9
325 348 19 7
325 349 14 1
325 457 28 2
325 478 27 7
325 495 32 4
325 515 1 1
328 498 5 3
328 598 32 9
329 525 30 7
329 555 33 5
330 416 29 1
331 423 41 10
331 436 8 1
334 429 36 10
338 466 4 5
342 375 14 7
343 440 21 5
344 410 48 3
344 426 27 4
344 483 36 6
345 502 50 6
345 561 14 6
346 553 8 4
349 362 4 5
350 351 15 4
350 352 7 2
350 353 30 9
350 354 48 3
350 355 14 9
350 356 13 8
350 357 20 4
350 358 29 5
350 359 18 7
350 391 7 2
350 478 9 5
350 550 39 8
350 577 32 1
351 352 39 4
351 353 36 2
351 354 45 10
351 355 27 2
351 356 29 9
351 360 42 6
351 361 39 8
351 362 28 2
351 363 22 10
351 364 48 8
351 365 36 2
351 366 18 7
351 457 48 9
351 496 12 4
351 511 4 4
351 513 2 5
351 576 39 7
352 353 5 5
352 354 3 6
352 355 37 5
352 356 37 3
352 367 8 7
352 385 3 8
352 391 50 4
353 354 5 7
353 355 46 7
353 356 3 4
353 368 21 3
353 369 40 3
353 370 44 1
353 385 25 1
354 355 11 5
354 356 9 10
354 371 27 4
354 372 21 5
354 373 20 5
354 374 36 6
354 478 1 3
355 356 9 8
355 375 20 1
355 376 12 2
355 377 3 3
355 378 29 6
355 379 34 3
355 380 26 3
355 430 39 8
355 432 27 4
356 381 15 9
356 382 6 6
356 383 45 8
356 384 24 8
356 457 9 7
356 545 4 9
357 544 42 1
359 590 30 9
364 508 7 7
366 411 43 9
367 551 27 6
368 472 44 9
369 388 5 8
369 492 32 7
370 403 33 2
371 593 6 2
372 470 41 6
374 452 25 3
375 527 45 6
375 564 25 9
380 486 48 6
385 386 19 6
385 387 47 1
385 388 13 2
385 389 11 5
385 392 13 4
385 397 49 3
385 432 21 10
385 433 15 7
385 455 3 7
385 457 41 4
385 476 25 6
385 477 24 8
385 495 8 10
385 497 45 6
385 514 20 8
385 516 25 2
385 548 14 1
385 549 48 9
385 577 29 2
386 421 48 1
387 595 44 4
388 503 26 7
388 518 43 2
389 467 28 1
390 391 8 7
390 392 24 4
390 393 14 1
390 394 37 3
390 395 16 5
390 396 26 9
390 397 38 10
390 398 8 8
390 399 1 6
390 434 39 1
390 550 38 1
391 392 35 4
391 393 34 4
391 394 2 3
391 395 28 10
391 396 20 7
391 397 42 5
391 400 14 1
391 401 30 6
391 402 14 7
391 403 43 4
391 546 23 2
392 393 2 3
392 394 40 1
392 395 26 3
392 396 10 3
392 397 50 6
392 404 44 3
392 405 27 4
392 496 12 10
392 513 39 8
393 394 38 8
393 395 36 9
393 396 50 4
393 397 46 8
393 406 45 8
393 407 46 9
393 408 25 2
393 409 6 2
393 477 22 2
393 497 21 2
393 513 14 7
394 395 16 2
394 396 5 4
394 397 7 7
394 410 31 2
394 411 19 6
394 412 4 1
394 413 19 6
394 414 8 4
394 458 13 2
394 578 7 4
395 396 11 10
395 397 37 9
395 415 45 4
395 455 6 8
396 397 31 9
396 416 2 2
396 417 30 6
396 418 49 10
396 419 4 9
396 420 31 4
396 421 37 2
396 578 28 6
397 422 38 2
397 423 14 8
397 424 47 9
397 425 2 10
397 426 1 6
397 427 34 6
397 428 36 8
397 429 7 8
397 477 15 8
398 489 32 2
398 574 32 7
402 552 41 5
405 411 38 4
406 539 28 5
407 445 28 6
410 436 34 9
410 553 14 8
411 599 13 4
421 472 3 9
422 537 12 2
423 580 4 3
429 481 48 4
430 431 43 1
430 432 9 3
430 433 36 2
430 434 28 10
430 435 35 4
430 436 16 6
430 437 12 1
430 575 29 10
431 432 29 5
431 433 45 6
431 434 31 3
431 438 30 10
431 439 50 10
431 458 39 1
431 545 38 7
431 578 27 5
432 433 34 3
432 434 18 1
432 440 26 1
432 441 29 8
432 442 31 7
432 443 7 1
432 476 12 8
432 496 21 3
432 515 14 5
433 434 38 8
433 444 19 6
433 445 11 8
433 446 48 4
433 447 18 4
433 448 21 2
433 449 46 5
433 458 23 4
433 478 30 6
433 496 26 2
433 513 2 10
434 450 40 1
434 451 7 4
434 452 16 8
434 453 3 2
434 454 44 7
434 550 20 6
436 527 7 4
436 599 34 4
439 555 6 10
443 454 22 9
447 484 37 2
452 464 10 3
455 456 42 8
455 457 6 8
455 458 23 10
455 459 6 1
455 460 9 8
455 461 38 5
455 510 15 2
455 516 17 8
455 578 6 4
456 457 45 2
456 458 26 4
456 462 49 6
456 463 42 1
456 464 32 1
456 577 34 7
457 458 40 1
457 465 3 4
457 466 46 2
457 467 14 6
457 468 14 6
457 469 27 1
457 477 44 5
458 470 50 5
458 471 19 8
458 472 1 2
458 473 38 5
458 474 7 6
458 478 35 1
458 495 37 8
458 496 1 6
458 545 46 4
458 548 27 1
464 552 10 5
469 536 33 5
474 522 45 4
475 476 43 8
475 477 11 5
475 478 44 2
475 479 14 8
475 480 22 9
475 481 42 4
475 482 23 6
475 483 13 10
476 477 47 6
476 478 35 7
476 484 28 1
476 485 4 6
476 486 10 8
476 487 45 1
476 546 26 9
477 478 41 6
477 488 35 6
477 489 2 2
477 490 39 1
477 491 21 9
477 492 8 6
477 515 1 8
477 545 39 8
477 576 31 7
477 578 49 10
478 493 41 4
478 494 14 5
478 497 44 10
478 514 48 3
479 599 10 10
481 564 33 9
487 592 39 10
495 496 37 4
495 497 18 10
495 498 43 8
495 499 11 1
495 500 38 4
495 501 14 7
495 502 15 10
495 513 25 3
495 578 3 3
496 497 47 4
496 503 39 3
496 504 34 5
496 505 37 6
496 506 21 6
496 507 48 7
496 508 40 8
496 545 16 1
496 578 29 2
497 509 35 8
497 516 15 6
497 550 45 4
498 590 48 4
510 511 32 7
510 512 8 2
510 513 4 7
510 514 17 10
510 515 24 3
510 516 18 10
510 517 23 4
510 518 25 2
510 519 29 8
510 520 48 1
510 521 47 7
510 522 7 1
510 523 40 1
510 524 33 1
510 525 2 4
510 526 43 6
510 579 6 8
511 512 15 6
511 513 20 2
511 514 32 8
511 515 20 2
511 516 34 4
511 527 34 3
511 528 35 3
511 529 6 10
512 513 10 2
512 514 15 3
512 515 36 3
512 516 9 8
512 530 6 2
512 531 40 3
512 532 18 5
513 514 40 6
513 515 9 8
513 516 45 3
513 533 2 5
513 534 22 4
513 535 19 2
513 536 49 7
513 537 50 4
513 538 25 1
513 576 17 2
514 515 16 10
514 516 32 6
514 539 10 8
514 540 50 4
514 541 12 1
514 548 14 5
515 516 10 7
515 542 30 4
515 543 27 8
515 546 18 1
516 544 42 3
525 539 50 8
526 574 17 9
528 587 28 3
535 589 10 6
536 560 40 10
545 546 24 8
545 547 35 6
545 548 15 3
545 549 20 8
545 550 1 9
545 551 47 8
545 552 38 9
545 576 28 2
546 547 34 6
546 548 38 6
546 549 48 5
546 550 26 3
546 553 40 3
547 548 42 10
547 549 27 4
547 550 25 5
547 554 3 4
547 555 6 3
547 556 30 7
547 557 30 10
547 558 27 3
547 559 33 4
548 549 27 7
548 550 50 9
548 560 20 6
548 561 37 10
548 562 31 6
548 563 3 1
548 564 36 3
549 550 21 10
549 565 8 7
549 566 33 9
549 567 17 8
549 568 41 5
549 569 35 2
549 570 48 9
549 577 22 3
550 571 16 6
550 572 10 2
550 573 25 8
550 574 7 3
573 494 44 2
574 589 28 10
575 576 17 6
575 577 32 5
575 578 45 1
575 579 2 3
575 580 14 8
576 577 24 7
576 578 40 1
576 579 26 5
576 581 37 2
576 582 40 6
576 583 13 3
576 584 45 8
576 585 35 8
576 586 17 1
576 587 12 5
577 578 2 3
577 579 23 1
577 588 26 7
577 589 44 3
577 590 17 5
577 591 34 2
578 579 22 1
578 592 21 10
578 593 33 6
578 594 32 8
578 595 9 8
579 596 1 6
579 597 32 4
579 598 23 3
579 599 16 5

0 344 58
1 187 69
2 315 12
3 263 4
4 539 57
5 409 3
6 20 38
7 290 31
8 566 24
9 386 30
10 267 10
11 520 36
12 440 11
13 286 20
14 193 10
15 77 20
16 568 10
17 265 36
18 270 3
19 474 36
20 127 8
21 294 19
22 527 21
23 473 11
24 151 11
25 11 7
26 314 11
27 84 60
28 254 54
29 291 22
30 106 18
31 383 78
32 40 23
33 147 31
34 428 27
35 124 5
36 273 13
37 399 1
38 298 27
39 564 45
40 64 15
41 589 33
42 217 39
43 94 29
44 444 14
45 551 29
46 463 11
47 466 21
48 88 44
49 109 25
50 413 22
51 540 29
52 240 18
53 378 11
54 561 29
55 530 21
56 170 30
57 594 23
58 336 32
59 146 25
60 533 12
61 5 13
62 303 39
63 19 40
64 451 14
65 331 23
66 52 60
67 15 8
68 75 16
69 119 75
70 319 20
71 289 19
72 158 31
73 167 6
74 595 14
75 365 30
76 66 24
77 111 4
78 487 27
79 384 31
80 6 76
81 598 38
82 339 11
83 249 38
84 379 10
85 196 46
86 401 24
87 47 79
88 37 7
89 382 4
90 420 11
91 592 29
92 483 35
93 288 7
94 122 19
95 89 15
96 479 36
97 81 40
98 153 15
99 555 39
100 159 25
101 313 9
102 590 64
103 188 24
104 244 5
105 484 24
106 108 3
107 216 38
108 581 17
109 442 13
110 261 13
111 569 16
112 508 26
113 499 11
114 54 23
115 441 13
116 61 9
117 373 42
118 198 8
119 412 3
120 343 16
121 62 30
122 239 20
123 370 38
124 183 4
125 103 7
126 358 6
127 160 31
128 271 20
129 260 22
130 243 48
131 526 23
132 63 7
133 469 31
134 574 23
135 586 35
136 264 29
137 406 21
138 398 19
139 185 25
140 16 16
141 333 30
142 414 6
143 53 29
144 571 26
145 376 18
146 542 8
147 38 34
148 7 29
149 150 4
150 45 33
151 293 3
152 35 12
153 332 15
154 234 18
155 342 22
156 112 19
157 292 86
158 100 15
159 266 28
160 560 35
161 408 14
162 200 12
163 182 18
164 489 21
165 436 53
166 427 12
167 30 12
168 238 14
169 202 6
170 423 32
171 558 21
172 21 18
173 544 41
174 377 10
175 329 27
176 523 46
177 362 20
178 80 23
179 236 40
180 39 15
181 126 12
182 361 24
183 445 19
184 8 29
185 490 33
186 567 15
187 349 5
188 502 39
189 252 2
190 83 16
191 449 25
192 468 11
193 482 24
194 13 30
195 116 29
196 123 12
197 371 24
198 407 30
199 22 2
200 56 25
201 268 20
202 509 43
203 308 3
204 402 44
205 380 15
206 528 44
207 364 15
208 139 25
209 359 38
210 573 17
211 233 28
212 284 9
213 9 26
214 229 7
215 580 32
216 454 71
217 416 18
218 541 4
219 275 3
220 481 61
221 141 70
222 387 61
223 197 17
224 375 29
225 327 31
226 425 1
227 237 32
228 76 59
229 213 20
230 374 18
231 460 12
232 366 19
233 305 28
234 583 7
235 337 1
236 186 14
237 326 4
238 219 28
239 246 49
