600 1828 240

0 25 200
1 50 500
2 75 800
3 100 1200
4 125 1700
5 150 2300
6 175 3000
7 200 3800
8 225 4600
9 250 5500

0 1500
1 1500
2 1500
3 1500
4 1500
5 1500
6 1500
7 1500
8 1500
9 1500
10 1500
11 1000
12 2000
13 1000
14 2000
15 2000
16 1000
17 2000
18 2000
19 2000
20 2000
21 1500
22 2000
23 2000
24 2000
25 2000
26 1500
27 1500
28 2000
29 2000
30 1000
31 1500
32 1000
33 2000
34 2000
35 1500
36 2000
37 2000
38 2000
39 2000
40 1000
41 1500
42 1500
43 2000
44 1000
45 1500
46 1000
47 2000
48 1500
49 2000
50 1500
51 1500
52 1500
53 1500
54 2000
55 1500
56 2000
57 1000
58 2000
59 1000
60 1000
61 1000
62 1500
63 2000
64 2000
65 1500
66 2000
67 2000
68 2000
69 2000
70 1500
71 1500
72 1500
73 1500
74 1500
75 1500
76 1500
77 1500
78 2000
79 2000
80 1000
81 1000
82 1000
83 2000
84 1000
85 1000
86 2000
87 2000
88 2000
89 2000
90 2000
91 2000
92 1000
93 2000
94 2000
95 1000
96 2000
97 2000
98 2000
99 2000
100 1500
101 1000
102 1500
103 1500
104 1500
105 2000
106 1000
107 1500
108 2000
109 1000
110 1000
111 1500
112 1000
113 2000
114 2000
115 1500
116 2000
117 2000
118 1000
119 2000
120 1500
121 1500
122 1500
123 2000
124 2000
125 2000
126 2000
127 1500
128 2000
129 1000
130 2000
131 2000
132 1000
133 2000
134 1500
135 1500
136 1500
137 1000
138 2000
139 1000
140 1500
141 2000
142 2000
143 1000
144 1000
145 1500
146 1500
147 1500
148 1000
149 2000
150 2000
151 1000
152 2000
153 2000
154 1500
155 2000
156 2000
157 1500
158 1000
159 2000
160 1500
161 1500
162 2000
163 1500
164 2000
165 1500
166 1500
167 2000
168 1000
169 2000
170 1500
171 1500
172 1000
173 1500
174 1500
175 1500
176 1000
177 2000
178 1000
179 1000
180 2000
181 2000
182 2000
183 1500
184 1500
185 2000
186 1000
187 1500
188 1500
189 1000
190 2000
191 2000
192 1000
193 2000
194 1000
195 2000
196 2000
197 2000
198 2000
199 2000
200 1500
201 1500
202 1500
203 1500
204 1500
205 1000
206 2000
207 2000
208 2000
209 2000
210 1500
211 1000
212 2000
213 2000
214 2000
215 1000
216 2000
217 2000
218 2000
219 1000
220 1500
221 1000
222 2000
223 1500
224 2000
225 1500
226 1500
227 1500
228 2000
229 1500
230 2000
231 2000
232 2000
233 2000
234 2000
235 1000
236 2000
237 1500
238 2000
239 1000
240 1500
241 1000
242 2000
243 2000
244 1000
245 1500
246 1500
247 1500
248 1500
249 1500
250 1000
251 2000
252 1500
253 1000
254 2000
255 2000
256 1000
257 1000
258 1000
259 2000
260 2000
261 2000
262 1000
263 2000
264 1000
265 1500
266 2000
267 1500
268 2000
269 1500
270 1500
271 1500
272 1500
273 1000
274 1500
275 1000
276 1500
277 1500
278 1000
279 2000
280 1000
281 2000
282 1500
283 1000
284 2000
285 1000
286 2000
287 2000
288 1500
289 1000
290 2000
291 1000
292 1000
293 2000
294 1000
295 1500
296 1000
297 1500
298 2000
299 2000
300 1500
301 1500
302 1000
303 1000
304 2000
305 2000
306 1000
307 2000
308 1000
309 1000
310 1500
311 1500
312 1500
313 1000
314 2000
315 1000
316 1000
317 2000
318 1500
319 1000
320 2000
321 2000
322 1000
323 2000
324 1000
325 1500
326 1000
327 1500
328 1500
329 1000
330 1500
331 2000
332 2000
333 1500
334 1000
335 500
336 500
337 500
338 2000
339 1000
340 2000
341 2000
342 1000
343 1500
344 1500
345 2000
346 1500
347 1500
348 2000
349 500
350 2000
351 2000
352 2000
353 1500
354 2000
355 1500
356 1000
357 1500
358 1500
359 1000
360 1500
361 1000
362 1500
363 1500
364 2000
365 2000
366 1500
367 500
368 1000
369 1000
370 2000
371 2000
372 1500
373 1000
374 2000
375 2000
376 2000
377 2000
378 1000
379 2000
380 2000
381 1500
382 500
383 2000
384 1500
385 1000
386 500
387 2000
388 1500
389 1500
390 2000
391 2000
392 1000
393 1000
394 2000
395 1000
396 1000
397 2000
398 1000
399 2000
400 1000
401 1500
402 1500
403 1500
404 1500
405 1500
406 1500
407 2000
408 2000
409 1500
410 1000
411 2000
412 2000
413 1000
414 2000
415 2000
416 1000
417 2000
418 1000
419 2000
420 2000
421 2000
422 2000
423 2000
424 1500
425 1000
426 1500
427 2000
428 1000
429 2000
430 1500
431 1500
432 1000
433 1500
434 1000
435 1500
436 1500
437 1500
438 1000
439 2000
440 2000
441 1500
442 2000
443 2000
444 1500
445 1500
446 2000
447 1500
448 1500
449 2000
450 2000
451 500
452 500
453 2000
454 2000
455 1000
456 1000
457 2000
458 2000
459 2000
460 1000
461 2000
462 1500
463 1500
464 2000
465 2000
466 1000
467 2000
468 2000
469 1000
470 1500
471 1500
472 1500
473 1500
474 1500
475 2000
476 1500
477 2000
478 1000
479 1500
480 1000
481 2000
482 2000
483 1500
484 2000
485 2000
486 2000
487 2000
488 2000
489 1500
490 1500
491 1500
492 2000
493 2000
494 1500
495 2000
496 1000
497 1500
498 1000
499 2000
500 1500
501 1500
502 1500
503 2000
504 1500
505 1000
506 2000
507 1000
508 1500
509 1500
510 1500
511 2000
512 2000
513 1500
514 1500
515 1500
516 1500
517 1000
518 2000
519 2000
520 1000
521 1000
522 1500
523 1000
524 2000
525 500
526 1500
527 1500
528 500
529 1500
530 1500
531 1500
532 1000
533 1000
534 2000
535 1500
536 2000
537 2000
538 2000
539 2000
540 1500
541 1500
542 1500
543 1500
544 1500
545 1000
546 1500
547 1500
548 1500
549 2000
550 2000
551 2000
552 1000
553 2000
554 1500
555 1000
556 2000
557 1500
558 2000
559 1500
560 1500
561 1000
562 2000
563 2000
564 1000
565 2000
566 1500
567 1000
568 1500
569 500
570 1500
571 1000
572 1500
573 2000
574 2000
575 1500
576 1000
577 1000
578 1500
579 2000
580 1500
581 1500
582 2000
583 2000
584 1500
585 2000
586 1000
587 2000
588 1500
589 2000
590 1500
591 1500
592 2000
593 1000
594 1000
595 2000
596 2000
597 1500
598 1500
599 1500

0 1 5 1
0 2 48 3
0 3 22 6
0 4 37 10
0 5 5 10
0 6 9 8
0 7 46 10
0 8 6 4
0 9 2 7
0 10 47 10
0 11 6 10
0 12 38 5
0 13 17 1
0 14 36 9
0 15 2 5
0 16 44 6
0 17 48 9
0 145 15 4
0 200 48 9
0 220 28 4
0 240 15 9
0 491 39 9
1 2 40 5
1 3 28 7
1 4 29 2
1 5 39 2
1 6 36 3
1 7 44 7
1 8 3 2
1 18 23 6
1 19 34 2
1 20 3 5
1 145 47 10
1 160 34 7
1 240 30 2
1 272 29 8
1 358 21 2
1 491 42 8
1 545 6 8
2 3 30 2
2 4 7 5
2 5 2 3
2 6 11 9
2 7 43 9
2 8 9 1
2 21 35 4
2 22 4 8
2 45 50 7
2 50 24 5
2 102 31 6
2 103 12 2
2 225 18 8
2 402 39 7
2 473 44 6
2 590 43 7
3 4 34 9
3 5 11 10
3 6 4 9
3 7 24 5
3 8 14 2
3 23 37 5
3 24 37 10
3 50 47 1
3 135 48 9
3 203 18 4
3 247 37 5
3 356 32 10
3 433 8 7
3 470 32 7
3 580 47 3
4 5 7 1
4 6 31 3
4 7 8 3
4 8 11 3
4 25 22 2
4 26 48 8
4 27 28 7
4 28 6 6
4 45 23 2
4 122 27 9
4 502 17 1
4 531 11 8
5 6 8 2
5 7 27 2
5 8 37 9
5 29 2 9
5 30 19 8
5 121 10 10
5 135 49 1
5 220 29 6
5 225 26 7
5 270 44 6
5 312 35 4
5 502 47 9
6 7 41 9
6 8 44 5
6 31 43 4
6 32 10 5
6 33 28 10
6 34 40 9
6 35 44 7
6 36 22 5
6 37 23 3
6 38 13 3
6 173 45 1
6 246 44 1
6 311 28 2
6 329 38 4
6 404 29 7
6 515 37 10
7 8 37 9
7 39 14 7
7 40 18 3
7 41 6 4
7 42 34 4
7 73 30 5
7 160 10 9
7 325 1 2
7 591 36 1
8 43 22 10
8 44 40 4
8 65 43 1
8 75 26 6
8 171 47 2
8 435 34 10
8 517 26 5
8 530 37 8
8 547 15 9
9 495 37 6
10 68 31 1
11 129 15 8
12 126 22 6
12 180 16 6
13 559 44 7
14 154 13 3
14 556 25 6
15 553 45 4
16 395 38 6
17 25 15 1
18 127 17 3
18 165 25 7
19 524 24 7
21 485 24 3
22 444 8 8
23 152 6 10
23 447 30 1
23 539 49 6
24 123 1 3
24 187 1 6
24 419 13 2
25 53 6 10
25 125 34 7
25 445 7 4
26 209 39 1
26 561 50 2
27 193 4 2
27 488 35 5
27 555 27 5
28 119 48 5
28 518 10 9
29 406 2 5
31 450 30 7
33 43 24 8
34 204 35 8
35 463 35 2
35 518 41 7
36 476 8 6
38 266 4 9
38 463 31 1
39 331 24 2
40 223 2 9
41 495 3 3
42 88 14 3
45 46 20 6
45 47 43 7
45 48 23 1
45 49 16 9
45 50 15 3
45 52 7 2
45 65 36 5
45 72 19 3
45 75 27 8
45 100 4 6
45 103 26 9
45 120 44 6
45 121 22 3
45 135 44 3
45 145 46 4
45 146 32 8
45 160 16 5
45 161 32 3
45 174 4 2
45 201 34 9
45 202 14 6
45 220 47 9
45 225 7 5
45 226 18 4
45 240 46 8
45 245 18 3
45 246 39 3
45 271 46 5
45 275 5 7
45 310 29 4
45 312 8 8
45 326 31 9
45 327 35 2
45 356 47 6
45 359 41 7
45 400 1 5
45 401 33 7
45 436 12 10
45 437 44 2
45 470 37 8
45 472 34 2
45 491 45 1
45 500 7 7
45 516 43 7
45 517 31 1
45 530 11 3
45 540 4 4
45 544 38 4
45 580 38 8
45 581 3 5
45 591 39 6
47 210 25 7
48 164 7 4
48 390 12 9
49 166 44 8
50 51 9 7
50 52 7 4
50 53 6 8
50 54 27 2
50 55 22 3
50 136 19 5
50 147 17 9
50 160 44 4
50 201 9 10
50 226 48 3
50 240 50 3
50 273 17 8
50 310 5 5
50 357 17 5
50 403 45 4
50 470 47 3
50 491 1 6
50 500 22 3
50 515 7 10
50 530 5 7
50 543 38 8
50 580 22 7
50 581 15 3
51 52 9 6
51 56 46 3
51 57 20 7
51 58 28 10
51 59 15 7
51 60 27 1
51 65 34 3
51 70 27 8
51 136 24 10
51 146 1 9
51 173 39 8
51 200 18 6
51 245 12 10
51 330 10 2
51 433 38 2
51 473 12 6
51 491 21 3
51 530 29 8
51 545 48 10
51 590 43 9
52 61 12 10
52 62 15 2
52 63 39 8
52 64 22 8
52 65 7 1
52 71 36 3
52 101 22 8
52 103 33 3
52 122 41 5
52 160 7 8
52 174 38 6
52 220 47 5
52 248 45 8
52 273 2 10
52 311 12 9
52 328 30 2
52 360 32 9
52 404 1 4
52 433 40 6
52 517 50 5
52 591 42 1
54 69 31 5
54 212 45 2
55 141 12 8
56 535 15 4
58 162 38 8
59 183 31 9
60 204 50 3
62 231 13 5
62 410 35 4
63 424 23 10
63 440 18 2
63 557 3 7
64 441 40 3
65 66 40 6
65 67 13 8
65 68 28 9
65 69 33 3
65 71 48 3
65 73 9 1
65 102 41 3
65 120 5 6
65 121 33 5
65 135 47 4
65 136 49 2
65 146 31 6
65 147 13 1
65 161 19 2
65 170 23 3
65 173 42 4
65 202 30 2
65 203 18 4
65 220 14 1
65 225 50 10
65 227 49 7
65 240 4 8
65 247 23 8
65 248 13 10
65 272 4 1
65 274 2 6
65 311 2 2
65 327 47 10
65 329 5 2
65 358 19 10
65 400 14 8
65 402 15 7
65 432 17 5
65 471 31 10
65 473 27 5
65 490 42 2
65 500 24 6
65 501 50 9
65 516 32 5
65 517 33 4
65 530 37 4
65 542 35 10
65 546 17 2
65 580 41 5
65 581 17 1
65 591 9 2
66 388 29 7
67 279 18 2
69 107 7 6
69 351 13 1
70 71 35 8
70 72 47 2
70 73 16 8
70 74 26 4
70 75 27 10
70 76 4 10
70 77 1 9
70 78 31 3
70 79 2 9
70 80 39 7
70 81 27 6
70 82 28 6
70 83 47 5
70 84 26 6
70 160 12 5
70 170 4 4
70 240 12 3
70 272 37 7
70 360 8 7
70 402 48 9
70 531 49 4
70 581 44 10
71 72 25 6
71 73 33 7
71 74 11 6
71 75 32 6
71 85 10 9
71 86 38 10
71 87 4 1
71 88 1 8
71 89 30 4
71 90 37 5
71 145 13 1
71 146 23 4
71 200 19 1
71 201 50 2
71 240 3 1
71 327 22 1
71 329 5 1
71 402 34 8
71 430 40 3
71 473 18 6
71 544 23 2
72 73 44 6
72 74 9 8
72 75 36 2
72 91 22 5
72 92 35 1
72 93 7 6
72 120 48 2
72 121 5 3
72 161 10 1
72 170 9 5
72 227 42 8
72 275 44 1
72 310 46 5
72 311 20 7
72 357 50 10
72 591 5 2
73 74 48 3
73 75 15 1
73 94 45 7
73 220 22 4
73 225 18 1
73 247 28 10
73 430 39 9
73 433 42 6
73 467 20 1
73 500 43 10
73 530 45 2
73 590 13 3
74 75 13 3
74 95 11 10
74 96 40 9
74 101 14 4
74 470 5 10
74 490 44 6
74 501 12 10
74 516 1 9
74 546 3 8
75 97 40 9
75 98 14 5
75 99 11 1
75 101 6 8
75 135 19 6
75 136 36 2
75 220 43 3
75 249 20 5
75 517 34 4
76 214 25 5
77 419 45 9
80 294 35 10
80 410 21 10
86 88 28 6
86 414 17 10
91 237 32 6
91 584 20 9
92 318 14 10
93 548 10 7
94 265 7 9
94 333 25 3
94 450 39 9
95 250 31 6
95 548 10 3
98 223 14 7
98 314 35 1
99 332 16 1
100 101 7 2
100 102 46 4
100 103 50 4
100 104 50 9
100 105 50 8
100 106 21 6
100 135 12 2
100 160 21 5
100 203 30 1
100 276 9 8
100 310 31 9
100 355 16 9
100 517 49 4
100 580 37 10
100 581 3 4
101 102 30 7
101 103 8 4
101 107 26 3
101 120 12 9
101 146 17 6
101 161 9 8
101 220 28 8
101 240 4 4
101 245 17 8
101 275 37 6
101 312 11 1
101 327 6 6
101 473 17 8
101 516 27 10
101 590 38 10
102 103 35 7
102 108 2 5
102 109 12 1
102 110 36 6
102 111 44 4
102 135 32 1
102 175 1 9
102 202 7 5
102 220 13 1
102 225 21 1
102 240 41 4
102 246 3 2
102 358 33 1
102 403 49 8
102 490 33 2
102 501 40 7
102 530 36 7
102 544 16 2
102 590 24 7
103 112 9 2
103 113 2 1
103 114 35 9
103 115 25 2
103 116 35 5
103 117 48 9
103 118 38 4
103 119 41 3
103 122 23 8
103 146 2 4
103 174 25 7
103 226 25 6
103 329 19 7
103 405 18 6
103 432 16 6
103 433 27 5
103 473 9 10
103 501 37 9
103 531 47 2
103 540 49 9
104 364 2 6
110 140 31 1
111 177 2 5
111 290 45 3
112 148 48 5
114 284 37 8
115 150 33 3
120 121 46 10
120 122 48 4
120 123 13 2
120 124 16 4
120 125 29 8
120 126 32 1
120 135 48 8
120 145 45 6
120 160 42 4
120 171 20 4
120 220 42 6
120 249 18 5
120 327 32 7
120 400 12 3
120 432 15 4
120 491 38 2
120 500 10 3
120 501 9 2
120 515 42 9
120 516 16 10
120 531 13 1
120 541 50 8
121 122 8 8
121 127 9 1
121 128 44 10
121 129 9 3
121 130 28 1
121 131 22 4
121 145 20 6
121 173 23 8
121 200 44 2
121 225 7 9
121 240 50 8
121 246 50 2
121 273 43 4
121 311 1 9
121 362 11 2
121 433 31 3
121 471 43 1
121 531 48 8
121 547 28 6
121 581 42 6
121 590 27 1
122 132 42 10
122 133 4 6
122 134 16 10
122 135 4 8
122 161 15 5
122 227 14 6
122 240 38 9
122 277 1 5
122 328 10 7
122 400 5 7
122 473 13 2
122 490 33 1
122 580 6 2
123 282 39 7
126 269 15 2
131 190 41 8
132 258 37 5
132 510 18 1
133 426 36 6
134 180 9 1
134 389 22 1
134 509 3 1
135 136 31 8
135 137 21 8
135 138 23 7
135 139 7 5
135 140 33 9
135 160 36 3
135 171 2 2
135 202 6 8
135 203 8 3
135 220 16 5
135 274 43 2
135 310 33 5
135 327 50 1
135 471 33 5
135 490 15 4
135 491 34 4
135 500 34 10
135 517 20 9
135 530 31 10
135 531 33 8
135 544 47 4
135 581 17 1
135 590 25 7
136 141 3 5
136 142 10 5
136 143 50 2
136 144 34 1
136 145 38 9
136 146 7 4
136 161 30 10
136 175 24 2
136 220 11 9
136 226 35 7
136 240 29 4
136 245 9 2
136 246 32 2
136 272 22 8
136 312 29 5
136 328 21 6
136 357 36 10
136 361 11 8
136 402 7 7
136 405 29 7
136 434 8 5
136 435 19 7
136 500 24 1
136 516 19 8
136 542 8 10
136 580 43 3
136 591 31 3
138 184 48 10
138 454 27 2
140 350 14 2
141 230 26 4
141 304 32 1
143 250 47 9
143 460 18 1
145 146 26 4
145 147 41 4
145 148 28 9
145 149 37 10
145 160 39 4
145 172 11 8
145 201 34 10
145 202 24 7
145 220 18 3
145 225 46 3
145 271 18 6
145 355 3 4
145 432 24 8
145 470 1 1
145 490 28 1
145 502 21 10
145 515 4 6
145 531 27 4
145 591 36 4
146 147 14 7
146 150 7 4
146 151 49 7
146 152 21 1
146 153 21 10
146 154 49 6
146 155 19 9
146 156 9 1
146 225 13 9
146 240 16 1
146 249 32 5
146 274 28 6
146 310 26 3
146 329 20 1
146 330 46 9
146 400 8 8
146 434 46 10
146 471 21 8
146 531 47 10
146 547 44 10
146 580 19 7
146 590 38 4
147 157 49 4
147 158 13 6
147 159 8 7
147 160 48 9
147 175 39 7
147 245 20 7
147 312 47 4
147 358 29 6
147 401 44 7
147 490 26 4
147 501 46 10
147 517 39 3
147 546 26 3
147 581 27 10
150 372 5 10
152 214 2 7
152 301 17 4
154 186 43 7
154 198 39 8
154 296 42 2
156 183 3 1
156 406 41 7
156 506 16 2
157 419 49 3
157 459 27 6
159 300 44 3
159 510 4 1
160 161 32 8
160 162 44 7
160 163 32 7
160 164 28 9
160 165 49 10
160 172 40 3
160 200 1 2
160 220 27 10
160 226 42 8
160 227 12 8
160 240 39 5
160 245 46 9
160 246 1 2
160 275 27 2
160 312 45 7
160 363 14 9
160 405 47 5
160 432 49 2
160 471 12 1
160 472 13 4
160 491 21 9
160 500 32 10
160 501 9 7
160 515 14 9
160 517 9 1
160 540 36 8
160 590 5 4
161 166 16 5
161 167 43 8
161 168 28 6
161 169 18 3
161 174 13 1
161 202 3 1
161 240 20 2
161 273 18 4
161 328 22 3
161 329 45 7
161 362 21 3
161 435 1 2
161 491 40 5
161 530 2 5
161 541 35 1
161 580 17 6
161 581 13 8
161 591 45 4
162 582 9 2
163 342 16 6
163 429 25 4
164 209 45 2
165 347 36 1
165 377 46 10
166 412 17 6
167 408 19 1
170 171 34 1
170 172 43 5
170 173 7 3
170 174 1 4
170 175 1 5
170 176 47 6
170 177 43 6
170 178 37 2
170 179 19 8
170 200 13 2
170 430 39 6
170 471 44 8
170 501 48 1
170 591 15 8
171 172 2 6
171 173 50 8
171 174 44 2
171 175 5 10
171 180 16 4
171 181 48 9
171 182 12 6
171 183 44 1
171 184 21 8
171 185 13 7
171 220 28 7
171 311 11 10
171 501 12 9
171 516 47 2
171 581 22 4
172 173 33 2
172 174 25 6
172 175 44 2
172 186 9 2
172 226 25 6
172 270 29 3
172 325 45 4
172 363 29 5
172 490 10 5
172 581 21 6
173 174 38 1
173 175 34 9
173 187 33 7
173 188 40 3
173 189 42 6
173 190 3 5
173 220 10 7
173 227 41 4
173 240 46 6
173 330 35 7
173 434 37 6
173 517 17 5
173 530 31 2
173 542 18 10
173 591 24 2
174 175 36 6
174 191 11 3
174 192 29 1
174 193 41 8
174 194 20 8
174 246 20 1
174 275 42 5
174 400 3 8
175 195 23 7
175 196 19 10
175 197 22 5
175 198 32 9
175 199 31 4
175 202 45 6
175 240 36 5
175 245 27 8
175 312 3 5
175 405 30 4
175 470 34 9
175 491 14 7
175 530 15 10
175 544 46 8
177 481 6 1
178 463 9 10
178 521 39 8
179 569 48 1
180 598 32 7
181 527 32 9
188 585 49 4
190 238 27 4
190 440 2 9
195 344 31 3
195 366 2 1
195 554 28 4
198 453 43 9
200 201 20 4
200 202 11 1
200 203 49 9
200 204 42 10
200 205 42 2
200 206 15 5
200 207 2 4
200 208 34 5
200 209 2 1
200 210 4 5
200 211 26 2
200 240 46 6
200 271 49 8
200 310 3 6
200 311 15 1
200 500 17 2
200 501 33 5
200 541 41 7
200 580 35 9
201 202 21 1
201 203 27 6
201 212 27 3
201 213 20 8
201 220 41 2
201 248 41 8
201 327 39 4
201 437 4 1
201 515 7 4
202 203 39 10
202 214 27 6
202 220 45 8
202 227 20 2
202 240 35 5
202 363 37 6
202 435 22 3
202 491 32 5
202 530 46 3
202 590 13 5
203 215 24 10
203 216 22 10
203 217 14 8
203 218 25 9
203 219 41 8
203 227 48 4
203 245 6 9
203 272 16 3
203 325 26 9
203 357 47 10
203 402 47 8
203 403 50 4
203 471 50 2
203 472 44 4
203 491 42 1
203 531 30 9
203 540 25 10
203 590 22 7
204 406 29 10
206 353 42 7
206 445 12 10
209 518 45 5
210 308 29 6
212 397 4 2
212 453 40 9
214 489 25 3
216 494 3 2
217 372 46 5
217 518 20 3
217 578 48 1
220 221 48 2
220 222 48 8
220 223 29 2
220 224 11 4
220 227 1 1
220 240 43 10
220 247 48 7
220 248 10 3
220 271 11 2
220 274 46 3
220 311 39 5
220 312 50 2
220 328 33 8
220 362 50 5
220 363 9 1
220 400 45 5
220 402 44 7
220 432 17 2
220 471 44 7
220 473 24 8
220 490 48 7
220 491 2 7
220 500 43 6
220 502 28 1
220 515 44 4
220 517 37 1
220 530 47 7
220 531 17 9
220 540 37 1
220 580 31 8
220 581 16 2
220 591 4 2
221 498 37 1
222 229 39 2
223 537 3 8
225 226 23 8
225 227 35 9
225 228 43 4
225 229 17 6
225 230 3 7
225 231 39 9
225 240 3 1
225 247 38 3
225 270 27 4
225 325 8 3
225 361 25 9
225 403 48 6
225 437 36 5
225 491 10 8
225 502 38 5
225 544 3 4
225 581 20 9
225 590 15 6
226 227 46 6
226 232 42 9
226 233 36 5
226 234 13 2
226 235 13 5
226 236 6 3
226 237 20 1
226 311 7 6
226 312 36 2
226 432 12 5
226 471 19 8
226 516 2 3
226 531 35 1
226 580 3 10
227 238 31 1
227 239 41 6
227 240 2 5
227 245 36 5
227 271 24 10
227 328 3 7
227 357 44 3
227 473 41 5
227 490 28 4
227 516 45 6
227 531 10 9
227 547 37 3
227 591 42 3
228 318 26 1
232 341 3 8
232 415 15 8
232 509 19 4
233 347 1 4
233 448 24 8
233 510 27 8
236 494 1 10
236 551 32 6
237 399 44 9
238 279 49 5
238 483 3 8
240 241 41 9
240 242 4 4
240 243 30 5
240 244 1 4
240 248 29 10
240 249 10 9
240 273 13 7
240 276 49 8
240 310 7 5
240 327 44 6
240 356 37 1
240 357 28 5
240 403 11 3
240 405 23 1
240 430 27 3
240 437 36 8
240 472 36 2
240 473 32 9
240 491 14 8
240 501 20 10
240 516 29 2
240 530 34 3
240 531 10 10
240 543 23 3
240 546 27 7
240 581 45 9
240 590 4 3
240 591 28 6
241 588 26 8
242 267 22 9
242 301 1 3
242 522 37 6
243 560 29 10
245 246 48 1
245 247 37 1
245 248 32 1
245 249 8 2
245 250 14 1
245 251 35 1
245 270 4 3
245 432 49 5
245 473 7 6
245 581 5 9
246 247 32 10
246 248 4 6
246 249 2 5
246 252 41 6
246 253 5 9
246 254 39 7
246 255 21 2
246 256 45 2
246 257 26 3
246 258 24 4
246 357 47 4
246 437 47 3
246 490 23 3
246 500 2 9
246 530 35 8
246 531 35 6
247 248 7 4
247 249 45 7
247 259 30 4
247 260 45 6
247 261 11 2
247 329 48 9
247 330 31 1
247 405 13 7
247 471 23 8
247 515 28 1
247 540 38 3
247 581 32 8
248 249 14 3
248 262 46 10
248 263 48 7
248 490 27 9
248 501 44 3
248 515 35 4
248 591 41 2
249 264 30 7
249 265 13 1
249 266 25 5
249 267 32 7
249 268 20 8
249 269 49 2
249 277 12 1
249 310 15 6
249 358 44 8
249 541 27 6
249 591 46 9
251 458 25 9
252 440 34 6
252 481 22 6
254 379 3 10
254 464 3 1
255 407 44 6
257 593 32 9
258 597 3 8
260 467 14 2
265 307 1 4
268 448 22 8
270 271 42 3
270 272 37 1
270 273 25 8
270 274 41 1
270 275 1 10
270 276 25 8
270 277 9 4
270 278 19 7
270 279 29 5
270 280 18 5
270 281 16 3
270 282 19 5
270 283 37 7
270 284 30 10
270 285 40 3
270 403 11 1
271 272 10 5
271 273 32 2
271 274 16 10
271 275 19 1
271 276 40 3
271 277 25 4
271 286 43 8
271 287 41 1
271 288 47 1
271 289 32 2
271 403 6 7
271 470 9 2
271 531 2 4
271 580 25 5
272 273 4 6
272 274 13 8
272 275 31 3
272 276 11 8
272 277 42 9
272 290 25 10
272 291 41 2
272 292 27 2
272 293 31 1
272 359 38 4
272 432 11 3
272 470 16 5
273 274 45 9
273 275 34 6
273 276 3 3
273 277 39 4
273 294 23 10
273 295 26 8
273 310 14 6
273 355 46 1
273 490 43 8
273 590 15 7
274 275 42 3
274 276 32 7
274 277 44 9
274 296 27 9
274 297 2 1
274 298 44 3
274 299 3 10
274 327 14 9
274 435 33 10
274 590 1 3
275 276 33 1
275 277 50 8
275 300 37 2
275 301 28 7
275 312 36 10
275 502 25 10
276 277 5 7
276 302 9 7
276 303 33 5
276 304 27 9
276 491 11 4
276 516 7 1
276 545 41 6
277 305 48 2
277 306 29 7
277 307 16 7
277 308 23 2
277 309 21 6
277 326 42 8
277 501 18 10
277 515 11 6
277 531 18 3
277 542 40 1
277 580 37 8
279 529 48 10
281 522 6 6
282 390 6 4
282 459 6 7
283 392 6 10
283 451 34 5
284 512 32 2
288 534 7 10
289 451 18 9
291 308 19 7
291 318 40 4
293 297 49 8
293 476 28 3
293 487 29 1
293 510 33 1
294 381 9 8
295 519 11 8
302 410 3 4
302 568 49 4
306 504 17 7
310 311 44 8
310 312 26 8
310 313 9 10
310 314 45 4
310 315 29 9
310 316 6 1
310 361 1 7
310 403 39 4
310 430 43 8
310 435 38 3
310 490 31 4
310 500 18 9
310 515 27 2
310 542 34 1
310 580 21 5
311 312 3 8
311 317 47 9
311 318 31 2
311 319 13 10
311 320 21 5
311 321 3 7
311 322 12 9
311 327 7 2
311 359 29 8
311 403 30 10
311 470 48 3
311 472 5 5
311 500 49 2
311 515 18 7
311 581 44 4
312 323 6 1
312 324 1 1
312 326 1 7
312 491 26 8
312 530 43 10
312 531 30 3
312 542 39 5
312 591 3 6
313 567 14 9
316 498 9 4
317 397 7 7
320 529 17 4
321 588 14 2
325 326 46 1
325 327 36 10
325 328 26 1
325 329 26 1
325 330 20 3
325 331 22 4
325 332 15 3
325 333 17 1
325 334 22 7
325 363 47 7
325 437 30 9
325 491 50 1
325 530 32 1
325 543 38 3
325 581 19 2
326 327 34 6
326 328 48 1
326 329 15 8
326 330 21 1
326 335 5 6
326 336 24 3
326 337 23 4
326 405 42 4
326 501 7 9
326 542 9 2
326 581 11 3
327 328 37 4
327 329 27 1
327 330 30 2
327 338 44 1
327 339 49 9
327 340 27 7
327 341 8 6
327 342 46 2
327 362 35 4
327 470 13 3
327 490 20 7
327 515 47 4
328 329 24 3
328 330 2 9
328 343 29 3
328 344 35 1
328 345 30 2
328 346 34 7
328 347 21 7
328 348 47 6
328 590 44 10
329 330 45 7
329 349 4 7
329 402 8 1
329 471 26 4
330 350 13 4
330 351 31 4
330 352 10 2
330 353 38 2
330 354 9 1
330 431 45 5
330 516 15 10
330 530 2 4
330 591 2 5
338 354 24 5
342 424 38 3
342 566 34 2
343 354 9 8
343 364 10 3
344 449 18 10
344 513 8 2
346 376 21 1
350 415 47 10
351 497 30 5
353 505 9 2
355 356 2 1
355 357 6 1
355 358 36 7
355 359 39 7
355 360 33 5
355 361 8 9
355 362 42 9
355 363 42 3
355 364 21 8
355 365 3 8
355 366 30 5
355 470 18 7
356 357 10 7
356 358 6 8
356 359 15 1
356 360 35 7
356 361 37 5
356 362 31 8
356 363 9 2
356 367 19 6
356 435 40 4
357 358 23 2
357 359 21 3
357 360 49 9
357 361 7 6
357 362 46 8
357 363 37 6
357 368 15 5
357 369 19 2
357 370 24 9
357 371 33 1
357 372 19 1
357 373 50 5
357 530 48 5
358 359 10 10
358 360 11 10
358 361 32 7
358 362 21 3
358 363 11 1
358 374 23 3
358 375 32 1
358 376 18 10
358 377 20 5
358 378 48 2
358 379 26 2
358 380 14 5
358 381 22 6
359 360 40 5
359 361 45 9
359 362 8 3
359 363 7 10
359 382 16 1
359 580 27 2
359 590 35 7
360 361 17 3
360 362 4 2
360 363 8 4
360 383 4 1
360 470 35 6
360 490 48 3
360 491 47 5
360 517 27 8
360 530 18 5
360 542 23 8
360 546 23 10
361 362 37 7
361 363 23 3
361 384 29 3
361 385 44 4
361 386 26 4
361 403 16 1
362 363 40 6
362 387 47 4
362 388 30 2
362 389 5 5
362 390 27 1
362 391 23 3
362 392 30 3
362 393 34 7
362 394 40 8
362 395 12 7
362 437 32 5
362 500 6 6
362 502 18 9
362 515 26 6
363 396 42 10
363 397 22 5
363 398 44 8
363 399 25 7
363 402 13 2
363 580 46 6
365 514 27 6
365 537 23 9
367 576 7 6
370 551 23 5
372 585 17 4
373 552 49 10
374 409 28 7
381 442 26 6
383 441 45 1
384 458 41 7
384 553 14 8
385 388 32 5
388 416 9 5
389 420 1 4
389 489 37 1
390 559 20 2
391 461 5 7
400 401 34 7
400 402 47 6
400 403 9 6
400 404 36 4
400 405 50 6
400 406 24 7
400 473 50 3
400 517 47 7
400 530 46 4
400 531 7 3
401 402 39 7
401 403 5 5
401 404 46 5
401 405 32 6
401 407 14 2
401 408 8 2
401 541 29 6
401 544 42 9
401 591 35 6
402 403 8 7
402 404 1 3
402 405 45 8
402 409 35 7
402 410 5 4
402 411 23 5
402 412 50 9
402 413 16 2
402 414 10 7
402 415 50 5
402 416 45 1
402 435 2 6
402 581 27 3
402 590 31 5
403 404 41 10
403 405 11 4
403 417 5 8
403 418 7 1
403 419 26 7
403 420 13 2
403 421 41 5
403 422 15 5
403 491 30 1
404 405 9 3
404 423 35 7
404 424 49 1
404 425 40 9
404 426 45 4
404 427 38 2
404 435 24 6
404 472 10 3
405 428 39 1
405 429 46 8
405 491 14 1
405 500 21 9
405 501 13 5
405 580 4 1
414 536 47 3
414 568 26 3
416 483 18 3
421 585 11 10
422 553 16 2
423 511 20 4
423 526 21 7
424 462 15 7
429 459 22 2
429 479 22 3
430 431 14 6
430 432 15 9
430 433 45 5
430 434 48 8
430 435 16 2
430 436 25 1
430 437 24 2
430 438 23 5
430 439 15 4
430 440 6 8
430 441 13 10
430 442 6 7
431 432 4 3
431 433 39 6
431 434 24 2
431 435 18 10
431 436 23 2
431 437 42 4
431 443 46 2
431 444 24 8
431 591 25 3
432 433 14 7
432 434 13 3
432 435 10 3
432 436 4 4
432 437 5 10
432 445 28 6
432 580 32 6
433 434 35 6
433 435 22 10
433 436 48 1
433 437 27 8
433 446 40 8
433 447 42 8
433 448 44 2
433 449 43 1
433 450 2 10
433 473 42 5
433 491 25 10
433 501 27 1
433 591 48 4
434 435 48 2
434 436 5 4
434 437 30 4
434 451 20 2
434 452 29 9
434 502 10 6
434 531 30 10
435 436 25 5
435 437 6 5
435 453 10 8
435 454 44 7
435 455 23 7
435 473 40 3
435 516 50 9
436 437 26 3
436 456 23 9
436 457 45 2
436 458 21 3
436 459 21 10
436 460 40 9
436 491 19 2
436 580 9 1
437 461 34 10
437 462 31 6
437 463 8 8
437 464 28 5
437 465 37 10
437 466 7 6
437 467 9 3
437 468 11 10
437 469 4 9
437 515 35 1
437 531 28 3
437 541 18 10
437 545 47 9
446 597 2 7
448 555 23 1
449 550 14 1
450 573 26 6
457 493 39 7
458 537 24 3
459 474 43 2
462 475 28 6
463 477 35 1
470 471 40 6
470 472 49 10
470 473 45 2
470 474 28 5
470 475 35 9
470 500 37 7
470 544 4 5
470 580 11 1
470 590 39 7
471 472 24 6
471 473 7 6
471 476 7 2
471 477 25 9
471 478 39 2
471 479 47 5
471 490 5 3
471 517 38 9
471 531 46 10
471 580 18 2
472 473 14 4
472 480 46 8
472 481 46 2
472 482 11 7
472 483 16 2
472 484 44 9
472 485 24 8
472 491 46 1
472 515 1 7
472 540 39 5
472 590 18 2
473 486 38 1
473 487 13 3
473 488 27 6
473 489 15 5
473 502 41 5
481 566 24 4
483 594 11 4
486 575 12 8
487 499 26 1
490 491 22 8
490 492 32 2
490 493 41 2
490 494 29 8
490 501 34 6
490 517 34 8
490 542 11 2
490 544 1 10
490 580 16 7
490 581 24 10
490 590 22 7
491 495 12 3
491 496 38 8
491 497 18 3
491 498 47 6
491 499 6 5
491 502 5 9
491 515 48 3
491 531 45 9
491 590 49 8
498 533 17 2
500 501 7 7
500 502 11 5
500 503 22 4
500 517 6 3
500 531 5 3
500 540 6 9
500 580 38 1
500 590 2 1
501 502 26 3
501 504 2 4
501 505 39 4
501 506 39 7
501 507 44 6
501 531 39 8
501 546 2 1
502 508 33 2
502 509 35 8
502 510 47 6
502 511 21 2
502 512 15 7
502 513 44 5
502 514 18 4
502 517 22 4
502 581 22 2
502 591 35 8
504 538 37 2
508 585 22 7
513 561 42 3
513 585 28 1
515 516 40 6
515 517 12 8
515 518 24 5
515 519 28 2
515 520 11 3
515 530 25 9
515 531 38 8
516 517 39 3
516 521 14 9
516 522 37 10
516 523 10 10
516 524 42 1
516 547 18 9
516 591 36 1
517 525 15 6
517 526 37 1
517 527 44 3
517 528 11 3
517 529 25 8
517 546 10 1
517 581 38 1
521 526 37 2
530 531 38 2
530 532 16 8
530 533 14 3
530 534 18 2
530 535 17 4
530 536 34 4
530 537 42 1
530 538 24 10
530 547 14 5
530 580 19 8
530 590 45 9
531 539 11 8
531 542 35 7
531 581 7 9
531 591 2 1
534 557 22 5
540 541 30 1
540 542 22 3
540 543 1 3
540 544 30 9
540 545 41 1
540 546 46 1
540 547 28 8
540 548 17 2
540 549 47 9
540 550 19 9
540 551 10 10
540 591 14 7
541 542 33 1
541 543 22 3
541 544 30 7
541 545 32 6
541 546 5 9
541 547 11 7
541 552 29 5
541 553 18 9
541 554 2 4
541 555 37 10
541 556 9 5
542 543 31 1
542 544 46 10
542 545 28 5
542 546 12 6
542 547 32 7
542 557 11 3
542 558 13 9
542 559 11 7
542 560 33 2
542 590 40 10
543 544 28 7
543 545 2 3
543 546 18 5
543 547 14 3
543 561 35 1
543 562 22 1
543 563 32 8
543 564 10 6
544 545 18 5
544 546 15 10
544 547 4 8
544 565 47 1
544 566 45 5
544 567 17 1
544 581 40 6
545 546 20 3
545 547 46 4
545 568 36 1
545 569 8 1
545 570 5 10
546 547 15 4
546 571 47 8
546 572 29 4
546 573 18 3
546 574 14 7
546 575 29 7
546 576 37 10
546 577 46 2
546 580 35 7
547 578 46 1
547 579 36 8
548 558 42 5
550 570 48 6
553 582 43 9
558 584 11 7
572 579 25 4
574 495 15 7
580 581 26 5
580 582 2 8
580 583 29 2
580 584 48 9
580 591 20 10
581 585 7 4
581 586 20 3
581 587 31 2
581 588 19 3
581 589 5 5
581 591 43 9
585 596 9 4
587 599 2 3
590 591 34 3
590 592 29 3
590 593 8 8
590 594 6 6
591 595 38 9
591 596 5 9
591 597 47 5
591 598 32 4
591 599 32 6

0 595 25
1 518 69
2 38 31
3 199 14
4 232 20
5 196 13
6 123 31
7 449 19
8 551 38
9 99 14
10 68 17
11 150 10
12 475 31
13 459 79
14 377 21
15 317 14
16 487 24
17 261 6
18 193 29
19 169 12
20 468 8
21 217 44
22 454 27
23 58 45
24 298 25
25 443 31
26 87 3
27 583 19
28 592 16
29 124 4
30 259 19
31 90 25
32 340 7
33 286 16
34 511 26
35 458 46
36 233 23
37 364 8
38 351 42
39 236 24
40 293 85
41 562 13
42 142 3
43 376 27
44 450 64
45 574 19
46 350 27
47 579 16
48 64 34
49 79 1
50 39 21
51 14 29
52 69 27
53 23 62
54 582 34
55 108 2
56 284 47
57 113 2
58 222 54
59 97 13
60 126 48
61 128 10
62 86 56
63 167 42
64 78 9
65 481 43
66 390 44
67 321 5
68 119 37
69 589 3
70 266 20
71 37 11
72 164 44
73 125 19
74 323 4
75 159 38
76 133 23
77 66 29
78 394 11
79 439 8
80 224 5
81 281 10
82 397 13
83 28 41
84 442 15
85 98 20
86 268 25
87 371 8
88 565 10
89 33 28
90 93 6
91 138 42
92 141 27
93 197 7
94 412 15
95 407 34
96 587 17
97 383 26
98 153 11
99 279 79
100 464 14
101 420 6
102 15 14
103 537 47
104 43 13
105 512 28
106 207 1
107 206 20
108 208 23
109 391 11
110 408 6
111 503 8
112 484 26
113 415 63
114 63 36
115 89 21
116 131 19
117 228 42
118 177 19
119 305 21
120 117 13
121 423 51
122 556 18
123 34 48
124 180 17
125 506 12
126 36 9
127 195 29
128 56 37
129 550 36
130 354 23
131 54 25
132 348 28
133 255 29
134 198 48
135 190 19
136 83 17
137 370 11
138 536 18
139 477 40
140 380 6
141 345 16
142 251 17
143 96 13
144 499 8
145 419 69
146 461 13
147 493 49
148 411 16
149 162 50
150 191 4
151 352 3
152 91 49
153 485 32
154 421 22
155 19 16
156 105 24
157 338 16
158 341 4
159 331 18
160 374 21
161 185 6
162 25 47
163 387 13
164 429 25
165 414 37
166 307 11
167 287 24
168 230 20
169 181 36
170 149 26
171 549 15
172 94 66
173 254 28
174 234 4
175 182 8
176 152 31
177 422 21
178 304 33
179 538 23
180 114 15
181 379 14
182 12 21
183 365 35
184 213 13
185 238 48
186 214 55
187 18 45
188 231 34
189 427 26
190 320 9
191 375 15
192 20 2
193 465 23
194 263 13
195 399 38
196 417 2
197 332 11
198 467 12
199 539 19
200 486 33
201 488 33
202 243 15
203 88 17
204 218 14
205 558 38
206 47 43
207 49 36
208 440 26
209 29 1
210 573 14
211 290 30
212 130 9
213 22 3
214 524 28
215 596 10
216 216 10
217 534 12
218 156 29
219 482 3
220 24 28
221 17 14
222 446 27
223 457 55
224 453 58
225 492 14
226 209 42
227 242 26
228 553 92
229 212 37
230 495 29
231 563 20
232 314 38
233 299 2
234 67 21
235 260 24
236 155 8
237 116 18
238 585 32
239 519 23
