600 1824 240

0 25 200
1 50 500
2 75 800
3 100 1200
4 125 1700
5 150 2300
6 175 3000
7 200 3800
8 225 4600
9 250 5500

0 1500
1 1500
2 1500
3 2000
4 1500
5 1000
6 2000
7 2000
8 1500
9 2000
10 2000
11 1000
12 2000
13 1000
14 2000
15 1500
16 1500
17 1000
18 1500
19 1500
20 2000
21 2000
22 2000
23 2000
24 2000
25 500
26 500
27 1000
28 2000
29 1000
30 2000
31 2000
32 1000
33 2000
34 2000
35 1000
36 2000
37 2000
38 2000
39 1500
40 1500
41 1500
42 2000
43 2000
44 1000
45 2000
46 2000
47 2000
48 1500
49 1000
50 1500
51 1500
52 2000
53 2000
54 1000
55 2000
56 2000
57 2000
58 2000
59 1500
60 1500
61 1500
62 1500
63 1500
64 1000
65 1500
66 2000
67 1500
68 1500
69 2000
70 1500
71 1500
72 2000
73 2000
74 1500
75 2000
76 2000
77 2000
78 2000
79 1000
80 1000
81 1000
82 2000
83 1500
84 2000
85 2000
86 500
87 1000
88 2000
89 1000
90 1500
91 1500
92 1500
93 1500
94 1500
95 1000
96 1500
97 2000
98 1000
99 1500
100 1500
101 2000
102 1500
103 1500
104 1000
105 1000
106 2000
107 2000
108 1000
109 1000
110 2000
111 1000
112 2000
113 2000
114 2000
115 2000
116 2000
117 1000
118 1000
119 2000
120 500
121 500
122 1500
123 2000
124 1500
125 1500
126 1000
127 2000
128 2000
129 1500
130 2000
131 2000
132 1000
133 2000
134 500
135 1500
136 1500
137 1500
138 2000
139 2000
140 2000
141 1000
142 1000
143 1000
144 2000
145 2000
146 2000
147 2000
148 2000
149 1500
150 1500
151 2000
152 2000
153 1500
154 1000
155 1500
156 2000
157 1500
158 2000
159 2000
160 1000
161 500
162 1500
163 1500
164 1000
165 1500
166 1500
167 1500
168 1500
169 1500
170 1500
171 1500
172 2000
173 1500
174 1000
175 2000
176 2000
177 1000
178 1000
179 2000
180 2000
181 1500
182 2000
183 1000
184 2000
185 2000
186 2000
187 1500
188 2000
189 2000
190 2000
191 1500
192 1000
193 2000
194 2000
195 2000
196 1000
197 1500
198 2000
199 1000
200 1500
201 1500
202 1500
203 1500
204 1000
205 1500
206 1000
207 1500
208 2000
209 1000
210 2000
211 2000
212 2000
213 2000
214 1500
215 1500
216 1500
217 1500
218 1000
219 1500
220 1500
221 1000
222 1500
223 2000
224 2000
225 2000
226 1500
227 1500
228 2000
229 2000
230 1500
231 1500
232 1500
233 1500
234 1500
235 1500
236 2000
237 2000
238 2000
239 2000
240 1000
241 1000
242 1000
243 1000
244 1000
245 2000
246 1000
247 2000
248 2000
249 1000
250 1000
251 2000
252 2000
253 1000
254 2000
255 1000
256 2000
257 1000
258 1500
259 1500
260 1500
261 1500
262 1500
263 1000
264 1500
265 2000
266 1000
267 1000
268 2000
269 1000
270 2000
271 1000
272 1500
273 2000
274 2000
275 1000
276 2000
277 1500
278 2000
279 500
280 2000
281 1500
282 2000
283 2000
284 2000
285 1000
286 1500
287 1500
288 1500
289 1500
290 1000
291 1500
292 500
293 1000
294 1000
295 2000
296 1000
297 1500
298 2000
299 1000
300 1000
301 1000
302 1000
303 1000
304 1500
305 2000
306 1500
307 1000
308 2000
309 1500
310 2000
311 2000
312 2000
313 2000
314 1000
315 1500
316 1500
317 1500
318 2000
319 1500
320 1500
321 1500
322 1000
323 2000
324 2000
325 1000
326 1000
327 2000
328 2000
329 2000
330 1500
331 1500
332 1000
333 2000
334 500
335 1500
336 1500
337 1500
338 1500
339 1500
340 1500
341 2000
342 1500
343 2000
344 1500
345 1000
346 2000
347 2000
348 2000
349 2000
350 2000
351 2000
352 2000
353 1000
354 2000
355 1000
356 2000
357 2000
358 2000
359 1500
360 2000
361 2000
362 1500
363 2000
364 2000
365 1000
366 1500
367 1000
368 1500
369 500
370 1500
371 1500
372 1500
373 1500
374 1500
375 2000
376 1000
377 2000
378 1000
379 2000
380 2000
381 1000
382 2000
383 1000
384 1000
385 2000
386 2000
387 1000
388 2000
389 2000
390 1500
391 2000
392 1500
393 2000
394 1500
395 1500
396 1500
397 1500
398 1500
399 1500
400 1500
401 2000
402 1000
403 1500
404 1500
405 1500
406 2000
407 2000
408 1500
409 1500
410 1000
411 2000
412 2000
413 2000
414 1500
415 1500
416 1500
417 2000
418 2000
419 2000
420 1000
421 1500
422 2000
423 1500
424 1000
425 1500
426 1500
427 1000
428 1000
429 1500
430 1500
431 1500
432 2000
433 2000
434 2000
435 2000
436 1000
437 1000
438 1000
439 1500
440 500
441 1500
442 1500
443 1500
444 1500
445 2000
446 1000
447 2000
448 2000
449 1500
450 1500
451 1500
452 1000
453 1500
454 2000
455 1500
456 1000
457 1500
458 1500
459 1500
460 1500
461 1500
462 1000
463 2000
464 2000
465 2000
466 1500
467 2000
468 1000
469 1500
470 1000
471 2000
472 1500
473 1000
474 2000
475 1000
476 2000
477 1500
478 2000
479 1500
480 1000
481 1500
482 2000
483 2000
484 2000
485 1500
486 1500
487 1500
488 1000
489 1500
490 2000
491 2000
492 1500
493 2000
494 2000
495 2000
496 2000
497 2000
498 1500
499 1500
500 1500
501 1000
502 1500
503 500
504 1500
505 1000
506 1500
507 1500
508 1500
509 1500
510 1500
511 1500
512 1500
513 1500
514 1500
515 500
516 1000
517 1000
518 2000
519 1500
520 1000
521 2000
522 2000
523 1000
524 2000
525 2000
526 1500
527 1500
528 1500
529 2000
530 2000
531 1000
532 2000
533 1000
534 2000
535 2000
536 2000
537 1500
538 2000
539 2000
540 2000
541 2000
542 2000
543 2000
544 1000
545 1000
546 2000
547 1500
548 2000
549 1500
550 2000
551 2000
552 2000
553 1000
554 2000
555 1500
556 1500
557 1500
558 1500
559 2000
560 2000
561 2000
562 1000
563 1500
564 2000
565 2000
566 2000
567 1500
568 2000
569 2000
570 2000
571 1000
572 1500
573 2000
574 1500
575 1500
576 1500
577 1500
578 1500
579 2000
580 1500
581 2000
582 1000
583 2000
584 1500
585 1500
586 1500
587 2000
588 1500
589 1500
590 1000
591 2000
592 1000
593 1000
594 2000
595 1500
596 1500
597 2000
598 1000
599 1500

0 1 11 8
0 2 50 6
0 3 1 6
0 4 5 5
0 40 24 2
0 51 27 5
0 60 32 4
0 91 43 6
0 137 27 6
0 150 40 1
0 160 8 10
0 200 9 4
0 202 15 6
0 260 44 4
0 261 3 9
0 290 41 9
0 338 41 9
0 365 46 7
0 372 34 6
0 485 45 5
0 511 30 4
0 576 22 2
1 2 11 2
1 5 28 10
1 6 33 5
1 7 39 6
1 8 8 2
1 9 25 1
1 18 21 8
1 50 20 9
1 125 44 9
1 155 26 4
1 160 41 6
1 167 37 6
1 168 15 6
1 216 38 1
1 231 15 3
1 286 6 5
1 340 37 5
1 365 23 9
1 374 50 2
1 430 33 1
1 459 2 7
1 507 26 9
1 556 24 7
1 576 20 2
1 585 45 3
1 595 21 6
2 10 43 10
2 11 19 9
2 12 43 10
2 13 1 6
2 14 32 8
2 41 34 4
2 65 12 4
2 126 15 4
2 137 1 6
2 150 21 9
2 215 9 10
2 230 5 2
2 321 20 2
2 395 46 7
2 400 17 2
2 460 27 6
2 488 28 10
2 557 31 6
2 586 37 9
2 595 12 4
3 498 3 5
3 574 14 5
4 73 7 4
4 266 12 10
5 442 30 2
5 503 46 2
6 219 40 5
6 316 26 8
7 100 34 6
7 162 25 3
7 227 2 9
7 561 3 9
8 411 16 1
10 188 7 8
10 489 34 2
11 100 43 2
11 281 8 6
11 367 28 4
12 277 29 4
12 461 45 4
13 499 41 10
15 16 18 2
15 17 39 5
15 18 5 3
15 19 36 2
15 20 46 8
15 51 1 2
15 96 38 5
15 155 16 2
15 160 27 5
15 215 44 9
15 263 23 9
15 321 29 1
15 338 32 10
15 372 9 6
15 373 38 1
15 511 39 9
16 17 28 8
16 18 6 8
16 19 15 10
16 21 49 9
16 22 40 9
16 23 28 9
16 24 38 9
16 96 24 2
16 160 35 10
16 171 41 1
16 201 2 8
16 338 16 6
16 365 2 2
16 426 8 7
16 486 4 3
16 509 3 2
16 576 9 10
16 585 25 10
16 595 36 6
17 18 22 10
17 19 32 3
17 25 17 10
17 26 25 4
17 40 5 6
17 64 25 5
17 232 43 1
17 235 49 6
17 557 38 10
17 575 46 3
18 19 46 8
18 27 39 4
18 28 33 4
18 29 50 6
18 30 41 9
18 31 23 6
18 32 10 2
18 41 17 10
18 50 4 2
18 60 9 7
18 125 34 2
18 126 25 1
18 150 47 2
18 170 30 3
18 216 14 5
18 264 38 8
18 291 47 8
18 365 49 2
18 396 35 8
18 398 32 9
18 426 39 4
18 459 8 7
18 556 4 8
19 33 7 1
19 34 5 6
19 35 8 2
19 36 33 8
19 37 24 9
19 38 17 3
19 39 35 5
19 136 17 1
19 150 19 7
19 155 29 1
19 200 48 6
19 287 29 6
19 460 38 5
19 486 2 8
19 585 30 9
19 595 3 4
21 467 8 7
22 66 36 5
22 272 36 7
22 273 16 4
22 526 39 10
23 102 2 8
23 380 42 2
23 499 35 10
24 297 28 8
28 48 22 5
31 445 31 1
32 449 7 9
33 423 30 5
34 567 44 6
35 330 16 9
36 423 16 4
37 466 22 3
38 412 42 2
38 552 36 1
38 581 4 7
39 157 29 4
39 474 20 9
40 41 4 6
40 42 7 5
40 51 39 5
40 64 47 5
40 125 21 5
40 135 47 8
40 150 34 1
40 155 14 4
40 160 28 8
40 170 49 2
40 235 39 4
40 321 20 2
40 365 37 7
40 372 43 4
40 396 47 6
40 427 2 7
40 428 22 3
40 457 22 5
40 459 23 3
40 485 39 7
40 506 10 8
40 556 12 4
40 576 23 5
40 585 43 3
40 595 42 4
41 43 30 7
41 44 40 9
41 45 2 5
41 46 5 5
41 47 16 6
41 48 44 2
41 49 50 3
41 50 8 10
41 62 13 8
41 90 43 2
41 91 21 9
41 137 44 8
41 150 25 10
41 160 10 9
41 170 6 9
41 201 25 7
41 215 15 8
41 217 15 7
41 232 6 9
41 260 14 10
41 264 33 10
41 289 6 2
41 321 16 6
41 335 23 8
41 338 23 4
41 365 9 1
41 372 4 1
41 397 50 7
41 486 16 4
41 513 10 4
41 558 38 8
41 576 21 7
41 585 42 5
42 106 13 8
43 463 41 8
44 272 39 7
44 438 2 9
47 351 50 8
47 463 18 2
48 390 7 10
48 405 8 1
50 51 22 7
50 52 20 2
50 53 33 1
50 54 31 5
50 55 29 8
50 92 49 5
50 135 41 8
50 155 5 9
50 201 17 4
50 215 38 5
50 261 24 6
50 262 18 9
50 287 9 7
50 321 49 3
50 365 43 6
50 370 39 4
50 399 12 6
50 400 2 7
50 426 50 4
50 456 48 1
50 460 9 10
50 485 11 9
50 487 1 1
50 557 25 5
50 576 49 2
50 585 2 5
50 595 9 10
51 56 35 5
51 57 21 6
51 58 4 3
51 59 29 10
51 62 33 6
51 65 18 2
51 90 3 3
51 125 18 7
51 126 29 10
51 137 6 4
51 150 40 6
51 155 22 5
51 160 28 3
51 166 46 7
51 215 9 8
51 233 17 1
51 235 10 5
51 290 10 8
51 322 10 9
51 335 4 5
51 430 23 5
51 505 13 3
51 509 2 7
51 557 27 9
51 576 4 6
51 585 27 2
51 595 15 7
52 131 40 5
53 414 32 6
53 450 21 3
55 82 16 5
55 584 5 4
56 220 26 1
56 524 46 7
58 359 25 3
59 207 33 1
59 407 48 7
60 61 13 2
60 62 38 3
60 63 9 5
60 64 48 4
60 65 50 5
60 66 2 4
60 67 16 5
60 68 15 1
60 69 18 3
60 126 41 1
60 167 47 6
60 339 38 7
60 429 42 4
60 458 40 1
60 488 40 5
60 575 30 8
60 595 48 8
61 62 46 2
61 63 41 4
61 64 39 9
61 65 42 9
61 70 18 9
61 71 17 8
61 72 32 5
61 73 11 3
61 74 6 3
61 135 34 7
61 200 43 8
61 233 48 9
61 260 44 1
61 335 6 8
62 63 22 7
62 64 13 5
62 65 11 7
62 75 31 3
62 76 40 4
62 77 50 7
62 78 3 7
62 79 24 7
62 160 1 6
62 200 34 1
62 234 14 4
62 291 17 3
62 365 24 7
62 557 25 3
62 585 37 7
62 586 17 2
63 64 19 1
63 65 9 3
63 80 29 3
63 81 21 4
63 82 18 10
63 83 24 2
63 84 49 5
63 85 13 9
63 125 37 8
63 136 17 8
63 150 21 6
63 155 44 8
63 171 15 6
63 216 50 8
63 372 14 8
63 374 17 3
63 400 47 6
63 456 31 4
63 487 10 2
63 511 15 6
64 65 27 6
64 86 43 1
64 87 9 1
64 90 35 3
64 92 27 10
64 150 19 1
64 160 49 2
64 262 9 10
64 320 40 5
64 555 50 7
64 595 23 9
65 88 46 2
65 89 16 5
65 155 9 1
65 215 43 9
65 289 11 3
65 320 34 4
65 365 22 6
65 396 46 8
65 430 6 9
65 514 19 7
65 576 46 1
67 238 5 2
68 310 38 1
68 316 17 8
68 537 6 10
70 283 35 5
71 117 12 10
71 208 46 6
71 391 21 6
73 528 8 6
74 159 14 4
75 222 31 3
75 543 6 4
76 451 38 8
76 535 40 6
77 97 42 1
77 323 5 4
82 124 37 4
82 304 5 3
82 327 16 5
83 131 15 3
84 330 31 4
85 306 33 2
85 469 30 2
86 303 46 1
87 469 47 8
89 192 6 6
89 437 9 10
90 91 44 7
90 92 9 3
90 93 36 8
90 94 4 8
90 95 12 8
90 96 4 9
90 97 29 2
90 98 24 4
90 99 26 10
90 100 44 7
90 101 9 3
90 102 43 4
90 200 20 2
90 286 5 3
90 398 18 4
90 457 9 3
90 486 4 6
91 92 9 2
91 93 48 5
91 94 49 10
91 95 2 2
91 96 49 9
91 103 1 1
91 104 37 5
91 105 15 3
91 106 49 10
91 135 47 8
91 137 39 4
91 150 11 3
91 217 30 1
91 339 35 6
91 507 42 8
91 558 21 6
91 585 17 9
92 93 5 1
92 94 29 6
92 95 31 2
92 96 11 7
92 107 16 4
92 108 42 5
92 150 4 10
92 160 48 6
92 171 44 3
92 233 15 3
92 263 4 3
92 320 41 1
92 365 7 10
92 370 3 6
92 595 28 7
93 94 42 8
93 95 30 1
93 96 39 2
93 109 42 6
93 110 43 6
93 111 18 8
93 112 13 8
93 125 39 3
93 155 37 4
93 202 37 8
93 217 10 4
93 285 1 9
93 335 20 5
93 365 50 9
93 371 16 7
93 428 3 5
93 507 35 3
93 595 33 10
94 95 25 9
94 96 14 1
94 113 12 7
94 114 35 3
94 115 28 10
94 116 31 1
94 117 10 10
94 118 43 1
94 119 43 10
94 425 25 5
94 458 38 8
94 485 47 9
94 585 32 1
95 96 23 4
95 120 24 10
95 121 35 7
95 126 36 9
95 160 48 8
95 575 11 5
95 576 11 9
96 122 7 8
96 123 22 1
96 124 29 1
96 155 13 5
96 171 22 6
96 231 33 4
96 322 28 8
96 395 35 8
96 488 14 3
97 251 19 8
98 300 31 9
98 472 32 10
99 347 8 7
99 446 3 6
99 481 11 7
99 543 12 1
101 414 33 8
103 128 35 2
103 141 6 4
109 218 5 2
110 432 29 4
110 521 12 1
112 220 19 9
113 349 28 4
113 418 28 8
114 527 17 7
115 272 31 10
115 496 49 5
115 560 11 4
115 584 3 8
117 578 5 3
119 500 18 7
122 594 36 6
124 520 40 9
125 126 6 9
125 127 25 4
125 128 33 2
125 129 20 9
125 130 4 8
125 131 18 7
125 132 41 10
125 133 18 9
125 135 48 6
125 155 10 4
125 160 48 1
125 170 36 7
125 200 20 9
125 202 29 10
125 215 12 4
125 217 3 10
125 263 11 1
125 287 7 5
125 291 28 4
125 321 34 9
125 322 4 3
125 339 22 9
125 372 3 9
125 373 24 6
125 397 27 8
125 456 1 6
125 458 10 8
125 487 43 1
125 558 47 7
125 576 33 4
125 585 23 8
125 595 50 1
126 134 2 2
126 136 10 2
126 150 2 5
126 233 48 4
126 264 22 7
126 335 35 9
126 365 44 4
126 395 2 10
126 425 40 4
126 426 1 6
126 511 9 8
126 512 10 2
126 558 6 10
126 586 17 7
128 259 48 9
128 368 26 9
128 519 40 2
129 218 44 6
129 375 33 5
132 472 36 2
134 296 36 8
135 136 18 1
135 137 47 3
135 138 27 8
135 139 44 3
135 140 38 3
135 155 2 6
135 160 22 1
135 216 40 6
135 230 9 8
135 235 12 9
135 287 18 10
135 320 22 10
135 321 24 7
135 365 6 1
135 373 9 7
135 457 24 5
135 459 29 7
135 513 29 7
135 555 24 4
135 575 2 9
136 137 19 2
136 141 31 10
136 142 39 4
136 143 35 4
136 144 25 3
136 150 1 7
136 160 39 7
136 168 46 4
136 169 47 7
136 201 49 8
136 202 47 6
136 337 4 2
136 399 26 5
136 400 44 1
136 430 13 1
136 487 34 9
136 514 37 2
136 556 16 2
136 575 37 9
136 595 7 5
137 145 50 5
137 146 21 10
137 147 26 6
137 148 20 5
137 149 43 5
137 150 13 1
137 217 27 4
137 263 30 5
137 264 25 6
137 286 24 10
137 337 47 9
137 365 5 10
137 373 27 5
137 428 25 2
137 487 32 6
137 586 31 10
137 595 30 4
138 404 11 10
138 474 13 4
140 481 3 8
141 164 37 4
142 221 4 4
144 467 5 5
144 534 22 7
146 226 19 5
146 304 35 10
147 542 36 7
148 390 2 9
148 405 6 2
149 229 32 8
149 589 41 7
150 151 6 3
150 152 13 6
150 153 21 8
150 154 31 10
150 155 25 8
150 160 26 7
150 165 39 10
150 167 11 10
150 201 48 8
150 202 25 9
150 215 2 7
150 216 7 7
150 232 26 5
150 234 4 9
150 262 6 4
150 263 43 7
150 285 48 8
150 288 19 5
150 321 13 3
150 337 35 3
150 338 30 9
150 365 43 6
150 372 6 1
150 398 22 10
150 399 5 6
150 426 38 7
150 430 46 3
150 458 25 10
150 460 17 10
150 485 12 7
150 488 44 9
150 510 50 6
150 514 9 4
150 555 19 10
150 556 47 7
150 575 14 2
150 586 5 10
150 595 4 8
151 276 26 6
151 403 44 1
152 588 19 5
153 437 25 10
153 560 44 8
155 156 42 2
155 157 50 4
155 158 10 7
155 159 10 10
155 160 11 6
155 168 49 4
155 171 4 3
155 200 7 7
155 202 31 8
155 215 6 3
155 216 38 3
155 231 7 3
155 233 31 8
155 261 24 6
155 262 23 10
155 288 50 8
155 290 21 3
155 321 45 6
155 336 13 6
155 338 45 2
155 365 43 10
155 371 7 6
155 396 50 3
155 400 4 4
155 426 8 9
155 428 15 9
155 458 15 10
155 459 24 5
155 488 19 4
155 511 43 4
155 512 36 5
155 556 5 10
155 558 31 4
155 576 17 5
155 585 25 1
155 595 27 9
157 212 34 8
157 562 12 6
158 205 37 6
160 161 2 9
160 162 37 4
160 163 3 2
160 164 22 2
160 165 1 3
160 171 46 1
160 201 33 6
160 202 5 10
160 215 39 7
160 217 35 4
160 231 24 9
160 233 45 9
160 262 16 10
160 264 16 9
160 285 47 1
160 288 19 8
160 320 14 8
160 338 11 3
160 340 29 9
160 365 42 5
160 370 7 4
160 374 31 3
160 395 36 3
160 400 35 9
160 425 32 10
160 426 39 4
160 458 31 9
160 460 15 10
160 485 26 8
160 488 38 4
160 507 9 7
160 510 39 8
160 556 3 8
160 557 48 1
160 575 23 7
160 585 49 9
160 595 23 9
163 583 14 4
164 376 38 5
164 553 23 2
164 589 25 9
165 166 47 8
165 167 40 5
165 168 7 9
165 169 3 1
165 170 33 1
165 171 26 1
165 172 14 9
165 173 4 6
165 174 42 1
165 175 42 1
165 336 29 7
165 458 37 10
165 558 32 3
166 167 1 3
166 168 39 3
166 169 40 6
166 170 2 4
166 171 6 4
166 176 47 10
166 177 15 2
166 178 20 3
166 179 25 5
166 180 42 9
166 181 7 9
166 182 26 4
166 231 35 6
166 264 42 2
166 287 39 1
166 398 41 6
166 487 41 5
166 514 48 3
167 168 46 8
167 169 1 3
167 170 40 2
167 171 5 7
167 183 39 3
167 184 18 10
167 185 38 9
167 186 15 4
167 201 47 10
167 216 30 10
167 425 35 9
167 430 15 9
167 510 4 7
167 555 35 1
167 576 47 1
168 169 24 4
168 170 16 2
168 171 28 3
168 187 40 6
168 188 46 9
168 189 10 5
168 190 41 5
168 216 37 10
168 263 36 9
168 371 16 1
168 460 43 6
168 576 36 3
169 170 31 3
169 171 15 8
169 191 38 5
169 192 46 3
169 193 31 10
169 200 2 9
169 337 19 1
169 585 22 6
170 171 39 9
170 194 48 10
170 195 35 10
170 196 33 6
170 197 13 10
170 321 17 4
170 365 44 10
170 371 38 4
170 399 36 10
170 486 47 8
170 585 30 9
170 595 9 8
171 198 9 5
171 199 10 2
171 232 16 8
171 288 7 10
171 322 41 1
172 577 17 5
173 237 21 1
174 402 34 9
175 549 39 5
177 420 21 8
180 226 41 6
180 342 22 4
181 490 21 10
182 207 5 2
182 346 21 9
182 537 50 6
184 188 3 9
184 330 20 10
184 572 5 7
185 442 2 5
186 519 38 1
187 208 27 9
189 432 14 10
191 434 39 3
191 447 46 6
193 298 46 2
194 284 6 8
194 389 40 1
195 431 18 2
195 596 2 8
197 471 28 4
198 317 31 7
199 517 22 8
200 201 9 1
200 202 35 5
200 203 39 10
200 204 27 5
200 205 31 2
200 206 21 8
200 207 5 1
200 208 20 6
200 230 33 5
200 264 12 7
200 336 1 9
200 397 26 5
200 456 41 7
200 485 27 8
200 575 26 1
200 595 40 9
201 202 45 6
201 209 8 1
201 210 49 8
201 233 17 3
201 287 29 9
201 320 48 1
201 365 15 1
201 397 9 6
201 425 30 3
201 428 34 2
201 458 34 2
201 486 26 3
201 505 8 2
201 510 41 1
201 555 17 6
201 556 44 7
201 586 40 9
201 595 1 1
202 211 50 10
202 212 3 7
202 213 12 7
202 214 42 8
202 215 37 1
202 264 36 2
202 288 48 6
202 322 15 9
202 365 2 8
202 371 35 10
202 373 49 7
202 586 42 5
203 352 17 2
205 594 43 1
208 305 2 7
208 493 30 3
211 472 1 4
212 561 8 8
213 404 30 4
213 499 46 4
214 331 45 5
214 542 47 7
215 216 1 5
215 217 11 2
215 218 44 1
215 219 48 9
215 220 17 7
215 221 4 5
215 222 40 10
215 223 16 6
215 232 4 1
215 320 29 7
215 372 49 7
215 398 43 2
215 458 8 10
215 576 10 5
215 586 33 3
215 595 6 6
216 217 36 4
216 224 2 7
216 225 33 5
216 260 3 9
216 286 34 1
216 322 25 8
216 365 40 7
216 457 49 9
216 486 11 1
216 487 27 7
216 505 7 1
216 514 10 8
216 576 37 1
216 585 2 2
216 595 13 6
217 226 3 10
217 227 4 9
217 228 19 3
217 229 7 2
217 231 20 2
217 262 5 9
217 285 26 7
217 338 22 4
217 373 11 4
217 399 44 1
217 425 49 7
217 427 11 1
217 555 21 2
217 557 40 4
220 443 33 7
221 477 47 6
222 253 38 4
226 364 29 8
228 542 48 6
230 231 31 10
230 232 7 5
230 233 7 10
230 234 41 8
230 235 38 6
230 236 1 5
230 237 31 8
230 286 40 1
230 399 19 2
230 470 38 6
230 485 18 8
230 555 30 10
230 585 47 2
231 232 24 8
231 233 3 3
231 234 32 4
231 235 46 9
231 238 2 3
231 239 28 5
231 240 2 5
231 241 9 10
231 242 13 6
231 398 18 7
231 510 9 7
231 575 22 4
231 595 11 1
232 233 21 8
232 234 44 10
232 235 27 3
232 243 18 3
232 244 24 1
232 245 20 6
232 246 11 4
232 247 14 4
232 340 17 4
232 371 42 9
232 426 46 5
232 595 49 10
233 234 40 10
233 235 1 2
233 248 8 6
233 249 29 6
233 250 18 4
233 264 1 9
233 287 29 5
233 338 14 6
233 365 49 7
233 585 18 5
234 235 44 2
234 251 9 8
234 252 29 8
234 253 43 5
234 254 39 3
234 425 48 10
234 512 16 1
234 575 29 7
235 255 38 6
235 256 4 10
235 257 47 4
235 258 32 9
235 259 45 10
235 261 22 7
235 320 20 9
235 322 22 3
235 365 29 8
235 374 27 1
235 457 34 9
235 459 2 7
235 485 21 4
235 557 47 2
237 408 7 8
243 436 35 10
245 359 39 2
246 449 7 2
248 504 28 9
252 298 44 10
252 482 3 5
252 589 11 4
254 549 18 8
258 419 1 9
258 542 20 2
260 261 50 2
260 262 36 7
260 263 42 3
260 264 50 4
260 265 9 8
260 266 11 1
260 267 1 7
260 336 3 1
260 427 37 3
260 488 5 1
260 575 50 5
261 262 46 5
261 263 25 5
261 264 12 7
261 268 37 10
261 269 4 7
261 270 28 5
261 271 32 9
261 272 50 7
261 273 11 5
261 322 43 2
261 365 15 6
261 374 37 5
261 398 18 1
261 555 26 9
261 576 34 2
261 585 21 6
262 263 25 2
262 264 37 2
262 274 36 4
262 275 32 10
262 276 16 4
262 277 29 9
262 278 29 2
262 365 17 2
262 429 7 10
262 486 30 8
262 505 10 7
263 264 43 2
263 279 37 7
263 321 35 3
263 371 49 8
263 400 13 2
263 457 16 5
263 507 13 9
263 556 18 5
263 595 22 8
264 280 24 8
264 281 4 2
264 282 45 3
264 283 12 4
264 284 21 10
264 288 21 7
264 291 10 3
264 336 48 3
264 458 11 3
264 585 50 3
264 595 2 5
266 330 1 3
266 515 7 7
271 376 20 2
273 472 30 2
274 319 10 10
275 480 3 1
281 535 28 6
282 304 23 8
283 526 38 8
285 286 8 8
285 287 12 2
285 288 14 4
285 289 24 8
285 290 46 10
285 291 5 8
285 292 42 3
285 458 48 2
285 508 19 3
285 586 15 4
286 287 12 1
286 288 39 6
286 289 16 8
286 290 30 7
286 291 31 9
286 293 8 10
286 294 8 1
286 295 12 3
286 296 37 7
286 297 43 5
286 298 36 6
286 299 46 5
286 365 29 4
286 373 12 7
286 426 19 4
286 455 5 6
286 556 50 3
286 595 20 7
287 288 5 6
287 289 46 3
287 290 29 3
287 291 7 5
287 300 32 5
287 301 6 3
287 302 22 8
287 303 43 8
287 304 20 4
287 305 32 6
287 306 36 9
287 365 15 10
287 425 38 1
287 576 16 4
288 289 25 8
288 290 16 1
288 291 28 6
288 307 33 3
288 308 49 9
288 309 38 7
288 310 26 8
288 311 26 7
288 322 40 7
288 340 19 10
288 374 21 3
288 396 33 1
289 290 17 1
289 291 9 5
289 312 7 4
289 313 8 5
289 314 13 8
289 321 32 8
290 291 45 10
290 315 48 4
290 316 18 9
290 336 40 1
290 397 46 9
290 487 20 9
290 488 38 10
290 555 27 5
290 575 38 5
290 586 14 10
291 317 37 1
291 318 31 5
291 319 35 8
291 513 37 2
291 595 44 4
297 465 26 3
299 442 31 8
299 578 37 4
301 440 1 4
301 531 20 7
301 572 23 5
302 545 4 3
304 484 24 5
309 311 27 3
310 414 27 9
311 362 40 7
313 461 21 3
314 599 11 3
315 435 11 8
315 565 21 6
316 465 23 6
318 405 23 8
318 411 16 5
319 532 28 8
320 321 48 7
320 322 25 8
320 323 43 7
320 324 12 5
320 325 27 5
320 326 47 5
320 340 34 6
320 371 19 1
320 508 28 4
320 575 34 9
320 586 27 6
320 595 31 3
321 322 7 6
321 327 41 3
321 328 5 7
321 329 20 7
321 330 35 5
321 331 15 4
321 332 27 10
321 333 1 1
321 340 16 9
321 371 19 9
321 395 40 5
321 425 49 1
321 455 16 8
321 486 42 8
321 558 46 4
322 334 40 5
322 365 30 2
322 399 28 10
322 430 35 8
322 455 42 10
322 510 11 5
322 557 44 4
322 575 26 1
323 351 48 4
323 522 21 6
329 453 9 8
329 547 7 4
330 588 30 6
331 375 12 5
333 409 36 3
335 336 1 9
335 337 49 1
335 338 6 1
335 339 27 3
335 340 5 8
335 341 16 2
335 365 29 3
335 372 17 6
335 485 46 7
335 595 24 9
336 337 32 3
336 338 8 10
336 339 44 3
336 340 7 9
336 342 30 5
336 343 3 10
336 344 8 1
336 345 22 10
336 365 22 1
336 506 2 5
336 595 19 10
337 338 38 3
337 339 40 3
337 340 7 3
337 346 22 1
337 347 49 8
337 348 19 6
337 349 10 2
337 399 36 8
337 488 17 6
337 576 32 3
337 586 26 1
338 339 39 10
338 340 10 2
338 350 7 2
338 351 22 2
338 576 30 4
339 340 48 7
339 352 33 5
339 353 23 2
339 354 33 10
339 355 1 2
339 356 7 7
339 357 3 8
339 358 5 7
339 372 25 5
339 455 4 2
340 359 47 4
340 360 11 3
340 361 48 1
340 362 6 7
340 363 23 2
340 364 25 1
340 398 47 6
340 427 32 7
340 459 23 1
340 509 37 7
340 557 20 5
340 585 21 1
343 368 19 3
344 448 22 8
347 580 35 8
348 439 12 10
349 366 19 7
353 404 49 3
356 416 35 9
360 389 44 4
361 414 11 6
362 565 27 9
363 490 13 2
364 421 10 3
364 574 21 7
365 366 22 4
365 367 41 9
365 368 27 6
365 369 13 5
365 374 17 9
365 395 17 9
365 397 16 8
365 427 15 9
365 430 11 9
365 457 20 4
365 460 21 9
365 486 22 6
365 487 9 3
365 505 33 10
365 508 35 1
365 555 30 3
365 556 4 6
365 576 38 7
365 585 24 4
365 586 10 9
365 595 11 10
367 502 11 8
370 371 13 7
370 372 46 9
370 373 19 7
370 374 10 9
370 375 13 8
370 376 1 9
370 377 24 6
370 378 48 3
370 379 14 10
370 380 50 7
370 381 2 5
370 395 13 2
370 398 20 9
370 486 33 2
370 558 16 4
371 372 15 4
371 373 25 10
371 374 37 1
371 382 9 2
371 383 26 7
371 384 26 3
371 385 9 8
372 373 22 4
372 374 5 10
372 386 12 3
372 387 17 4
372 388 26 8
372 389 24 10
372 390 24 3
372 458 23 3
372 460 22 10
372 595 12 9
373 374 18 1
373 391 32 2
373 392 13 3
373 487 17 4
373 506 17 8
373 556 47 8
373 585 19 9
373 595 10 3
374 393 41 10
374 394 9 4
374 428 27 6
374 430 32 10
374 510 46 2
374 575 46 8
374 576 7 10
375 537 18 5
377 469 39 3
389 451 36 4
391 448 16 1
392 548 37 8
393 415 35 9
393 563 36 1
394 521 2 10
395 396 12 8
395 397 24 6
395 398 17 8
395 399 1 10
395 400 20 6
395 401 46 6
395 402 5 8
395 403 47 9
395 404 1 2
395 405 34 1
395 428 30 3
395 429 25 10
395 557 47 3
395 576 26 8
396 397 24 9
396 398 22 7
396 399 8 9
396 400 38 1
396 406 5 1
396 407 3 5
396 408 48 4
396 409 12 1
396 410 49 10
396 411 44 7
396 585 5 10
396 586 44 9
397 398 32 8
397 399 9 7
397 400 42 3
397 412 13 7
397 413 15 3
397 485 45 5
397 510 35 3
398 399 41 7
398 400 24 3
398 414 20 2
398 415 22 1
398 416 45 7
398 417 32 5
398 418 46 5
398 575 39 9
398 595 13 3
399 400 49 6
399 419 17 10
399 511 30 10
400 420 16 5
400 421 36 2
400 422 24 10
400 423 38 10
400 424 42 6
400 455 14 10
400 459 30 6
400 485 12 5
400 557 44 6
400 595 19 3
411 492 18 3
415 481 22 1
417 443 13 1
418 542 10 6
423 431 37 8
423 536 48 7
425 426 30 3
425 427 15 7
425 428 20 10
425 429 9 8
425 430 29 3
425 431 42 3
425 432 29 8
425 433 2 8
425 434 15 6
425 486 20 5
425 585 49 7
426 427 1 7
426 428 9 3
426 429 4 10
426 430 42 10
426 435 24 7
426 436 15 2
426 437 15 10
426 511 32 6
426 555 24 7
427 428 5 9
427 429 13 5
427 430 42 1
427 438 16 7
427 460 6 3
427 486 1 6
427 575 32 1
428 429 16 5
428 430 8 3
428 439 35 8
428 440 21 9
428 441 49 5
428 442 27 7
428 443 11 6
428 595 42 5
429 430 21 4
429 444 24 8
429 445 26 8
429 446 42 1
429 513 14 8
429 557 45 4
429 585 9 5
429 595 33 10
430 447 50 8
430 448 35 2
430 449 40 3
430 450 13 7
430 451 21 8
430 452 28 4
430 453 46 8
430 454 33 6
430 456 34 1
438 574 13 2
441 464 20 3
444 536 5 6
444 551 4 6
448 494 10 1
449 492 16 10
449 559 1 7
454 484 8 1
455 456 13 8
455 457 1 10
455 458 9 10
455 459 21 7
455 460 35 9
455 461 8 1
455 462 39 6
455 463 34 3
455 464 7 8
455 465 24 7
455 466 49 4
455 467 4 10
455 468 46 1
455 575 8 10
455 595 29 4
456 457 5 4
456 458 25 9
456 459 33 10
456 460 18 4
456 469 14 9
456 470 22 5
457 458 25 10
457 459 4 2
457 460 9 3
457 471 50 7
457 472 17 9
457 473 40 4
457 474 17 8
457 513 26 4
457 514 42 3
457 575 34 2
457 585 3 5
458 459 3 1
458 460 14 10
458 475 37 5
458 476 47 6
458 486 12 2
458 555 9 10
459 460 16 3
459 477 6 8
459 478 31 4
459 479 30 2
459 480 21 3
459 487 16 9
459 558 20 6
459 595 43 6
460 481 16 5
460 482 21 1
460 483 24 3
460 484 2 4
464 589 42 10
465 479 16 4
465 578 30 5
467 484 46 5
477 561 2 5
485 486 35 6
485 487 34 3
485 488 12 3
485 489 22 6
485 490 10 3
485 491 31 10
485 492 43 7
485 493 41 8
485 494 24 9
485 556 43 6
486 487 10 8
486 488 42 9
486 495 23 3
486 509 45 1
486 595 43 3
487 488 43 8
487 496 36 6
487 497 32 6
487 498 7 8
487 499 28 5
487 500 17 4
487 501 41 5
487 557 14 8
487 586 6 10
487 595 34 8
488 502 24 7
488 503 21 9
488 504 41 10
488 508 32 3
488 575 37 10
488 576 15 7
488 585 23 9
489 502 13 2
489 583 45 8
492 560 47 1
502 529 45 10
505 506 41 2
505 507 43 7
505 508 2 4
505 509 45 4
505 510 32 4
505 511 31 10
505 512 23 9
505 513 17 8
505 514 18 8
505 515 7 4
506 507 43 10
506 508 30 6
506 509 36 4
506 510 31 5
506 511 37 7
506 512 24 7
506 513 41 7
506 514 50 4
506 516 45 3
506 517 2 3
506 518 22 7
506 519 36 6
507 508 43 3
507 509 44 6
507 510 16 8
507 511 13 1
507 512 49 1
507 513 35 3
507 514 18 4
507 520 19 3
507 521 39 7
507 522 12 10
507 557 4 5
507 576 2 1
507 586 6 7
507 595 2 6
508 509 15 9
508 510 11 7
508 511 25 8
508 512 24 10
508 513 13 9
508 514 32 5
508 523 8 9
508 524 6 5
508 525 16 7
508 526 25 7
508 527 27 1
508 528 27 8
508 595 22 5
509 510 44 8
509 511 26 2
509 512 38 4
509 513 47 6
509 514 35 3
509 529 29 10
509 530 20 4
509 531 4 1
509 532 42 10
509 533 5 8
509 586 12 10
510 511 24 4
510 512 21 10
510 513 16 7
510 514 21 3
510 534 46 9
510 535 16 2
510 536 46 8
510 537 39 8
511 512 15 7
511 513 30 10
511 514 9 8
511 538 13 9
511 539 7 6
511 540 35 5
512 513 35 2
512 514 46 8
512 541 17 1
512 542 48 10
512 543 4 5
512 544 43 6
512 545 48 7
513 514 2 7
513 546 12 4
513 547 12 4
514 548 30 1
514 549 16 9
514 550 49 1
514 551 11 9
514 552 33 3
514 553 39 10
514 554 31 9
514 558 32 4
518 573 14 4
525 540 3 6
527 592 41 9
531 547 18 5
540 559 50 6
552 581 27 1
555 556 18 2
555 557 22 8
555 558 29 6
555 559 28 9
555 560 13 8
555 561 3 9
555 562 16 3
555 595 40 4
556 557 22 4
556 558 25 1
556 563 32 2
556 564 33 3
556 565 35 3
556 585 35 10
557 558 20 6
557 566 28 8
557 567 12 7
557 568 10 1
557 569 45 3
557 570 32 7
557 576 19 1
557 595 22 10
558 571 9 8
558 572 2 3
558 573 39 2
558 574 2 2
573 496 18 10
573 599 33 5
575 576 27 2
575 577 2 3
575 578 32 1
575 579 27 9
575 585 38 10
575 595 8 5
576 580 36 3
576 581 4 3
576 582 11 7
576 583 28 1
576 584 41 9
576 586 37 9
576 595 11 6
585 586 34 8
585 587 32 9
585 588 13 6
585 589 15 7
585 595 50 1
586 590 19 9
586 591 19 10
586 592 23 5
586 593 37 6
586 594 29 6
595 596 48 8
595 597 34 1
595 598 3 5
595 599 33 2

0 248 10
1 9 13
2 382 2
3 53 30
4 223 10
5 190 17
6 542 58
7 58 19
8 38 65
9 518 16
10 265 3
11 225 22
12 7 45
13 352 27
14 522 23
15 213 30
16 364 49
17 282 35
18 552 32
19 31 35
20 112 14
21 184 20
22 147 14
23 128 105
24 361 13
25 358 4
26 47 47
27 363 18
28 539 4
29 12 60
30 341 10
31 140 13
32 270 9
33 274 17
34 212 18
35 228 45
36 454 16
37 56 39
38 114 28
39 313 11
40 6 36
41 311 28
42 541 12
43 324 5
44 356 12
45 432 28
46 20 32
47 495 10
48 208 67
49 133 9
50 115 38
51 349 27
52 238 5
53 152 9
54 377 24
55 179 7
56 389 52
57 77 35
58 385 2
59 78 2
60 127 16
61 55 32
62 360 39
63 237 35
64 464 20
65 229 10
66 407 34
67 569 16
68 568 5
69 597 10
70 551 10
71 284 10
72 351 65
73 151 43
74 476 28
75 323 30
76 85 48
77 156 11
78 346 14
79 413 7
80 14 12
81 375 17
82 123 8
83 193 49
84 573 65
85 465 70
86 445 26
87 379 9
88 546 4
89 189 11
90 182 54
91 195 34
92 566 10
93 69 12
94 564 14
95 101 11
96 110 45
97 583 40
98 565 30
99 66 11
100 247 10
101 482 8
102 329 17
103 245 20
104 268 12
105 211 22
106 45 1
107 75 41
108 535 23
109 251 10
110 540 38
111 145 28
112 37 12
113 73 7
114 158 23
115 550 19
116 538 9
117 548 27
118 559 32
119 3 6
120 185 16
121 471 34
122 570 16
123 23 38
124 138 12
125 34 31
126 312 3
127 43 24
128 146 35
129 536 27
130 188 26
131 328 3
132 21 17
133 401 23
134 525 11
135 278 12
136 295 6
137 76 35
138 463 36
139 448 27
140 333 10
141 119 31
142 305 15
143 198 11
144 82 42
145 434 12
146 36 27
147 521 22
148 224 2
149 560 71
150 433 1
151 308 19
152 348 17
153 52 40
154 194 65
155 591 6
156 484 18
157 496 31
158 310 26
159 327 15
160 474 22
161 113 41
162 554 7
163 175 23
164 10 52
165 418 35
166 28 30
167 283 38
168 88 28
169 357 1
170 159 15
171 139 25
172 579 18
173 587 8
174 483 15
175 252 27
176 411 46
177 494 19
178 391 41
179 412 12
180 57 7
181 24 24
182 419 6
183 435 10
184 491 13
185 388 17
186 347 43
187 530 14
188 343 9
189 130 2
190 497 19
191 524 28
192 176 20
193 116 22
194 490 17
195 172 9
196 30 22
197 107 5
198 350 4
199 210 22
200 97 57
201 543 10
202 532 26
203 594 56
204 393 23
205 467 28
206 354 8
207 148 18
208 406 3
209 186 22
210 254 30
211 561 4
212 131 27
213 386 4
214 417 29
215 276 23
216 478 7
217 422 7
218 180 30
219 33 26
220 534 22
221 273 38
222 84 27
223 447 40
224 256 2
225 581 18
226 106 30
227 144 24
228 46 3
229 298 88
230 380 31
231 42 11
232 22 83
233 72 13
234 318 40
235 529 22
236 493 42
237 280 14
238 236 1
239 239 8
