600 1800 240

0 25 200
1 50 500
2 75 800
3 100 1200
4 125 1700
5 150 2300
6 175 3000
7 200 3800
8 225 4600
9 250 5500

0 1500
1 2000
2 1000
3 1000
4 2000
5 1500
6 1500
7 1500
8 1500
9 1500
10 2000
11 2000
12 1500
13 2000
14 2000
15 1000
16 2000
17 2000
18 2000
19 1500
20 1000
21 1000
22 2000
23 2000
24 2000
25 2000
26 2000
27 1000
28 2000
29 2000
30 1000
31 1500
32 1500
33 1500
34 1000
35 1500
36 1500
37 500
38 1500
39 2000
40 2000
41 1500
42 1500
43 2000
44 2000
45 1000
46 1000
47 1000
48 1000
49 2000
50 1000
51 500
52 500
53 1500
54 1500
55 1500
56 1000
57 1000
58 2000
59 1000
60 1000
61 2000
62 1000
63 1000
64 1500
65 1500
66 2000
67 2000
68 1000
69 1000
70 1500
71 1000
72 1000
73 1500
74 2000
75 1500
76 2000
77 2000
78 1500
79 1500
80 1000
81 1500
82 1500
83 500
84 1000
85 1500
86 2000
87 1500
88 2000
89 1500
90 1500
91 1000
92 1500
93 1500
94 2000
95 2000
96 2000
97 2000
98 1500
99 500
100 1500
101 1500
102 1500
103 1500
104 1500
105 1500
106 2000
107 2000
108 1500
109 1000
110 2000
111 1000
112 1000
113 2000
114 2000
115 2000
116 1500
117 1500
118 1000
119 2000
120 2000
121 1000
122 2000
123 2000
124 1500
125 1500
126 1000
127 2000
128 2000
129 1500
130 1500
131 1500
132 2000
133 1000
134 1500
135 1000
136 1000
137 2000
138 2000
139 1000
140 1500
141 1500
142 1500
143 2000
144 2000
145 1500
146 1500
147 1500
148 2000
149 2000
150 2000
151 1000
152 2000
153 2000
154 1500
155 1500
156 1000
157 1500
158 1500
159 1500
160 1000
161 1000
162 2000
163 1000
164 1000
165 500
166 1500
167 1000
168 1500
169 2000
170 2000
171 1000
172 1000
173 1500
174 2000
175 1500
176 2000
177 1500
178 2000
179 2000
180 1500
181 1500
182 1500
183 1500
184 1500
185 1500
186 2000
187 1000
188 2000
189 1000
190 2000
191 1000
192 2000
193 1500
194 1500
195 1500
196 1500
197 2000
198 2000
199 1000
200 2000
201 1000
202 2000
203 2000
204 2000
205 1500
206 1500
207 2000
208 1000
209 1000
210 1500
211 1500
212 1500
213 2000
214 1500
215 2000
216 2000
217 1500
218 1500
219 2000
220 1500
221 1500
222 1500
223 1500
224 1500
225 1500
226 1500
227 1500
228 2000
229 2000
230 2000
231 2000
232 1500
233 1000
234 2000
235 1500
236 2000
237 1500
238 2000
239 1000
240 1500
241 1500
242 1500
243 2000
244 1500
245 2000
246 2000
247 1500
248 1000
249 1000
250 2000
251 2000
252 1500
253 1000
254 2000
255 1500
256 1500
257 2000
258 1000
259 1500
260 1500
261 1500
262 2000
263 1000
264 1000
265 2000
266 1500
267 1500
268 1000
269 2000
270 1500
271 1500
272 2000
273 2000
274 2000
275 2000
276 1500
277 1000
278 1000
279 2000
280 1000
281 1500
282 1500
283 1500
284 1500
285 1500
286 1500
287 1500
288 1500
289 1500
290 2000
291 2000
292 1500
293 2000
294 2000
295 1000
296 2000
297 2000
298 1000
299 1500
300 2000
301 2000
302 2000
303 1000
304 1500
305 2000
306 2000
307 1500
308 2000
309 1000
310 1000
311 2000
312 1000
313 2000
314 1000
315 2000
316 2000
317 1000
318 1000
319 2000
320 1500
321 1500
322 1500
323 1500
324 2000
325 2000
326 2000
327 2000
328 2000
329 1000
330 1000
331 1000
332 1000
333 2000
334 2000
335 2000
336 1500
337 2000
338 1000
339 2000
340 1500
341 2000
342 2000
343 2000
344 2000
345 1000
346 1500
347 1500
348 1500
349 1500
350 1000
351 1000
352 500
353 500
354 1500
355 1000
356 2000
357 2000
358 1500
359 1000
360 2000
361 2000
362 1500
363 1000
364 2000
365 2000
366 1000
367 1500
368 1000
369 2000
370 1500
371 2000
372 1000
373 500
374 1500
375 1500
376 1500
377 1500
378 1500
379 1500
380 1500
381 1000
382 2000
383 2000
384 1000
385 2000
386 1500
387 1000
388 1000
389 1000
390 2000
391 2000
392 2000
393 1000
394 2000
395 1500
396 1000
397 2000
398 1000
399 2000
400 1000
401 2000
402 1500
403 2000
404 2000
405 1500
406 1000
407 1000
408 1500
409 2000
410 1500
411 2000
412 2000
413 1000
414 500
415 1500
416 500
417 1500
418 1500
419 2000
420 2000
421 2000
422 1500
423 1500
424 1500
425 1500
426 1500
427 1500
428 1500
429 1500
430 1500
431 2000
432 2000
433 2000
434 2000
435 2000
436 1000
437 2000
438 2000
439 2000
440 2000
441 2000
442 2000
443 2000
444 1500
445 2000
446 2000
447 1500
448 1500
449 1000
450 2000
451 2000
452 2000
453 1000
454 2000
455 1000
456 1500
457 1500
458 1500
459 500
460 2000
461 2000
462 1500
463 1500
464 2000
465 1000
466 2000
467 2000
468 2000
469 1500
470 1000
471 2000
472 1500
473 2000
474 1000
475 1000
476 1500
477 1500
478 1500
479 1500
480 1500
481 1500
482 500
483 2000
484 2000
485 2000
486 2000
487 2000
488 2000
489 1000
490 2000
491 2000
492 2000
493 1500
494 1500
495 1000
496 2000
497 1500
498 1000
499 1500
500 1500
501 2000
502 2000
503 2000
504 1000
505 1500
506 1000
507 1000
508 1000
509 2000
510 1500
511 1500
512 1500
513 1500
514 1500
515 1000
516 2000
517 2000
518 1500
519 2000
520 2000
521 2000
522 2000
523 2000
524 1000
525 2000
526 1000
527 2000
528 1000
529 1500
530 2000
531 1000
532 1500
533 2000
534 2000
535 1500
536 1500
537 2000
538 2000
539 1000
540 2000
541 2000
542 1000
543 1500
544 1000
545 1500
546 1500
547 1500
548 2000
549 1500
550 1000
551 2000
552 1500
553 1000
554 2000
555 1000
556 2000
557 1500
558 1500
559 2000
560 1500
561 1500
562 1500
563 2000
564 2000
565 1000
566 1000
567 2000
568 2000
569 1000
570 2000
571 2000
572 1000
573 2000
574 2000
575 1500
576 1500
577 1500
578 1500
579 1500
580 2000
581 1000
582 2000
583 1500
584 2000
585 2000
586 2000
587 2000
588 2000
589 1000
590 2000
591 1000
592 1000
593 2000
594 2000
595 2000
596 2000
597 2000
598 1000
599 2000

0 1 13 6
0 2 50 7
0 3 50 8
0 4 48 8
0 8 33 3
0 9 15 9
0 30 30 5
0 33 14 4
0 55 5 3
0 56 28 10
0 65 45 8
0 71 6 7
0 73 16 8
0 90 1 10
0 101 13 3
0 104 22 6
0 130 3 6
0 142 9 6
0 157 40 9
0 158 26 6
0 180 26 4
0 182 36 5
0 210 13 10
0 211 39 8
0 220 47 3
0 222 30 2
0 261 48 5
0 270 6 10
0 271 43 8
0 280 49 4
0 281 16 5
0 320 22 1
0 322 37 8
0 340 21 8
0 346 46 6
0 347 7 5
0 375 21 9
0 380 50 1
0 405 29 1
0 406 18 7
0 425 45 7
0 428 32 2
0 455 9 7
0 458 25 5
0 479 34 3
0 480 25 8
0 512 5 9
0 535 19 6
0 536 1 8
0 545 34 5
0 546 6 9
0 560 38 8
0 562 48 9
0 576 40 4
1 214 15 5
2 465 30 2
4 206 25 6
5 6 3 1
5 7 26 4
5 8 17 6
5 9 46 3
5 10 7 8
5 11 2 6
5 12 31 6
5 56 33 3
5 65 48 2
5 73 9 7
5 142 1 6
5 285 25 10
5 323 49 1
5 340 15 9
5 349 28 10
5 425 10 9
5 458 23 3
5 535 35 8
5 545 36 6
5 561 19 4
5 577 30 3
6 7 40 4
6 8 24 4
6 9 34 9
6 13 30 2
6 14 28 10
6 15 44 6
6 32 39 10
6 55 1 9
6 73 32 1
6 90 45 6
6 130 25 6
6 261 48 1
6 270 31 9
6 340 33 1
6 350 16 9
6 546 29 2
7 8 44 10
7 9 37 4
7 16 6 10
7 17 39 10
7 65 17 5
7 91 48 6
7 102 2 5
7 184 49 9
7 260 18 7
7 322 9 9
7 378 9 8
7 405 4 8
7 576 37 9
8 9 37 10
8 18 25 7
8 19 12 9
8 20 1 2
8 21 2 2
8 22 35 1
8 23 9 1
8 24 44 2
8 25 29 9
8 141 48 10
8 155 34 3
8 158 6 5
8 180 33 6
8 225 9 4
8 270 44 4
8 281 13 10
8 475 30 1
8 476 21 2
8 514 29 6
8 536 8 5
8 560 34 10
9 26 10 10
9 27 33 10
9 28 50 6
9 29 3 1
9 30 30 2
9 105 50 5
9 130 5 5
9 210 33 2
9 223 28 6
9 376 24 3
9 408 29 6
9 425 1 7
9 456 32 8
9 513 10 5
10 115 25 6
11 299 3 2
12 80 18 10
12 203 49 8
15 555 14 6
18 78 17 9
19 47 8 3
19 132 6 6
19 192 8 6
19 424 11 8
19 573 27 8
21 402 21 9
23 54 5 5
24 153 3 7
25 82 27 3
25 440 45 9
27 136 25 4
27 504 17 6
28 217 37 10
29 134 28 7
29 415 14 2
30 31 25 1
30 32 30 5
30 33 42 10
30 34 17 4
30 35 10 3
30 36 11 9
30 37 30 3
30 71 12 5
30 91 16 9
30 155 42 4
30 181 36 8
30 210 26 10
30 281 20 8
30 323 2 5
30 340 47 9
30 377 15 2
30 380 9 2
30 425 5 8
30 476 14 3
31 32 36 6
31 33 25 10
31 34 42 5
31 38 46 4
31 39 50 2
31 40 24 6
31 41 23 2
31 42 37 10
31 43 19 6
31 65 8 9
31 261 37 7
31 406 27 6
31 545 17 9
31 560 45 5
32 33 38 1
32 34 19 3
32 44 43 1
32 45 12 6
32 156 8 7
32 211 24 10
32 220 13 8
32 270 4 9
32 340 5 7
32 350 23 7
32 456 17 5
32 458 13 4
32 576 49 8
33 34 20 3
33 46 6 10
33 47 25 8
33 48 27 4
33 49 24 4
33 50 19 5
33 55 5 4
33 227 3 3
33 270 8 2
33 321 17 3
33 430 24 6
33 477 4 5
33 513 18 3
33 535 30 8
33 546 47 3
34 51 15 5
34 52 42 9
34 53 5 8
34 54 41 9
34 56 48 9
34 72 5 10
34 90 11 5
34 105 15 1
34 130 49 3
34 140 26 8
34 141 29 10
34 181 20 4
34 260 34 10
34 284 46 10
34 345 15 3
34 408 5 2
34 511 49 5
34 535 43 3
34 562 38 7
34 575 10 2
35 300 5 4
36 596 18 2
38 137 35 7
38 543 13 1
39 125 34 8
39 175 46 9
39 235 15 4
39 529 44 9
40 245 45 8
41 44 33 7
42 464 22 3
43 300 5 8
43 448 1 8
44 311 40 5
44 432 16 1
44 485 50 7
47 165 21 1
49 452 22 4
51 459 15 8
51 489 13 1
53 523 4 6
55 56 23 1
55 57 30 2
55 58 41 1
55 59 46 4
55 60 36 9
55 61 38 9
55 62 2 5
55 63 7 6
55 65 23 8
55 102 37 2
55 105 42 3
55 131 11 5
55 142 24 7
55 159 48 8
55 181 25 8
55 184 28 5
55 210 16 9
55 221 49 6
55 224 28 5
55 261 41 6
55 271 14 8
55 283 15 9
55 285 30 6
55 323 45 1
55 340 13 2
55 347 47 9
55 349 48 7
55 380 48 6
55 407 11 6
55 430 9 8
55 456 29 4
55 477 22 3
55 536 37 4
55 545 22 1
55 547 17 3
55 576 40 2
56 64 13 9
56 65 34 7
56 70 11 2
56 72 9 7
56 91 2 2
56 131 25 3
56 141 44 1
56 158 20 1
56 211 42 8
56 261 25 1
56 271 3 9
56 321 45 7
56 340 15 8
56 377 49 4
56 408 15 4
56 425 31 8
56 457 36 8
56 479 48 9
56 512 46 4
56 513 1 4
56 535 42 2
56 561 4 9
56 576 28 2
57 217 2 3
57 317 1 6
57 528 35 7
58 401 19 9
62 93 9 7
64 483 9 10
65 66 3 2
65 67 24 7
65 68 29 7
65 69 38 8
65 70 13 1
65 71 42 10
65 91 1 2
65 101 37 9
65 103 40 3
65 130 10 8
65 140 48 1
65 142 31 1
65 156 49 7
65 157 5 4
65 181 32 3
65 182 17 9
65 210 29 3
65 211 21 6
65 225 27 6
65 260 49 6
65 261 38 9
65 271 4 4
65 283 30 10
65 287 38 1
65 322 32 6
65 323 10 10
65 340 40 3
65 348 35 8
65 350 35 1
65 377 34 10
65 378 35 1
65 405 40 10
65 429 45 6
65 456 19 7
65 479 3 4
65 480 48 6
65 510 40 3
65 535 43 1
65 547 1 3
65 560 2 1
65 562 47 5
65 578 5 7
66 116 23 6
67 252 13 8
67 466 49 4
70 71 24 1
70 72 31 5
70 73 7 3
70 74 11 7
70 75 11 9
70 76 33 8
70 77 31 4
70 100 37 2
70 130 27 6
70 131 24 1
70 182 18 6
70 210 11 4
70 211 40 7
70 261 2 9
70 270 21 2
70 287 5 1
70 340 7 5
70 428 6 4
70 455 25 4
70 458 39 2
70 477 8 6
70 535 20 1
70 545 8 10
70 546 38 1
71 72 43 2
71 73 1 9
71 78 26 8
71 79 27 9
71 80 27 1
71 81 34 7
71 101 20 6
71 142 25 5
71 158 5 5
71 185 27 5
71 226 9 1
71 284 24 6
71 321 17 5
71 322 42 1
71 348 21 9
71 376 44 5
71 406 27 8
71 478 39 1
71 560 41 6
71 575 41 10
72 73 50 5
72 82 1 4
72 83 40 3
72 91 28 4
72 159 43 7
72 260 18 8
72 406 10 9
72 430 17 9
72 511 42 9
72 513 36 10
72 536 12 4
72 579 41 7
73 84 13 8
73 85 43 6
73 86 20 1
73 87 10 3
73 88 23 4
73 89 26 6
73 90 48 5
73 141 48 4
73 226 12 9
73 345 8 5
73 376 28 6
74 108 36 2
74 315 8 6
75 251 39 8
75 529 41 8
76 266 42 6
76 522 23 2
77 291 40 5
79 167 3 3
79 262 23 8
81 92 32 3
81 192 39 1
81 307 25 7
81 461 12 2
81 503 37 4
82 238 6 4
82 343 19 9
84 168 46 10
84 289 47 3
85 216 10 6
87 191 11 2
87 438 8 8
89 257 31 2
90 91 33 10
90 92 49 2
90 93 40 1
90 94 23 10
90 95 43 1
90 96 5 5
90 97 13 5
90 98 25 4
90 104 40 2
90 105 17 10
90 130 23 10
90 140 43 8
90 210 4 7
90 223 14 2
90 270 16 4
90 321 35 9
90 340 11 10
90 428 33 1
90 455 4 5
90 458 42 2
90 480 4 5
90 535 28 1
90 536 21 3
90 547 8 1
90 562 49 2
90 576 29 1
90 579 14 6
91 99 39 3
91 141 49 2
91 155 36 8
91 158 23 1
91 180 21 1
91 182 15 6
91 211 45 10
91 224 18 8
91 260 50 3
91 261 9 3
91 271 15 9
91 282 43 1
91 284 17 7
91 323 37 4
91 340 43 2
91 347 14 9
91 376 5 7
91 379 21 2
91 405 40 5
91 408 38 5
91 426 24 7
91 479 34 7
91 510 18 10
91 511 3 10
91 545 14 9
91 560 4 2
92 335 18 7
93 521 17 8
97 471 41 9
97 571 27 10
98 257 46 1
100 101 21 8
100 102 39 1
100 103 15 3
100 104 19 3
100 105 10 6
100 106 20 5
100 107 46 9
100 108 1 1
100 109 45 8
100 110 40 4
100 260 38 2
100 286 47 4
100 428 25 4
100 458 44 1
101 102 4 5
101 103 35 5
101 104 21 2
101 105 30 2
101 111 35 7
101 112 24 6
101 113 24 9
101 141 2 5
101 183 23 2
101 222 49 3
101 270 31 1
101 320 24 5
101 376 12 2
101 536 16 10
101 575 44 1
102 103 5 9
102 104 45 10
102 105 34 6
102 114 44 1
102 157 42 2
102 211 22 2
102 405 17 6
102 477 50 3
102 511 27 6
102 546 22 1
103 104 21 1
103 105 27 3
103 115 5 1
103 116 1 9
103 117 11 4
103 118 2 7
103 119 40 7
103 120 22 6
103 121 37 7
103 157 40 7
103 211 9 7
103 260 33 10
103 271 2 8
103 322 27 7
103 407 14 6
103 536 12 2
103 562 1 3
103 576 28 1
104 105 32 1
104 122 16 7
104 123 49 7
104 124 3 7
104 125 9 8
104 126 29 2
104 283 23 2
104 349 48 6
104 380 33 9
104 458 27 7
105 127 30 3
105 128 26 8
105 129 40 5
105 130 3 8
105 140 36 3
105 182 11 9
105 340 39 9
105 345 8 4
105 430 1 2
105 479 5 8
105 513 17 6
105 547 3 2
105 562 37 8
110 557 28 7
113 552 1 1
114 383 6 8
115 462 44 2
115 518 18 6
117 238 25 10
120 543 50 7
121 384 12 4
122 422 37 2
123 383 27 2
124 570 38 6
126 165 43 9
128 170 17 5
128 558 46 10
129 386 50 1
129 563 31 10
130 131 1 5
130 132 40 2
130 133 47 8
130 134 43 7
130 135 15 8
130 136 23 9
130 137 24 3
130 155 21 2
130 211 39 9
130 226 18 9
130 260 1 1
130 271 37 9
130 286 10 9
130 321 41 10
130 340 42 5
130 350 45 4
130 408 38 1
130 430 42 6
130 455 9 6
130 481 36 10
130 546 9 3
130 547 19 8
130 562 31 6
131 138 23 7
131 139 23 6
131 140 21 2
131 142 34 3
131 157 26 2
131 184 36 10
131 211 50 9
131 224 21 5
131 260 2 4
131 270 20 2
131 282 26 10
131 321 47 6
131 347 26 6
131 375 18 9
131 378 32 1
131 406 45 9
131 430 49 9
131 458 29 7
131 512 49 8
131 514 48 3
131 536 19 6
131 561 28 8
131 575 33 8
131 576 31 4
132 154 48 8
134 552 48 1
135 553 27 7
137 259 46 5
138 195 18 7
140 141 27 6
140 142 16 3
140 143 10 5
140 144 19 1
140 159 10 2
140 182 22 2
140 183 18 7
140 210 32 1
140 226 11 5
140 270 9 3
140 282 29 7
140 287 26 5
140 322 7 9
140 340 17 4
140 407 10 1
140 426 45 4
140 458 35 7
140 511 40 6
140 536 11 7
140 560 21 6
140 578 32 1
141 142 17 7
141 145 47 7
141 146 40 6
141 147 50 3
141 148 4 5
141 149 34 6
141 222 18 10
141 260 40 2
141 270 24 8
141 320 27 2
141 340 39 7
141 348 31 7
141 350 37 8
141 376 47 7
141 428 18 5
141 475 12 6
141 535 12 7
141 545 29 5
141 546 1 3
141 577 31 4
142 150 33 8
142 151 9 7
142 152 14 5
142 153 17 5
142 154 35 8
142 157 20 10
142 210 5 3
142 407 5 2
142 455 25 2
142 475 23 5
142 512 30 8
142 561 23 6
143 311 39 2
143 374 29 6
144 197 10 10
144 293 17 6
145 492 7 1
146 594 29 2
147 421 44 3
149 173 24 8
149 288 44 6
149 446 9 9
150 597 23 8
152 276 18 1
152 588 38 1
155 156 20 2
155 157 22 5
155 158 50 7
155 159 42 3
155 160 8 5
155 161 7 1
155 162 28 8
155 163 40 4
155 164 6 2
155 211 17 4
155 261 45 4
155 271 50 8
155 320 25 1
155 408 42 6
155 480 17 7
155 536 30 2
156 157 10 2
156 158 1 8
156 159 38 4
156 165 9 9
156 185 2 10
156 271 3 8
156 350 25 8
156 375 24 1
156 456 39 7
156 514 6 5
157 158 14 6
157 159 30 10
157 166 44 7
157 167 26 3
157 168 35 9
157 169 1 6
157 170 43 3
157 180 20 9
157 211 8 6
157 222 35 5
157 261 4 6
157 323 37 1
157 340 5 8
157 476 27 5
157 536 42 7
157 546 24 1
157 562 36 6
157 576 4 4
158 159 39 9
158 171 16 7
158 172 2 3
158 173 15 1
158 174 36 7
158 280 4 6
158 340 24 4
158 345 36 9
158 430 8 8
159 175 29 2
159 176 21 8
159 177 47 9
159 178 43 5
159 179 19 8
159 226 29 4
159 281 5 8
159 380 41 3
159 407 35 8
159 429 43 3
159 457 50 6
159 512 43 1
159 545 1 8
159 560 26 2
159 577 42 5
162 367 41 6
164 581 25 7
166 468 8 6
166 495 40 7
166 521 3 1
168 439 30 9
172 317 11 7
173 395 24 6
176 232 36 8
177 467 2 9
178 444 29 4
179 337 40 3
180 181 17 5
180 182 7 8
180 183 31 5
180 184 8 10
180 185 2 7
180 186 42 5
180 210 32 6
180 271 27 4
180 340 42 2
180 546 3 8
180 547 18 2
181 182 25 1
181 183 18 7
181 184 31 2
181 185 26 9
181 187 12 10
181 188 13 7
181 189 10 7
181 190 26 3
181 191 20 8
181 192 34 4
181 193 22 10
181 194 24 1
181 195 50 3
181 225 19 3
181 282 46 9
181 283 22 4
181 379 48 3
181 405 16 10
181 514 11 8
181 536 34 6
181 575 18 9
182 183 11 9
182 184 15 9
182 185 10 2
182 196 29 9
182 197 2 8
182 198 21 5
182 223 29 9
182 260 16 4
182 271 31 7
182 340 2 9
182 430 22 4
182 560 2 10
183 184 9 9
183 185 39 1
183 199 31 4
183 200 45 4
183 201 21 3
183 202 19 10
183 203 22 5
183 320 36 2
183 405 13 2
183 457 47 4
183 458 39 10
183 476 39 1
183 513 29 6
183 535 20 8
183 578 42 5
184 185 7 6
184 204 14 8
184 205 18 4
184 206 40 3
184 210 7 7
184 320 6 4
184 346 25 6
184 376 31 3
185 207 42 6
185 208 18 1
185 209 16 2
185 261 3 5
185 348 22 1
185 429 18 8
185 480 24 8
185 561 38 7
190 451 50 8
190 543 50 9
191 214 5 10
191 410 30 1
192 193 38 7
192 234 48 4
193 494 39 7
194 295 2 7
194 571 5 3
194 574 4 9
196 343 21 2
196 532 48 7
201 276 41 10
202 247 21 2
202 585 13 9
203 371 19 10
203 402 36 5
203 534 43 1
205 503 24 3
207 549 16 10
209 566 2 9
210 211 4 10
210 212 47 4
210 213 18 9
210 214 1 3
210 215 25 4
210 226 20 10
210 261 2 5
210 271 41 5
210 340 12 9
210 349 36 9
210 430 47 9
210 457 20 6
210 475 36 8
210 513 3 9
210 535 25 6
210 560 33 4
210 575 48 3
210 576 13 7
211 216 19 2
211 217 49 4
211 218 32 1
211 219 14 3
211 225 43 3
211 261 36 10
211 270 19 5
211 283 38 6
211 286 34 2
211 321 17 4
211 323 3 2
211 340 13 2
211 345 10 10
211 378 14 7
211 379 27 5
211 405 42 2
211 406 46 9
211 430 1 7
211 455 13 6
211 477 24 4
211 512 17 3
211 536 33 9
211 545 5 10
211 547 18 8
211 562 39 9
212 342 46 5
212 471 8 1
215 364 32 4
216 461 10 3
216 472 7 8
218 257 29 7
219 240 5 4
220 221 14 1
220 222 29 7
220 223 22 10
220 224 15 10
220 225 1 2
220 226 20 5
220 227 30 1
220 228 30 3
220 229 4 10
220 230 24 5
220 231 48 7
220 261 31 3
220 340 48 10
220 378 46 7
220 455 6 5
220 475 50 1
220 477 1 2
221 222 14 2
221 223 14 6
221 224 8 1
221 225 50 5
221 226 9 2
221 227 18 3
221 232 33 9
221 233 11 6
221 234 13 7
221 235 25 10
221 261 19 9
221 271 5 5
221 321 15 4
221 322 7 10
221 405 23 10
221 545 17 6
221 578 41 8
222 223 21 9
222 224 36 4
222 225 21 5
222 226 32 2
222 227 3 5
222 236 6 6
222 237 15 9
222 238 35 4
222 239 19 4
222 283 27 2
222 348 42 4
222 405 23 2
222 535 43 2
223 224 19 4
223 225 49 10
223 226 27 1
223 227 2 2
223 240 18 9
223 241 14 7
223 242 14 1
223 243 34 9
223 244 15 5
223 380 23 10
223 430 49 9
223 562 7 10
224 225 16 1
224 226 45 8
224 227 42 6
224 245 33 2
224 246 28 9
224 247 45 5
224 248 27 9
224 249 38 10
224 427 27 8
224 455 49 2
224 514 3 10
224 562 3 4
225 226 31 2
225 227 41 1
225 250 23 4
225 251 43 8
225 270 38 5
225 287 17 8
225 340 38 6
225 350 40 5
225 514 37 1
225 536 21 10
225 575 38 7
226 227 9 6
226 252 40 4
226 253 38 10
226 254 12 4
226 255 5 6
226 256 44 8
227 257 9 8
227 258 23 9
227 259 19 3
227 545 16 10
228 262 42 3
230 256 14 2
232 526 10 6
235 339 16 3
235 354 5 9
236 415 19 8
237 361 16 2
237 540 20 4
238 336 5 1
241 254 27 9
242 382 14 4
242 412 45 10
243 256 45 6
244 294 1 7
245 419 25 3
246 446 23 7
246 487 26 8
251 418 3 5
255 599 36 7
259 384 22 9
260 261 7 4
260 262 12 8
260 263 26 10
260 264 37 6
260 271 34 1
260 281 14 10
260 285 16 5
260 322 15 9
260 340 37 8
260 349 6 9
260 455 35 10
260 480 31 10
260 513 11 8
260 536 23 4
260 547 44 10
261 265 15 10
261 266 10 7
261 267 18 5
261 268 24 7
261 269 50 9
261 271 24 7
261 320 1 9
261 340 38 1
261 347 35 8
261 375 16 10
261 378 18 6
261 405 3 2
261 407 35 10
261 427 10 10
261 428 48 2
261 458 17 3
261 478 40 9
261 511 2 3
261 535 11 1
261 562 31 4
261 575 37 9
265 385 42 2
266 438 20 10
266 445 15 4
267 291 37 2
269 593 40 2
270 271 39 4
270 272 8 2
270 273 9 7
270 274 49 8
270 275 8 10
270 280 16 1
270 281 35 8
270 321 43 4
270 340 21 3
270 349 26 4
270 350 5 4
270 376 4 7
270 405 12 9
270 429 37 8
270 513 22 10
270 560 38 3
270 579 28 3
271 276 20 6
271 277 35 10
271 278 41 4
271 279 46 1
271 340 50 2
271 380 12 6
271 426 16 8
271 455 48 8
271 475 10 9
271 477 1 2
271 512 9 2
271 536 17 7
271 545 11 9
271 576 4 6
272 494 35 2
272 563 7 3
273 361 12 7
276 519 15 9
278 424 28 3
280 281 18 1
280 282 21 1
280 283 8 2
280 284 13 5
280 285 39 5
280 286 40 4
280 287 25 10
280 288 2 7
280 289 8 3
280 320 25 3
280 348 20 5
281 282 21 2
281 283 25 10
281 284 47 2
281 285 24 3
281 286 50 9
281 287 8 5
281 290 27 5
281 291 8 10
281 321 9 2
281 377 43 3
281 427 49 4
282 283 3 2
282 284 18 2
282 285 15 2
282 286 3 7
282 287 20 1
282 292 16 4
282 293 42 6
282 340 39 8
282 457 50 3
282 546 39 9
282 579 45 9
283 284 10 8
283 285 38 7
283 286 41 7
283 287 4 8
283 294 29 5
283 295 19 1
283 296 23 3
283 297 27 8
283 298 14 9
283 349 4 7
283 455 18 10
283 481 14 3
283 536 27 10
284 285 5 5
284 286 27 7
284 287 31 9
284 299 50 5
284 300 22 7
284 301 45 4
284 302 24 8
284 303 34 6
284 479 22 4
284 560 11 5
285 286 42 8
285 287 32 2
285 304 32 9
285 305 6 2
285 306 6 5
285 307 20 8
285 308 6 9
285 380 10 3
285 425 13 2
285 511 30 8
285 535 18 3
286 287 40 10
286 309 41 1
286 310 7 3
286 311 5 8
286 312 12 8
286 340 9 4
286 407 10 8
286 510 4 2
286 545 40 8
286 575 41 4
287 313 46 8
287 314 40 2
287 315 24 8
287 316 42 6
287 317 5 4
287 318 10 10
287 319 36 10
287 406 50 2
287 560 38 5
288 531 27 10
289 446 2 1
291 374 8 10
291 410 31 5
291 501 48 5
291 532 5 10
292 441 50 1
293 394 15 2
294 325 31 5
296 399 7 1
297 307 48 6
303 553 22 3
304 582 47 6
305 500 32 2
307 383 8 9
307 569 48 2
308 586 4 4
313 434 46 9
315 505 9 9
320 321 30 3
320 322 13 7
320 323 41 5
320 324 28 7
320 325 2 7
320 326 37 5
320 327 41 10
320 340 23 4
320 345 23 5
320 377 1 3
320 426 45 2
320 456 32 1
320 481 13 4
320 536 50 9
321 322 5 2
321 323 13 7
321 328 13 7
321 329 46 9
321 330 32 5
321 331 41 9
321 340 25 4
321 407 25 7
321 425 43 6
321 511 29 2
321 536 17 4
321 562 49 4
322 323 23 9
322 332 38 7
322 333 29 4
322 334 11 4
322 456 46 9
322 477 46 9
322 546 48 6
322 562 21 6
322 578 22 5
323 335 29 6
323 336 19 2
323 337 31 10
323 338 16 8
323 339 47 5
323 348 45 8
323 378 45 3
323 405 34 8
323 511 45 6
323 545 13 1
323 579 45 10
327 374 41 6
328 469 14 8
329 472 6 7
329 549 2 10
331 472 49 7
334 417 37 3
334 494 5 8
335 420 1 9
337 342 37 1
340 341 33 8
340 342 4 5
340 343 30 10
340 344 10 4
340 346 30 1
340 347 37 9
340 376 31 4
340 380 33 8
340 406 24 3
340 408 9 6
340 426 34 4
340 429 29 6
340 455 30 6
340 457 1 9
340 479 25 3
340 480 4 2
340 512 11 5
340 535 25 10
340 546 43 1
340 547 37 6
340 562 31 1
340 576 35 3
340 578 12 5
341 386 34 3
345 346 19 5
345 347 18 7
345 348 35 9
345 349 37 7
345 350 32 5
345 351 28 5
345 352 25 7
345 353 32 4
345 429 24 1
346 347 33 6
346 348 22 4
346 349 46 3
346 350 5 7
346 354 6 3
346 355 7 10
346 356 9 7
346 357 10 4
346 358 5 8
346 359 40 6
346 430 39 7
346 560 27 7
346 575 32 3
347 348 16 3
347 349 10 9
347 350 36 3
347 360 30 8
347 361 31 9
347 362 10 5
347 363 30 7
347 364 33 3
347 375 12 2
347 456 10 8
347 535 2 3
347 547 26 6
347 579 39 7
348 349 16 10
348 350 40 6
348 365 3 2
348 366 48 7
348 367 7 6
348 368 34 3
348 369 7 8
349 350 40 3
349 370 46 5
349 371 36 3
349 372 20 5
349 378 27 4
349 407 39 6
349 511 11 5
349 561 32 1
350 373 42 5
350 374 48 10
350 406 40 4
350 455 28 5
350 475 15 6
350 479 39 1
350 510 6 8
350 535 28 10
350 546 42 10
351 395 42 5
354 401 45 1
358 464 12 8
362 585 15 8
364 471 23 5
367 463 37 6
370 502 38 3
371 434 48 5
374 558 24 9
375 376 49 2
375 377 27 9
375 378 26 3
375 379 15 10
375 380 49 7
375 381 45 4
375 382 44 2
375 383 14 3
375 407 16 4
375 468 44 7
375 511 29 7
375 545 12 3
375 547 45 10
376 377 31 7
376 378 4 2
376 379 35 10
376 380 8 4
376 384 26 1
376 385 27 6
376 386 20 10
376 387 39 8
376 388 5 1
376 458 34 2
376 562 5 4
377 378 14 1
377 379 34 7
377 380 41 3
377 389 47 1
377 390 30 7
377 427 29 9
378 379 46 6
378 380 40 8
378 391 2 5
378 392 23 6
378 393 20 2
378 394 7 10
378 395 49 1
378 425 44 2
378 455 26 5
378 535 44 6
378 579 38 9
379 380 10 3
379 396 3 10
379 397 2 6
379 398 45 4
379 399 21 8
379 400 36 2
379 481 20 6
379 513 29 1
379 562 48 9
379 576 19 4
380 401 26 6
380 402 1 6
380 403 1 1
380 404 1 5
380 406 29 4
380 475 37 8
380 535 25 6
381 400 37 3
381 493 18 4
381 524 36 6
386 563 28 3
390 417 5 10
391 543 34 10
394 494 3 6
395 401 44 7
398 526 34 5
399 548 41 2
402 522 2 8
405 406 41 1
405 407 48 10
405 408 5 5
405 409 10 10
405 410 9 3
405 411 12 10
405 412 35 1
405 413 49 7
405 425 20 9
405 455 22 4
405 479 35 5
405 511 46 5
405 545 11 4
405 577 2 7
406 407 19 9
406 408 8 9
406 414 3 5
406 562 35 7
407 220 39 5
407 408 49 2
407 415 32 7
407 416 43 3
407 417 49 8
407 457 22 5
407 536 13 5
407 560 50 3
408 418 46 2
408 419 15 10
408 420 2 9
408 421 35 9
408 422 9 10
408 423 33 5
408 424 4 1
408 427 2 7
408 480 12 9
408 510 47 6
408 535 8 2
408 545 42 6
408 579 12 6
411 499 45 9
418 444 11 6
418 556 26 7
419 454 7 6
422 441 32 2
422 501 28 10
423 501 22 10
424 483 41 10
425 426 12 2
425 427 49 4
425 428 21 8
425 429 43 9
425 430 24 9
425 431 17 7
425 477 21 2
425 546 13 2
425 579 42 6
426 427 17 2
426 428 29 10
426 429 25 4
426 430 1 6
426 432 31 2
426 433 5 2
426 434 16 4
426 435 35 10
426 560 4 3
427 428 27 2
427 429 37 8
427 430 34 9
427 436 31 2
427 437 50 4
427 438 17 4
427 439 41 4
427 440 21 5
427 457 47 10
428 429 30 3
428 430 2 8
428 441 9 4
428 442 7 8
428 443 22 8
428 444 38 1
428 445 28 10
428 446 37 7
428 447 28 8
428 448 20 2
428 475 34 8
428 510 18 5
428 577 6 8
429 430 28 2
429 449 50 7
429 450 11 7
429 455 23 1
429 545 47 6
430 451 38 4
430 452 29 10
430 453 9 7
430 454 49 2
430 514 45 8
430 535 39 3
430 562 19 5
434 483 5 6
437 586 13 5
441 516 50 3
443 447 43 6
455 456 3 9
455 457 14 1
455 458 7 1
455 459 17 6
455 511 21 5
455 535 9 8
455 545 35 2
455 547 34 8
455 562 41 8
456 457 20 9
456 458 4 4
456 460 47 6
456 461 19 1
456 462 30 10
456 463 30 4
456 464 32 4
456 465 29 6
456 466 30 9
456 467 30 2
456 479 8 9
456 510 47 10
456 576 19 1
457 458 33 6
457 468 15 4
457 469 6 4
457 479 16 2
458 470 40 9
458 471 25 10
458 472 44 2
458 473 3 3
458 474 42 4
458 536 8 10
458 561 6 5
458 576 11 2
461 527 28 7
462 580 19 5
463 501 11 9
471 485 37 10
473 596 47 6
475 476 44 9
475 477 16 1
475 478 27 7
475 479 19 3
475 480 13 7
475 481 36 4
475 482 35 10
475 512 48 3
475 560 23 4
476 477 29 10
476 478 5 6
476 479 50 6
476 480 10 1
476 481 43 10
476 483 33 5
476 484 26 7
476 485 20 7
476 486 29 8
476 487 50 9
476 488 38 4
476 489 27 9
476 490 21 3
477 478 35 9
477 479 11 2
477 480 16 5
477 481 15 8
477 491 49 4
477 492 1 3
477 493 42 6
478 479 37 8
478 480 20 9
478 481 44 6
478 494 36 6
478 495 24 7
478 496 13 7
478 497 49 3
478 546 13 7
478 560 2 8
478 577 48 5
479 480 39 2
479 481 42 4
479 498 48 1
479 499 38 5
479 500 41 10
479 501 1 3
479 502 28 2
479 511 23 2
479 535 45 4
479 536 14 5
479 545 16 1
479 577 21 3
480 481 46 8
480 503 1 5
480 504 46 10
481 505 12 5
481 506 35 2
481 507 32 6
481 508 37 6
481 509 36 4
487 501 30 7
491 537 46 1
493 582 38 3
500 572 3 5
510 511 25 5
510 512 7 8
510 513 19 8
510 514 43 3
510 515 44 2
510 516 50 6
510 517 34 10
510 518 14 10
511 512 14 8
511 513 12 3
511 514 20 4
511 519 8 6
511 520 48 6
511 545 35 10
512 513 19 5
512 514 12 9
512 521 39 1
512 522 27 5
512 523 21 3
512 524 41 6
512 525 7 4
512 535 23 1
512 561 40 1
513 514 13 1
513 526 20 5
513 527 2 4
513 528 24 7
513 529 28 9
513 530 8 1
513 531 39 4
513 532 18 8
513 545 17 9
513 561 31 10
514 533 29 5
514 534 4 8
514 536 39 4
514 579 17 10
521 540 42 10
529 558 43 2
535 536 13 2
535 537 14 6
535 538 48 9
535 539 2 2
535 540 5 6
536 541 19 10
536 542 29 7
536 543 43 8
536 544 17 7
536 545 38 6
536 546 42 4
536 560 28 6
536 562 47 9
536 576 46 5
536 577 36 7
545 546 28 2
545 547 41 10
545 548 35 6
545 549 9 5
545 550 2 1
545 551 28 4
545 552 33 2
545 560 23 7
546 547 42 1
546 553 30 10
546 554 1 1
546 555 2 7
547 556 45 2
547 557 7 1
547 558 44 4
547 559 3 9
547 560 36 3
547 576 6 4
547 578 36 3
549 588 4 5
560 561 45 6
560 562 48 3
560 563 1 9
560 564 7 9
560 565 50 9
560 566 2 3
561 562 39 3
561 567 26 2
561 568 36 3
561 569 2 1
561 570 17 9
561 571 47 1
561 572 26 9
561 573 2 9
561 577 40 9
562 574 15 8
562 576 4 6
564 583 34 7
573 497 20 9
575 576 17 4
575 577 46 4
575 578 38 1
575 579 26 9
575 580 7 9
575 581 21 8
576 577 30 3
576 578 5 4
576 579 25 4
576 582 2 7
576 583 31 4
576 584 37 9
576 585 5 9
576 586 1 6
576 587 50 10
576 588 33 10
576 589 32 3
577 578 15 9
577 579 3 6
577 590 38 7
578 579 50 7
578 591 2 8
578 592 39 3
578 593 30 7
578 594 40 10
578 595 43 6
579 596 8 3
579 597 2 6
579 598 36 5
579 599 3 4

0 13 17
1 324 12
2 492 4
3 28 31
4 128 39
5 556 23
6 517 23
7 434 75
8 454 19
9 441 53
10 541 8
11 169 1
12 17 12
13 302 10
14 152 15
15 432 13
16 584 8
17 313 41
18 66 14
19 450 6
20 150 39
21 10 23
22 399 34
23 76 27
24 502 27
25 272 34
26 97 56
27 452 35
28 440 21
29 132 38
30 451 61
31 533 8
32 596 16
33 178 15
34 594 29
35 120 51
36 491 51
37 537 18
38 4 34
39 300 9
40 77 38
41 202 28
42 291 101
43 344 6
44 383 34
45 364 55
46 106 13
47 296 11
48 586 11
49 22 14
50 326 21
51 391 18
52 275 5
53 401 61
54 530 5
55 246 41
56 251 25
57 328 17
58 334 24
59 306 2
60 485 54
61 580 19
62 122 30
63 433 4
64 11 2
65 96 2
66 361 32
67 397 1
68 442 4
69 343 46
70 26 4
71 254 18
72 509 18
73 571 56
74 39 96
75 153 7
76 204 9
77 473 24
78 483 22
79 403 1
80 490 7
81 548 31
82 460 33
83 435 20
84 385 23
85 213 4
86 421 18
87 590 25
88 521 62
89 297 50
90 293 31
91 464 39
92 110 38
93 564 16
94 144 24
95 215 34
96 574 5
97 409 7
98 24 26
99 325 18
100 273 9
101 484 18
102 519 11
103 176 31
104 593 25
105 192 77
106 74 25
107 335 11
108 16 5
109 573 20
110 123 29
111 419 25
112 61 19
113 114 34
114 420 2
115 95 16
116 333 17
117 119 28
118 525 5
119 597 13
120 245 70
121 219 11
122 357 5
123 341 47
124 58 24
125 487 46
126 238 20
127 274 26
128 308 5
129 198 15
130 138 11
131 559 2
132 86 12
133 342 53
134 431 10
135 301 23
136 236 10
137 115 23
138 43 12
139 315 26
140 327 50
141 522 36
142 25 26
143 262 46
144 445 20
145 49 29
146 438 30
147 243 29
148 337 29
149 411 38
150 143 45
151 339 17
152 174 23
153 216 11
154 369 5
155 229 2
156 356 3
157 257 68
158 203 107
159 234 41
160 390 13
161 250 14
162 466 23
163 523 14
164 231 18
165 585 22
166 437 38
167 228 33
168 197 8
169 207 23
170 516 23
171 305 10
172 471 39
173 568 20
174 29 12
175 554 1
176 461 47
177 446 32
178 148 1
179 23 6
180 468 30
181 149 37
182 137 41
183 587 17
184 179 21
185 467 11
186 538 27
187 365 1
188 392 14
189 527 9
190 486 18
191 319 14
192 404 1
193 394 10
194 200 15
195 488 19
196 188 6
197 294 23
198 360 8
199 540 30
200 382 28
201 88 5
202 316 25
203 107 20
204 520 23
205 186 11
206 18 19
207 67 54
208 567 10
209 582 32
210 269 63
211 279 22
212 439 23
213 44 89
214 503 18
215 496 5
216 412 24
217 127 11
218 570 20
219 40 31
220 230 11
221 443 44
222 113 16
223 551 7
224 501 57
225 190 47
226 311 57
227 94 17
228 371 54
229 588 36
230 563 33
231 265 18
232 162 22
233 534 12
234 595 24
235 170 37
236 599 8
237 290 14
238 1 17
239 14 18
