1200 5280 480

0 25 200
1 50 500
2 75 800
3 100 1200
4 125 1700
5 150 2300
6 175 3000
7 200 3800
8 225 4600
9 250 5500

0 1000
1 1500
2 500
3 2000
4 1500
5 1000
6 1000
7 1500
8 2000
9 2000
10 1000
11 500
12 1500
13 1500
14 500
15 1500
16 1500
17 1000
18 1500
19 1000
20 1500
21 1500
22 1000
23 2000
24 1500
25 1500
26 1500
27 2000
28 2000
29 2000
30 1000
31 500
32 500
33 1000
34 2000
35 2000
36 2000
37 1000
38 1000
39 2000
40 2000
41 1500
42 1000
43 1000
44 1000
45 2000
46 2000
47 1500
48 2000
49 2000
50 1500
51 1500
52 1000
53 1500
54 1000
55 2000
56 1000
57 1000
58 2000
59 1000
60 2000
61 2000
62 2000
63 2000
64 1500
65 1000
66 2000
67 2000
68 1000
69 2000
70 1500
71 2000
72 1000
73 1000
74 1500
75 1000
76 1500
77 1500
78 1000
79 1500
80 1500
81 1500
82 1500
83 500
84 2000
85 2000
86 2000
87 2000
88 1500
89 2000
90 2000
91 2000
92 1000
93 2000
94 2000
95 1500
96 1500
97 2000
98 2000
99 1000
100 1500
101 1000
102 2000
103 1500
104 2000
105 1500
106 1500
107 1500
108 1500
109 1500
110 1500
111 1500
112 1500
113 1500
114 1000
115 1000
116 2000
117 2000
118 1500
119 2000
120 2000
121 2000
122 1000
123 2000
124 1500
125 1500
126 1500
127 2000
128 1500
129 1000
130 1500
131 1000
132 2000
133 2000
134 2000
135 1000
136 2000
137 1500
138 1000
139 1000
140 1500
141 2000
142 2000
143 2000
144 2000
145 2000
146 1000
147 1000
148 2000
149 2000
150 1500
151 1500
152 1500
153 1000
154 1500
155 1500
156 2000
157 2000
158 2000
159 2000
160 1000
161 2000
162 2000
163 1000
164 1500
165 2000
166 2000
167 2000
168 1000
169 2000
170 1500
171 1500
172 2000
173 2000
174 1000
175 1500
176 1500
177 2000
178 2000
179 2000
180 2000
181 2000
182 1500
183 2000
184 1500
185 1500
186 1500
187 1000
188 1000
189 1000
190 2000
191 2000
192 1000
193 1000
194 1500
195 1500
196 1500
197 1000
198 1000
199 1500
200 1500
201 1500
202 1500
203 2000
204 1500
205 1000
206 2000
207 1500
208 2000
209 1500
210 2000
211 2000
212 1000
213 2000
214 1500
215 1000
216 500
217 1500
218 1500
219 2000
220 2000
221 1000
222 2000
223 1500
224 2000
225 2000
226 1000
227 2000
228 2000
229 2000
230 1000
231 2000
232 1500
233 1000
234 1500
235 1500
236 1500
237 1500
238 1500
239 2000
240 2000
241 2000
242 2000
243 2000
244 1000
245 1500
246 2000
247 1500
248 2000
249 2000
250 1000
251 1500
252 1500
253 1000
254 2000
255 1500
256 1500
257 1000
258 1000
259 1500
260 1000
261 1000
262 2000
263 2000
264 2000
265 2000
266 1500
267 2000
268 1500
269 1500
270 1500
271 500
272 1500
273 1500
274 2000
275 2000
276 2000
277 2000
278 1500
279 1500
280 1500
281 1500
282 1500
283 1500
284 1500
285 1500
286 1000
287 1000
288 1000
289 2000
290 1000
291 2000
292 2000
293 2000
294 1500
295 1000
296 2000
297 2000
298 2000
299 1500
300 1000
301 1500
302 2000
303 1500
304 2000
305 2000
306 1500
307 2000
308 1000
309 1500
310 1000
311 2000
312 2000
313 1000
314 1500
315 1500
316 1500
317 1500
318 1500
319 1500
320 1500
321 1500
322 1500
323 1500
324 2000
325 2000
326 2000
327 1500
328 2000
329 2000
330 2000
331 2000
332 2000
333 2000
334 2000
335 2000
336 2000
337 1500
338 2000
339 2000
340 2000
341 1500
342 1500
343 1500
344 2000
345 2000
346 2000
347 2000
348 1500
349 1000
350 1000
351 2000
352 1000
353 1000
354 1000
355 1500
356 2000
357 1000
358 2000
359 2000
360 1500
361 1500
362 1000
363 2000
364 1500
365 1500
366 2000
367 1000
368 1000
369 2000
370 1000
371 1500
372 1000
373 1000
374 1000
375 2000
376 1000
377 2000
378 2000
379 2000
380 1500
381 1000
382 1500
383 1000
384 2000
385 1000
386 2000
387 1000
388 1500
389 2000
390 1500
391 1000
392 2000
393 1000
394 1000
395 1500
396 1500
397 1500
398 1500
399 1500
400 1500
401 1500
402 2000
403 1500
404 2000
405 2000
406 2000
407 2000
408 2000
409 1000
410 1000
411 1000
412 1500
413 1000
414 2000
415 2000
416 2000
417 2000
418 2000
419 1000
420 1000
421 2000
422 2000
423 2000
424 2000
425 1000
426 1500
427 1000
428 1500
429 2000
430 1500
431 1500
432 1500
433 1000
434 2000
435 2000
436 1500
437 2000
438 1500
439 2000
440 2000
441 1000
442 1000
443 2000
444 2000
445 1000
446 2000
447 1000
448 1000
449 1500
450 1500
451 1500
452 1500
453 1500
454 1500
455 1500
456 1500
457 2000
458 1500
459 2000
460 2000
461 1000
462 1000
463 1000
464 2000
465 1000
466 1000
467 1000
468 1000
469 1500
470 1500
471 2000
472 2000
473 2000
474 1000
475 2000
476 1500
477 1000
478 2000
479 1000
480 1000
481 2000
482 2000
483 1500
484 1000
485 1500
486 1500
487 1500
488 1500
489 1500
490 1500
491 2000
492 2000
493 1500
494 2000
495 2000
496 1500
497 1500
498 1000
499 2000
500 2000
501 1000
502 2000
503 1000
504 2000
505 1500
506 2000
507 1000
508 1500
509 2000
510 1500
511 1500
512 2000
513 2000
514 1500
515 2000
516 2000
517 2000
518 1000
519 1000
520 1500
521 1000
522 2000
523 1500
524 2000
525 1500
526 1000
527 2000
528 2000
529 1000
530 1500
531 1500
532 1500
533 2000
534 1000
535 1000
536 1500
537 2000
538 2000
539 1500
540 1500
541 2000
542 1500
543 2000
544 1000
545 1500
546 1500
547 1500
548 1500
549 2000
550 2000
551 2000
552 2000
553 1500
554 2000
555 2000
556 1000
557 1000
558 2000
559 2000
560 1500
561 1000
562 2000
563 1000
564 1000
565 1500
566 1500
567 1500
568 1500
569 1500
570 1000
571 2000
572 2000
573 2000
574 2000
575 2000
576 2000
577 2000
578 2000
579 2000
580 2000
581 2000
582 2000
583 1000
584 1500
585 2000
586 1500
587 1500
588 2000
589 2000
590 1500
591 1500
592 1000
593 1000
594 1500
595 1500
596 2000
597 1000
598 2000
599 1000
600 1500
601 1500
602 1500
603 1500
604 1500
605 2000
606 1500
607 2000
608 2000
609 1000
610 2000
611 1500
612 2000
613 1500
614 2000
615 2000
616 1500
617 1000
618 2000
619 1000
620 1500
621 1500
622 1000
623 1000
624 2000
625 1500
626 1500
627 1500
628 1500
629 1500
630 2000
631 1500
632 2000
633 1000
634 2000
635 1500
636 1500
637 1000
638 2000
639 1500
640 1500
641 2000
642 1500
643 2000
644 2000
645 1000
646 1500
647 1500
648 1500
649 1000
650 500
651 2000
652 1500
653 2000
654 1000
655 2000
656 1500
657 1500
658 2000
659 1500
660 1500
661 1000
662 1500
663 1000
664 1000
665 2000
666 500
667 2000
668 2000
669 1500
670 2000
671 1500
672 1500
673 1000
674 1500
675 1500
676 1500
677 1500
678 1500
679 1500
680 1000
681 1000
682 1500
683 1000
684 2000
685 1500
686 2000
687 2000
688 1000
689 1000
690 2000
691 1500
692 1000
693 1500
694 2000
695 1500
696 2000
697 1000
698 1000
699 1000
700 1000
701 1000
702 1500
703 1500
704 1000
705 1500
706 500
707 1500
708 1000
709 2000
710 1500
711 2000
712 1000
713 1500
714 2000
715 1500
716 1500
717 1500
718 1500
719 1500
720 2000
721 2000
722 2000
723 2000
724 1500
725 2000
726 2000
727 1500
728 1500
729 2000
730 2000
731 2000
732 1000
733 2000
734 1000
735 2000
736 1000
737 1000
738 2000
739 2000
740 1500
741 1500
742 1500
743 2000
744 2000
745 2000
746 2000
747 1000
748 1500
749 2000
750 2000
751 2000
752 2000
753 1000
754 2000
755 1500
756 1500
757 1500
758 2000
759 2000
760 1500
761 2000
762 1000
763 1000
764 1000
765 1000
766 1000
767 1000
768 2000
769 2000
770 1500
771 1500
772 1500
773 2000
774 1000
775 1500
776 2000
777 2000
778 1000
779 2000
780 2000
781 2000
782 2000
783 2000
784 2000
785 1500
786 1500
787 1500
788 1500
789 1500
790 1000
791 2000
792 1000
793 1500
794 1500
795 2000
796 1000
797 2000
798 1000
799 2000
800 1000
801 1000
802 2000
803 2000
804 1500
805 1500
806 2000
807 2000
808 2000
809 1000
810 1500
811 1500
812 1500
813 1500
814 1000
815 1500
816 2000
817 1000
818 1500
819 2000
820 2000
821 1000
822 2000
823 1500
824 2000
825 1000
826 1000
827 2000
828 2000
829 1500
830 1500
831 1000
832 1000
833 2000
834 1500
835 2000
836 1000
837 500
838 1000
839 2000
840 1500
841 1500
842 1500
843 2000
844 1000
845 1000
846 1000
847 2000
848 1000
849 2000
850 2000
851 2000
852 1000
853 1500
854 1000
855 1500
856 1500
857 2000
858 1500
859 1500
860 1000
861 1000
862 2000
863 2000
864 1500
865 1500
866 1500
867 1000
868 1500
869 1500
870 1500
871 1500
872 1500
873 1500
874 2000
875 2000
876 1000
877 2000
878 2000
879 500
880 500
881 1500
882 2000
883 2000
884 1500
885 1000
886 1000
887 2000
888 2000
889 1000
890 1000
891 2000
892 1000
893 1500
894 2000
895 1500
896 2000
897 1000
898 2000
899 2000
900 1500
901 1000
902 1000
903 2000
904 1500
905 2000
906 1000
907 1000
908 2000
909 1500
910 1500
911 1000
912 1500
913 1000
914 2000
915 2000
916 1500
917 1500
918 1000
919 2000
920 2000
921 1000
922 2000
923 1000
924 2000
925 1500
926 1500
927 1500
928 1500
929 1000
930 1500
931 1000
932 1500
933 1000
934 1500
935 2000
936 1000
937 2000
938 2000
939 2000
940 1000
941 1500
942 2000
943 1000
944 2000
945 2000
946 1000
947 2000
948 2000
949 1500
950 2000
951 1500
952 2000
953 1000
954 500
955 2000
956 1000
957 1000
958 1000
959 500
960 1500
961 500
962 2000
963 2000
964 2000
965 1000
966 2000
967 1500
968 2000
969 1500
970 1500
971 1500
972 1500
973 2000
974 1000
975 2000
976 2000
977 1500
978 1500
979 2000
980 1000
981 2000
982 1500
983 2000
984 1000
985 1500
986 1000
987 2000
988 2000
989 2000
990 1000
991 1000
992 2000
993 500
994 500
995 1500
996 1500
997 1500
998 1500
999 1500
1000 2000
1001 2000
1002 1000
1003 1000
1004 1000
1005 2000
1006 1000
1007 1500
1008 1500
1009 1500
1010 1500
1011 1500
1012 2000
1013 2000
1014 2000
1015 1000
1016 2000
1017 2000
1018 2000
1019 2000
1020 1500
1021 1500
1022 1500
1023 1500
1024 1500
1025 1500
1026 1500
1027 2000
1028 1000
1029 1500
1030 2000
1031 2000
1032 1000
1033 1000
1034 2000
1035 1500
1036 1500
1037 2000
1038 2000
1039 2000
1040 2000
1041 1500
1042 1500
1043 2000
1044 1000
1045 2000
1046 1500
1047 1500
1048 2000
1049 1500
1050 1500
1051 2000
1052 2000
1053 1500
1054 2000
1055 1500
1056 1500
1057 2000
1058 2000
1059 2000
1060 2000
1061 2000
1062 2000
1063 2000
1064 2000
1065 1500
1066 1000
1067 2000
1068 2000
1069 2000
1070 1500
1071 1000
1072 2000
1073 2000
1074 2000
1075 1000
1076 1500
1077 1500
1078 1500
1079 1500
1080 1000
1081 1000
1082 500
1083 2000
1084 2000
1085 2000
1086 2000
1087 2000
1088 2000
1089 2000
1090 1500
1091 1000
1092 2000
1093 2000
1094 2000
1095 2000
1096 1500
1097 2000
1098 1000
1099 2000
1100 1500
1101 1500
1102 1500
1103 2000
1104 2000
1105 1000
1106 2000
1107 1000
1108 1000
1109 1500
1110 2000
1111 1000
1112 1000
1113 2000
1114 2000
1115 1500
1116 1500
1117 1500
1118 1000
1119 2000
1120 1500
1121 2000
1122 2000
1123 2000
1124 2000
1125 1500
1126 1000
1127 2000
1128 1500
1129 2000
1130 1500
1131 1500
1132 1000
1133 1000
1134 2000
1135 2000
1136 2000
1137 2000
1138 1000
1139 1500
1140 1500
1141 1500
1142 1000
1143 1500
1144 1500
1145 1500
1146 1500
1147 2000
1148 1500
1149 2000
1150 1000
1151 2000
1152 2000
1153 2000
1154 1000
1155 2000
1156 500
1157 500
1158 500
1159 2000
1160 1000
1161 1500
1162 1500
1163 2000
1164 2000
1165 1500
1166 2000
1167 2000
1168 2000
1169 1000
1170 2000
1171 1500
1172 2000
1173 2000
1174 1500
1175 1000
1176 1500
1177 1500
1178 1500
1179 1500
1180 1500
1181 1500
1182 1500
1183 1500
1184 2000
1185 2000
1186 2000
1187 1500
1188 2000
1189 1000
1190 2000
1191 2000
1192 2000
1193 2000
1194 1500
1195 2000
1196 1000
1197 2000
1198 1500
1199 1000

0 1 33 4
0 2 36 8
0 10 47 3
0 20 11 6
0 51 22 1
0 76 2 3
0 80 5 8
0 106 46 4
0 107 21 8
0 154 24 6
0 175 5 8
0 186 23 8
0 197 10 10
0 255 38 5
0 286 10 4
0 316 17 1
0 322 14 3
0 360 44 1
0 361 25 1
0 370 5 8
0 381 27 5
0 400 4 2
0 454 48 7
0 455 21 4
0 487 25 2
0 525 2 1
0 545 5 3
0 547 32 10
0 560 3 3
0 565 10 1
0 620 29 7
0 627 28 3
0 645 49 4
0 646 46 3
0 661 37 9
0 681 6 10
0 717 30 10
0 742 42 8
0 756 47 5
0 770 41 10
0 785 47 2
0 787 31 1
0 810 16 4
0 815 26 7
0 842 48 1
0 856 47 9
0 985 46 5
0 999 23 5
0 1021 2 8
0 1026 19 6
0 1055 45 1
0 1065 4 2
0 1070 48 4
0 1075 11 7
0 1076 34 9
0 1101 50 3
0 1117 24 4
0 1131 43 3
0 1175 7 3
1 3 19 3
1 4 17 1
1 5 17 7
1 6 43 4
1 7 14 1
1 8 45 1
1 9 7 8
1 21 16 7
1 53 14 2
1 70 39 3
1 154 30 7
1 185 41 2
1 200 44 8
1 237 11 6
1 238 27 5
1 255 20 10
1 283 49 8
1 380 32 10
1 396 24 10
1 431 15 9
1 486 45 3
1 510 6 4
1 520 18 6
1 530 45 6
1 532 20 2
1 560 22 3
1 565 22 1
1 590 42 10
1 591 2 4
1 600 6 4
1 602 43 10
1 620 3 3
1 627 3 1
1 661 24 5
1 681 34 2
1 718 19 1
1 741 13 2
1 757 7 2
1 771 48 1
1 842 15 6
1 870 47 4
1 873 45 1
1 911 46 1
1 912 7 10
1 925 1 7
1 926 11 3
1 970 15 2
1 972 14 9
1 986 37 7
1 995 25 4
1 1065 31 4
1 1070 35 3
1 1115 44 2
1 1130 26 10
1 1141 9 8
1 1143 15 3
1 1179 16 9
3 71 29 2
3 240 16 9
3 606 11 8
3 1042 20 5
4 389 1 6
5 764 16 1
7 407 8 10
7 610 33 3
7 915 30 6
9 1016 26 6
10 11 13 2
10 12 43 7
10 13 7 9
10 14 12 4
10 17 2 7
10 20 19 7
10 51 15 4
10 53 34 10
10 70 17 2
10 78 43 10
10 79 46 4
10 108 3 2
10 154 46 6
10 175 9 8
10 176 49 4
10 185 37 6
10 186 2 2
10 201 44 8
10 202 7 2
10 235 15 2
10 255 29 10
10 259 7 6
10 281 11 9
10 286 20 1
10 316 2 3
10 323 14 10
10 361 12 4
10 370 7 5
10 371 15 4
10 380 7 5
10 382 30 2
10 396 21 3
10 401 5 2
10 430 6 2
10 433 6 6
10 450 32 6
10 452 38 8
10 485 40 2
10 486 42 10
10 510 37 1
10 511 8 5
10 520 19 5
10 525 37 1
10 530 31 3
10 532 12 1
10 545 34 1
10 546 1 3
10 560 17 6
10 566 48 5
10 567 33 9
10 590 49 8
10 591 37 10
10 600 43 10
10 620 25 7
10 627 37 8
10 628 10 2
10 645 50 3
10 647 6 2
10 660 7 9
10 661 29 8
10 677 38 9
10 678 3 9
10 715 44 6
10 742 43 5
10 756 6 1
10 770 15 9
10 771 35 8
10 786 39 2
10 789 45 10
10 812 4 6
10 815 22 4
10 841 24 2
10 842 30 6
10 855 7 9
10 865 35 1
10 870 6 5
10 910 20 8
10 911 38 9
10 930 29 5
10 932 16 9
10 970 48 3
10 985 11 6
10 995 42 6
10 997 13 6
10 1021 11 1
10 1023 32 1
10 1055 44 1
10 1056 41 5
10 1065 39 7
10 1070 36 9
10 1076 37 1
10 1078 22 7
10 1100 36 7
10 1102 40 6
10 1115 5 3
10 1130 35 1
10 1141 18 5
10 1143 32 7
10 1176 6 1
10 1179 44 1
12 1167 8 2
13 415 30 5
15 16 13 5
15 17 27 9
15 18 1 8
15 19 36 3
15 20 47 9
15 21 49 9
15 22 45 6
15 23 22 6
15 24 45 3
15 25 4 8
15 26 34 6
15 111 15 5
15 280 24 9
15 431 13 4
15 432 48 3
15 520 19 2
15 560 6 9
15 811 20 5
15 927 5 3
15 986 4 6
15 996 26 7
15 1070 32 3
15 1130 20 5
16 17 16 10
16 18 43 4
16 19 4 9
16 20 2 1
16 21 40 4
16 27 30 9
16 28 6 9
16 29 42 5
16 30 14 1
16 175 22 2
16 281 25 9
16 520 8 10
16 525 29 1
16 530 34 1
16 560 47 10
16 626 38 2
16 645 11 5
16 662 28 8
16 675 7 8
16 682 46 6
16 718 42 7
16 772 30 4
16 814 1 8
16 998 41 4
16 1020 14 3
16 1115 31 3
16 1178 38 2
17 18 50 2
17 19 11 1
17 20 43 9
17 21 26 7
17 31 40 6
17 32 39 10
17 51 2 8
17 70 12 10
17 236 39 1
17 361 44 2
17 381 44 6
17 398 5 3
17 486 39 4
17 569 17 3
17 601 5 10
17 661 8 10
17 715 47 6
17 933 3 4
17 1055 48 6
17 1076 26 9
17 1101 33 1
17 1116 2 8
18 19 39 9
18 20 29 8
18 21 2 2
18 33 14 7
18 34 8 4
18 35 12 4
18 36 38 5
18 51 36 4
18 153 35 6
18 175 33 6
18 185 48 10
18 316 13 1
18 360 10 4
18 370 27 7
18 371 25 5
18 456 40 8
18 510 44 10
18 525 43 4
18 545 11 8
18 740 28 3
18 755 40 9
18 840 41 1
18 842 4 2
18 972 25 4
18 1055 30 2
18 1130 41 10
18 1142 45 1
18 1146 47 3
19 20 28 1
19 21 24 8
19 37 3 5
19 185 25 5
19 321 20 2
19 454 13 1
19 511 29 2
19 532 11 6
19 568 45 10
19 591 39 7
19 601 31 7
19 755 17 2
19 788 15 3
19 789 8 1
19 868 29 6
19 871 8 8
19 986 20 3
19 1025 29 9
19 1065 25 8
19 1070 36 6
19 1075 37 4
19 1177 44 10
20 21 47 1
20 38 21 3
20 39 21 9
20 40 18 10
20 77 44 3
20 78 18 10
20 107 26 3
20 200 27 4
20 255 7 4
20 256 35 8
20 626 26 4
20 742 40 8
20 910 45 3
20 1065 26 10
21 41 41 1
21 42 32 5
21 43 28 10
21 44 46 10
21 45 23 2
21 46 32 5
21 47 33 8
21 48 11 8
21 49 35 5
21 70 36 8
21 153 48 8
21 200 19 4
21 235 22 6
21 401 33 4
21 489 39 7
21 591 32 9
21 620 4 3
21 646 22 1
21 772 35 5
21 855 18 6
21 856 42 8
21 911 46 5
21 971 1 10
21 1100 24 8
24 773 48 10
24 836 8 9
25 35 32 1
25 1063 22 4
26 469 7 7
26 608 15 10
29 550 21 10
30 864 47 7
31 633 40 5
33 876 14 7
33 984 39 2
34 437 48 1
35 407 46 8
36 118 20 1
37 748 2 4
38 290 13 5
38 884 38 2
39 951 6 10
39 1128 42 2
41 1153 8 9
46 550 5 2
46 960 50 10
47 905 25 5
47 1053 47 3
48 434 17 1
49 184 43 4
49 289 47 10
50 51 26 7
50 52 49 2
50 53 6 10
50 54 47 1
50 55 18 1
50 56 1 2
50 57 30 3
50 318 16 5
50 319 46 5
50 431 16 3
50 485 28 5
50 510 6 5
50 520 37 5
50 532 26 9
50 546 14 1
50 560 35 7
50 590 23 10
50 625 31 4
50 662 17 7
50 740 9 1
50 741 22 6
50 770 17 5
50 855 29 4
50 999 6 7
50 1055 5 6
50 1102 44 6
50 1144 39 1
51 52 29 1
51 53 45 1
51 58 34 1
51 59 17 8
51 60 11 5
51 61 50 8
51 62 19 8
51 63 7 10
51 70 50 3
51 78 14 6
51 175 43 6
51 185 3 2
51 236 18 1
51 238 25 3
51 256 22 9
51 284 10 1
51 399 12 8
51 489 11 7
51 532 19 2
51 620 14 4
51 645 1 7
51 662 29 5
51 771 13 6
51 814 47 1
51 841 18 4
51 856 21 1
51 870 5 2
51 971 49 4
51 1070 14 7
51 1075 35 10
51 1079 35 5
51 1116 19 1
51 1144 15 3
51 1175 28 7
52 53 19 2
52 64 45 7
52 70 21 7
52 109 33 9
52 151 20 3
52 176 11 5
52 197 26 2
52 200 40 2
52 382 5 2
52 432 46 4
52 450 40 10
52 455 23 5
52 520 11 7
52 525 3 7
52 546 1 2
52 568 2 9
52 603 40 3
52 626 33 2
52 647 11 10
52 675 1 3
52 716 9 4
52 718 13 2
52 756 9 8
52 785 3 2
52 813 24 1
52 912 1 3
52 928 25 8
52 972 35 8
52 986 1 5
52 997 19 1
52 1065 20 9
52 1101 44 6
52 1117 43 1
52 1131 30 6
52 1176 30 9
53 65 35 2
53 66 17 5
53 67 31 6
53 68 8 2
53 69 24 8
53 79 11 4
53 105 5 9
53 154 41 2
53 185 7 3
53 258 25 9
53 281 45 6
53 361 15 6
53 370 10 6
53 371 27 6
53 400 3 3
53 560 43 7
53 565 5 8
53 602 50 2
53 620 28 8
53 677 19 3
53 757 43 6
53 789 15 2
53 840 39 1
53 869 27 7
53 912 30 7
53 927 12 2
53 985 19 4
53 1021 34 6
53 1025 16 7
53 1056 40 4
53 1065 39 6
53 1130 31 10
58 242 32 3
60 1195 26 9
61 639 14 9
61 1183 28 3
63 82 2 9
64 383 6 1
64 562 13 6
64 596 49 3
64 738 11 6
65 557 3 8
66 214 25 3
66 714 42 9
66 733 8 5
66 1165 1 10
69 364 44 7
70 71 1 6
70 72 1 6
70 73 7 10
70 74 43 2
70 78 8 10
70 80 22 2
70 109 3 9
70 113 36 10
70 153 12 3
70 154 34 9
70 175 41 8
70 176 42 9
70 185 37 2
70 186 15 9
70 200 49 6
70 202 31 3
70 235 17 10
70 236 47 1
70 257 24 2
70 259 30 10
70 282 13 8
70 286 21 9
70 315 45 2
70 316 7 6
70 360 41 3
70 371 3 10
70 382 37 3
70 396 25 2
70 400 8 5
70 431 25 7
70 450 35 3
70 456 16 8
70 485 26 5
70 486 18 8
70 510 15 4
70 511 22 6
70 520 2 3
70 525 5 4
70 531 4 7
70 532 34 2
70 545 13 1
70 546 32 8
70 560 10 10
70 568 31 9
70 569 22 6
70 590 13 8
70 600 41 1
70 601 40 6
70 620 7 5
70 628 1 9
70 646 41 7
70 647 36 8
70 660 39 9
70 662 8 2
70 677 11 2
70 682 15 4
70 715 21 9
70 717 26 7
70 741 1 10
70 755 29 4
70 757 8 9
70 770 37 5
70 787 40 8
70 788 7 1
70 812 20 7
70 813 5 8
70 842 23 8
70 856 30 8
70 869 34 4
70 871 13 8
70 910 35 4
70 926 21 10
70 931 15 4
70 970 45 10
70 972 29 4
70 985 38 3
70 986 5 7
70 995 3 4
70 999 41 8
70 1021 11 2
70 1026 42 8
70 1055 13 7
70 1065 33 4
70 1070 30 4
70 1076 6 9
70 1077 4 1
70 1101 27 10
70 1102 17 10
70 1115 11 7
70 1117 24 4
70 1130 17 7
70 1131 19 5
70 1141 50 4
70 1144 28 9
70 1176 50 3
70 1177 2 2
74 979 9 3
75 76 38 7
75 77 47 5
75 78 25 9
75 79 21 3
75 80 47 2
75 81 27 3
75 82 11 5
75 83 25 8
75 175 18 10
75 186 1 8
75 235 14 1
75 283 14 1
75 286 24 6
75 510 10 3
75 520 37 1
75 525 16 7
75 545 10 5
75 547 45 2
75 560 48 3
75 567 37 10
75 603 5 8
75 620 30 3
75 645 7 10
75 716 46 10
75 813 5 5
75 842 43 4
75 871 33 8
75 970 25 6
75 985 48 9
75 999 15 1
75 1055 7 3
75 1102 39 8
75 1144 6 4
75 1176 8 4
76 77 26 3
76 78 45 7
76 79 43 7
76 80 8 3
76 84 28 4
76 85 46 4
76 86 21 2
76 87 28 4
76 88 23 1
76 89 21 8
76 90 26 4
76 152 37 9
76 186 36 10
76 199 12 5
76 257 36 10
76 318 37 10
76 361 16 3
76 371 13 6
76 382 24 9
76 431 50 8
76 486 22 1
76 520 9 3
76 531 6 4
76 565 2 10
76 591 12 3
76 661 12 10
76 682 27 5
76 740 15 3
76 770 36 9
76 926 30 6
76 1065 11 6
76 1116 2 3
76 1175 16 10
77 78 36 9
77 79 9 4
77 80 46 6
77 91 32 1
77 92 24 9
77 93 36 10
77 94 21 1
77 95 38 7
77 175 8 1
77 196 50 5
77 316 38 3
77 361 12 5
77 451 13 6
77 452 9 4
77 660 5 10
77 755 11 2
77 789 26 10
77 813 38 10
77 842 4 10
77 865 28 9
77 972 39 8
77 999 31 10
77 1055 43 8
77 1065 1 3
77 1144 28 5
78 79 8 1
78 80 24 10
78 96 3 6
78 109 21 8
78 113 42 2
78 236 39 9
78 400 47 5
78 511 16 2
78 560 40 9
78 603 19 10
78 645 17 10
78 675 8 1
78 757 2 7
78 770 46 2
78 912 8 6
78 932 18 1
78 1023 47 4
78 1070 2 5
79 80 1 2
79 97 5 6
79 98 35 2
79 150 47 6
79 398 21 9
79 488 47 7
79 525 12 7
79 591 47 9
79 625 1 9
79 742 36 5
79 789 22 7
79 855 45 10
79 856 9 3
79 985 1 8
79 1022 3 6
79 1070 18 6
79 1078 16 3
79 1079 37 9
79 1101 8 9
79 1131 6 6
80 99 19 7
80 100 46 8
80 101 15 1
80 102 6 7
80 103 28 7
80 104 35 10
80 255 44 7
80 370 35 4
80 382 19 8
80 431 38 7
80 532 46 6
80 620 8 5
80 625 39 7
80 718 11 8
80 911 6 2
80 1116 31 6
80 1130 8 10
81 324 36 3
81 833 20 2
81 863 36 6
85 94 5 7
85 908 8 7
86 180 24 9
86 538 25 5
87 355 37 5
88 1072 1 4
91 898 42 3
92 376 42 7
93 165 47 10
94 1049 46 5
95 1152 10 3
96 340 42 2
97 657 37 4
100 528 6 9
100 587 47 4
100 1086 8 10
100 1191 2 5
102 635 24 10
103 104 50 4
103 117 24 9
104 327 10 10
105 106 9 3
105 107 49 3
105 108 35 3
105 109 7 5
105 110 47 2
105 111 8 3
105 112 15 4
105 113 44 9
105 114 18 8
105 115 13 2
105 116 14 9
105 117 13 9
105 118 40 3
105 322 9 1
105 371 16 10
105 432 45 1
105 603 16 7
105 645 37 2
105 715 45 10
105 996 35 6
105 1130 10 7
106 107 17 2
106 108 42 4
106 109 45 4
106 110 19 8
106 111 13 9
106 112 42 5
106 113 49 8
106 119 3 10
106 120 1 8
106 121 27 8
106 122 1 2
106 123 27 1
106 124 25 8
106 125 2 2
106 259 23 7
106 361 48 7
106 371 4 8
106 455 7 8
106 546 35 5
106 662 49 4
106 772 7 7
106 841 30 2
106 986 38 8
106 1025 47 9
107 108 5 5
107 109 43 4
107 110 48 4
107 111 21 4
107 112 42 4
107 113 26 3
107 126 27 4
107 127 36 3
107 128 49 4
107 129 28 4
107 153 13 7
107 281 2 4
107 487 4 10
107 520 10 4
107 568 35 5
107 740 48 7
107 771 38 9
107 972 37 4
107 1024 21 4
107 1070 14 2
107 1079 41 5
107 1144 10 3
107 1177 5 1
108 109 31 2
108 110 48 4
108 111 19 9
108 112 9 3
108 113 44 1
108 130 31 8
108 131 48 7
108 132 50 6
108 133 39 2
108 175 45 4
108 237 44 2
108 238 6 5
108 255 11 7
108 532 47 7
108 620 40 7
108 742 7 1
108 755 22 3
108 814 13 4
108 815 27 8
108 910 24 4
108 1055 11 6
108 1065 37 10
108 1100 14 4
108 1115 27 3
108 1144 23 4
109 110 46 2
109 111 46 2
109 112 24 3
109 113 30 6
109 134 13 6
109 135 15 8
109 186 9 6
109 401 8 9
109 451 28 8
109 525 44 7
109 560 38 3
109 591 39 9
109 645 46 6
109 661 38 5
109 681 5 10
109 755 8 7
109 855 34 6
110 111 1 6
110 112 15 4
110 113 28 7
110 136 44 6
110 137 50 4
110 138 7 6
110 139 3 10
110 140 11 1
110 185 3 6
110 380 11 2
110 400 4 4
110 432 43 4
110 510 14 8
110 590 42 4
110 626 45 1
110 677 36 1
110 912 48 7
110 986 25 2
110 1115 35 2
110 1130 36 3
111 112 32 8
111 113 33 1
111 141 27 9
111 142 16 2
111 143 20 4
111 144 45 5
111 151 6 9
111 175 41 3
111 198 25 5
111 199 15 1
111 320 15 3
111 520 8 2
111 525 11 10
111 531 9 3
111 620 47 5
111 789 10 10
111 855 10 6
111 927 35 10
111 1177 15 10
112 113 7 10
112 145 30 3
112 146 30 6
112 360 18 10
112 382 26 1
112 569 35 10
112 603 19 3
112 625 8 8
112 717 23 8
112 867 28 2
112 929 41 7
112 970 12 10
112 1056 37 10
112 1078 20 4
112 1101 16 5
113 147 24 3
113 148 10 4
113 149 13 7
113 281 50 9
113 485 49 5
113 510 25 9
113 546 41 8
113 560 29 1
113 787 7 3
113 841 16 4
113 869 8 8
113 998 28 1
113 1070 9 8
118 564 36 3
121 347 16 5
121 508 32 8
124 1151 43 1
125 383 13 2
125 473 38 6
126 1094 18 7
127 435 10 6
128 391 23 7
128 522 28 5
128 1034 28 10
129 232 14 5
130 369 32 2
132 523 37 8
135 168 4 7
136 705 43 5
137 891 7 9
137 1174 17 6
140 799 12 1
140 883 21 9
141 346 36 1
142 652 20 4
145 967 14 7
148 1007 17 9
150 151 5 10
150 152 32 6
150 153 33 1
150 154 30 7
150 155 7 1
150 156 32 5
150 157 46 5
150 158 13 7
150 159 29 4
150 160 31 3
150 161 34 3
150 162 22 10
150 163 29 3
150 185 25 4
150 315 29 3
150 380 40 2
150 432 50 5
150 520 24 3
150 530 25 10
150 560 24 9
150 565 43 7
150 645 19 10
150 755 38 3
150 770 4 10
150 868 49 3
150 971 38 10
150 972 1 7
150 995 16 6
150 1021 45 5
150 1130 34 5
151 152 10 1
151 153 10 7
151 154 42 7
151 164 6 1
151 165 32 7
151 166 43 2
151 176 48 4
151 255 18 4
151 317 22 9
151 431 37 8
151 453 20 6
151 510 27 4
151 525 24 3
151 532 36 8
151 546 18 3
151 600 6 10
151 620 25 6
151 660 1 2
151 676 23 7
151 717 6 4
151 718 25 10
151 740 21 1
151 741 38 10
151 787 6 4
151 812 23 4
151 912 47 1
151 927 43 6
151 985 38 4
151 1070 31 5
151 1100 44 9
151 1140 6 9
151 1144 47 1
152 153 33 6
152 154 49 9
152 167 18 6
152 168 6 5
152 169 14 6
152 176 36 6
152 185 30 10
152 202 4 8
152 236 19 2
152 280 21 4
152 285 10 10
152 361 41 7
152 371 20 7
152 381 27 1
152 396 24 2
152 488 50 9
152 591 28 6
152 600 22 1
152 756 6 2
152 787 26 8
152 842 24 3
152 856 6 6
152 927 12 3
152 985 28 3
152 997 10 2
152 1026 43 10
152 1065 23 7
152 1070 32 10
152 1077 11 7
152 1130 44 2
152 1175 24 2
152 1179 37 7
153 154 10 4
153 170 33 10
153 171 35 5
153 198 36 3
153 235 44 3
153 256 49 1
153 370 49 4
153 399 43 7
153 455 39 5
153 489 36 8
153 511 2 3
153 525 35 7
153 591 27 1
153 620 28 10
153 646 47 1
153 1078 47 2
153 1102 37 9
154 172 13 2
154 173 15 8
154 174 32 1
154 360 39 1
154 546 13 8
154 560 42 4
154 565 25 2
154 626 4 9
154 627 23 5
154 660 35 1
154 678 17 2
154 770 10 5
154 810 50 3
154 842 12 9
154 855 32 3
154 872 49 9
154 911 46 7
154 1055 12 3
154 1056 31 9
154 1065 43 7
154 1115 30 2
154 1117 45 7
155 295 35 10
155 490 39 9
155 1017 19 9
155 1088 46 10
157 384 21 1
158 492 33 6
158 843 24 3
158 847 20 4
160 778 39 9
160 892 1 2
161 1040 6 10
162 170 25 10
163 845 50 6
164 254 6 2
165 1162 50 9
166 301 40 9
166 768 16 1
166 833 12 5
167 191 34 9
167 303 15 10
168 982 20 3
169 206 4 7
169 269 8 4
169 648 27 1
170 404 20 4
170 900 31 10
171 384 34 6
171 497 5 5
175 176 6 4
175 177 30 3
175 178 23 1
175 179 10 2
175 180 21 2
175 181 24 10
175 185 20 10
175 238 16 1
175 257 29 8
175 280 9 7
175 360 5 8
175 361 42 10
175 370 22 5
175 395 9 8
175 433 29 6
175 455 22 8
175 489 23 1
175 510 15 7
175 520 24 6
175 525 7 7
175 532 6 6
175 547 9 5
175 560 21 7
175 569 30 7
175 591 12 9
175 602 36 10
175 620 22 4
175 628 50 9
175 646 41 2
175 662 19 7
175 680 37 7
175 718 39 4
175 757 34 10
175 772 27 10
175 811 47 9
175 812 29 7
175 842 13 2
175 856 7 9
175 910 23 3
175 926 33 6
175 932 23 7
175 972 18 9
175 986 41 4
175 999 27 4
175 1020 12 7
175 1021 49 7
175 1056 5 7
175 1065 22 4
175 1070 37 10
175 1079 46 8
175 1102 31 10
175 1117 29 8
175 1131 29 5
175 1178 15 4
176 182 34 3
176 183 3 8
176 184 13 4
176 185 5 2
176 200 23 6
176 201 48 7
176 238 4 5
176 259 35 5
176 283 11 7
176 315 3 1
176 317 1 5
176 370 5 9
176 380 30 10
176 381 34 5
176 397 22 7
176 431 49 7
176 454 1 3
176 487 48 1
176 520 10 8
176 525 18 1
176 530 43 2
176 545 1 5
176 569 1 5
176 591 42 2
176 602 23 7
176 620 47 4
176 626 41 9
176 646 24 1
176 662 3 6
176 677 21 4
176 717 32 9
176 740 2 2
176 786 7 6
176 787 27 5
176 842 9 7
176 865 12 3
176 870 6 5
176 971 43 10
176 985 11 5
176 995 10 5
176 1070 20 2
176 1079 19 8
176 1100 42 10
176 1115 5 9
176 1131 24 9
176 1140 37 9
176 1145 10 4
176 1176 18 4
177 270 18 5
177 536 50 3
178 551 43 2
178 576 23 8
180 496 15 7
181 1010 11 1
182 366 4 4
185 186 27 6
185 187 20 1
185 188 10 7
185 189 28 9
185 190 24 6
185 196 49 10
185 235 15 1
185 236 7 3
185 258 9 6
185 286 6 6
185 319 37 6
185 322 1 9
185 360 2 7
185 370 1 6
185 381 25 8
185 433 15 2
185 452 27 9
185 510 40 8
185 525 19 8
185 545 3 1
185 560 13 4
185 565 29 8
185 590 27 4
185 591 39 3
185 601 47 6
185 620 37 8
185 627 41 4
185 662 48 5
185 680 32 3
185 715 39 8
185 786 17 5
185 789 18 7
185 812 34 3
185 815 28 10
185 842 22 1
185 855 21 1
185 856 31 8
185 912 42 4
185 928 26 7
185 986 27 3
185 998 45 3
185 999 38 7
185 1025 41 5
185 1056 42 6
185 1065 50 3
185 1070 12 4
185 1075 4 9
185 1076 19 3
185 1100 15 3
185 1102 13 4
185 1116 40 1
185 1130 14 5
185 1145 21 3
185 1178 48 10
186 191 3 3
186 192 38 10
186 193 21 8
186 194 36 2
186 195 8 10
186 256 18 7
186 280 5 1
186 361 10 7
186 370 42 6
186 382 27 2
186 396 22 1
186 430 46 7
186 451 16 7
186 488 2 8
186 489 35 9
186 510 15 8
186 520 30 9
186 525 15 6
186 531 29 5
186 532 50 10
186 546 39 3
186 560 18 7
186 565 19 6
186 602 39 1
186 620 34 4
186 645 42 8
186 646 6 9
186 678 40 1
186 740 2 5
186 742 32 1
186 755 38 4
186 756 47 1
186 770 16 9
186 840 20 9
186 865 10 8
186 867 23 5
186 911 20 7
186 931 16 5
186 972 11 1
186 986 11 4
186 1021 19 8
186 1055 44 6
186 1065 38 5
186 1115 35 1
186 1130 30 4
186 1145 12 3
186 1176 12 1
190 306 23 8
191 702 48 1
193 853 18 7
194 330 39 9
195 196 19 8
195 197 25 9
195 198 8 2
195 199 38 3
195 200 22 4
195 201 33 6
195 202 15 9
195 203 32 10
195 204 45 2
195 205 40 3
195 206 42 7
195 207 28 2
195 208 47 9
195 209 29 3
195 210 24 9
195 211 25 10
195 381 42 6
195 511 48 5
195 525 25 1
195 620 15 9
195 647 29 4
195 675 27 4
195 755 31 7
195 856 9 3
195 910 2 1
195 931 27 7
195 1144 25 2
195 1177 47 7
196 197 22 6
196 198 13 7
196 199 30 9
196 200 43 9
196 201 5 7
196 202 44 2
196 212 38 6
196 213 33 3
196 214 12 9
196 215 13 4
196 323 32 6
196 360 33 5
196 371 26 7
196 382 35 8
196 433 20 3
196 489 31 9
196 560 45 3
196 601 4 3
196 626 42 6
196 741 24 7
196 772 3 10
196 911 6 4
196 970 16 9
196 1022 38 6
196 1070 45 10
197 198 49 8
197 199 38 9
197 200 22 9
197 201 2 5
197 202 38 10
197 216 16 4
197 217 24 6
197 360 11 8
197 485 7 8
197 590 38 7
197 591 22 7
197 985 24 3
197 1022 30 1
197 1056 46 8
197 1175 48 7
198 199 15 1
198 200 49 1
198 201 24 6
198 202 14 1
198 218 13 9
198 236 19 10
198 320 41 4
198 371 37 6
198 525 3 4
198 565 17 8
198 645 18 8
198 660 46 1
198 718 25 4
198 814 47 5
198 840 14 8
198 996 16 1
198 1065 10 1
198 1070 44 6
198 1077 16 3
199 200 49 7
199 201 38 2
199 202 22 1
199 219 10 2
199 235 3 5
199 258 37 3
199 432 5 5
199 454 30 9
199 511 47 1
199 531 48 8
199 547 19 6
199 716 40 7
199 757 46 1
199 971 11 7
199 997 35 2
199 1117 49 6
199 1130 5 4
199 1131 1 1
199 1141 18 3
200 201 25 7
200 202 16 10
200 220 41 10
200 221 43 6
200 222 9 6
200 223 46 7
200 224 40 4
200 225 19 2
200 226 16 7
200 455 22 2
200 560 16 8
200 620 18 7
200 628 16 6
200 681 29 5
200 741 38 6
200 785 22 8
200 841 25 3
200 868 18 9
200 986 44 8
200 1065 26 7
200 1100 45 8
201 202 12 10
201 227 5 4
201 228 6 2
201 229 5 5
201 257 38 7
201 283 6 6
201 284 20 9
201 398 33 3
201 520 41 8
201 566 16 10
201 603 43 1
201 785 9 6
201 866 38 4
201 925 48 9
201 1078 40 6
202 230 19 8
202 231 33 9
202 232 30 1
202 233 8 10
202 234 29 3
202 399 3 1
202 520 25 3
202 530 25 9
202 547 4 4
202 660 12 7
202 770 6 7
202 810 5 1
202 856 36 5
202 1055 4 8
202 1102 14 4
202 1115 39 8
204 791 19 1
204 899 16 7
205 372 3 9
205 893 32 4
205 951 38 3
206 363 46 6
207 208 42 10
207 415 38 6
207 876 4 1
209 240 5 9
209 438 11 4
209 492 40 4
211 1171 27 10
215 449 32 9
216 637 49 3
217 394 20 6
217 595 8 3
217 730 34 9
218 981 18 4
219 1050 42 4
222 705 16 2
223 1027 50 2
224 934 10 8
226 594 30 6
226 969 46 3
226 1118 26 9
228 294 34 7
228 389 27 2
228 457 28 10
228 481 8 3
229 746 12 4
229 1046 7 6
232 839 5 10
234 562 26 10
234 942 48 2
234 1028 23 7
235 236 5 10
235 237 28 3
235 238 14 4
235 239 8 4
235 240 31 2
235 241 27 1
235 242 25 4
235 243 25 2
235 257 1 4
235 361 31 7
235 380 33 5
235 395 18 8
235 450 20 2
235 486 34 6
235 487 25 4
235 510 11 10
235 525 21 10
235 560 33 3
235 567 28 1
235 620 31 1
235 645 27 4
235 662 47 8
235 742 23 10
235 786 9 3
235 871 33 9
235 972 49 4
235 986 35 7
235 1023 17 10
235 1056 19 5
235 1178 18 4
236 237 50 7
236 238 15 6
236 244 27 1
236 245 22 10
236 246 2 9
236 247 18 5
236 248 24 10
236 258 7 9
236 370 35 5
236 397 29 6
236 431 41 5
236 452 45 8
236 531 35 6
236 545 3 9
236 590 30 2
236 620 25 4
236 625 44 10
236 645 50 4
236 660 18 4
236 757 44 1
236 772 2 7
236 787 32 6
236 842 2 4
236 856 19 2
236 911 43 4
236 926 19 6
236 996 42 4
236 1065 18 9
236 1116 31 7
236 1117 13 5
237 238 29 3
237 249 49 7
237 250 24 7
237 251 7 4
237 252 48 9
237 253 11 4
237 382 34 6
237 432 44 5
237 510 37 5
237 520 5 3
237 532 38 10
237 590 32 5
237 677 17 3
237 715 4 9
237 717 47 8
237 811 35 4
237 856 47 8
237 865 37 1
237 971 12 2
237 985 30 8
237 1025 14 6
237 1055 10 1
237 1065 46 8
237 1070 28 10
237 1076 9 10
237 1079 45 2
237 1100 47 6
237 1130 40 3
237 1141 47 2
238 254 34 5
238 281 33 2
238 282 35 1
238 319 7 8
238 323 13 6
238 361 24 1
238 371 37 6
238 520 16 7
238 560 50 7
238 568 1 9
238 601 48 2
238 627 48 2
238 678 36 5
238 742 5 10
238 772 14 1
238 813 23 5
238 842 33 6
238 910 32 8
238 931 13 10
238 998 29 3
238 1100 39 9
238 1130 28 3
238 1146 15 4
238 1175 48 2
239 805 37 8
240 581 10 9
242 324 25 7
242 1120 5 4
242 1183 23 7
243 278 35 10
243 458 38 9
243 858 47 9
245 903 31 7
246 834 5 2
247 851 43 4
249 799 34 8
251 1040 39 2
252 428 14 2
252 555 42 9
252 1086 40 4
255 256 20 2
255 257 12 1
255 258 4 4
255 259 46 2
255 260 21 9
255 261 5 8
255 262 40 9
255 263 49 7
255 264 22 4
255 399 34 2
255 486 21 1
255 520 34 10
255 560 35 2
255 601 22 9
255 661 15 10
255 716 23 6
255 741 19 1
255 785 30 6
255 870 7 4
255 931 2 7
255 971 31 10
255 1022 12 10
255 1024 11 6
255 1070 25 9
255 1102 20 8
256 257 34 10
256 258 21 4
256 259 32 9
256 265 4 3
256 266 11 8
256 267 11 5
256 284 9 3
256 322 8 10
256 360 43 8
256 381 2 9
256 433 23 10
256 453 4 8
256 510 21 5
256 511 34 5
256 546 8 7
256 620 42 9
256 741 6 1
256 756 41 8
256 771 21 4
256 815 40 4
256 842 39 2
256 856 14 5
256 1070 2 9
257 258 14 6
257 259 4 4
257 268 48 9
257 323 22 4
257 370 5 4
257 371 32 6
257 430 24 10
257 530 16 1
257 590 19 5
257 601 37 3
257 647 11 10
257 660 37 10
257 680 1 9
257 786 26 5
257 912 49 1
257 931 33 7
257 985 31 3
257 996 49 5
257 1065 27 5
257 1079 28 4
257 1176 11 5
258 259 32 10
258 269 10 7
258 270 15 6
258 271 3 8
258 272 6 3
258 382 11 4
258 397 18 9
258 454 20 8
258 489 8 4
258 525 25 2
258 547 2 1
258 566 5 9
258 591 38 2
258 625 37 6
258 678 49 7
258 772 31 9
258 840 37 3
258 856 10 1
258 912 27 3
258 971 32 5
258 1055 30 10
258 1056 29 1
258 1065 4 7
258 1079 30 8
258 1130 10 8
258 1140 48 4
258 1179 31 5
259 273 24 1
259 274 34 1
259 275 7 9
259 276 28 10
259 277 2 1
259 278 8 4
259 279 45 6
259 281 46 1
259 361 31 8
259 532 10 9
259 568 11 4
259 620 4 3
259 626 22 1
259 645 18 10
259 715 29 9
259 756 7 4
259 868 46 2
259 986 8 2
259 995 13 2
259 1115 2 7
259 1117 1 6
259 1131 40 8
259 1140 4 3
263 807 16 6
263 1167 50 2
263 1193 49 10
265 415 30 9
265 691 7 5
265 989 17 3
266 920 32 1
267 306 12 9
267 981 19 9
268 1114 18 2
271 698 14 3
272 277 38 9
273 598 43 10
274 595 33 2
275 1038 6 5
276 864 41 2
277 659 50 4
279 332 22 3
280 281 23 9
280 282 47 7
280 283 14 6
280 284 31 5
280 285 34 7
280 286 14 1
280 287 17 8
280 288 24 9
280 289 26 7
280 290 2 3
280 291 4 4
280 547 42 3
280 591 18 5
280 628 32 7
280 715 45 7
280 755 45 5
280 811 38 8
280 842 39 6
280 855 14 7
280 865 46 2
280 868 13 5
280 911 18 1
280 1021 10 1
280 1056 9 6
280 1131 31 5
280 1179 2 1
281 282 24 8
281 283 18 4
281 284 33 2
281 285 3 4
281 286 1 3
281 292 19 10
281 293 30 5
281 294 6 6
281 295 21 1
281 381 31 5
281 433 32 6
281 450 46 2
281 741 9 2
281 770 41 10
281 910 3 3
281 985 49 1
281 1065 45 4
281 1130 36 8
282 283 7 6
282 284 5 2
282 285 14 4
282 286 12 1
282 296 3 10
282 297 1 1
282 298 29 1
282 299 23 5
282 300 10 8
282 301 41 4
282 302 27 7
282 371 31 4
282 401 40 9
282 510 25 9
282 565 38 2
282 646 23 5
282 677 40 1
282 740 39 8
282 786 18 1
282 971 18 2
282 1055 30 2
282 1116 38 5
283 284 23 1
283 285 33 8
283 286 31 8
283 303 12 7
283 304 37 2
283 305 44 1
283 306 3 2
283 319 22 6
283 360 22 1
283 370 44 10
283 488 23 5
283 547 18 9
283 626 5 4
283 716 36 7
283 755 33 3
283 789 50 2
283 925 27 2
283 972 5 5
283 1177 11 7
284 285 5 4
284 286 43 10
284 307 25 8
284 308 21 9
284 309 12 1
284 310 19 1
284 311 24 9
284 380 1 2
284 400 46 4
284 452 14 10
284 560 21 1
284 620 9 10
284 645 9 8
284 660 34 5
284 678 19 2
284 855 5 9
284 997 28 3
284 998 19 5
284 1070 45 3
284 1146 46 9
285 286 42 2
285 312 35 2
285 313 20 3
285 316 43 8
285 361 35 7
285 487 14 2
285 520 49 2
285 525 48 3
285 532 31 4
285 591 48 5
285 601 13 1
285 602 25 8
285 662 36 7
285 986 49 1
285 1020 45 7
285 1075 1 5
285 1100 28 3
285 1102 29 3
285 1115 8 3
286 314 37 1
286 431 40 5
286 510 28 9
286 520 14 5
286 525 3 6
286 532 48 1
286 569 25 1
286 620 23 8
286 771 43 3
286 813 33 9
286 840 5 2
286 931 16 4
286 1065 40 4
286 1070 8 4
286 1140 19 5
287 314 47 10
288 897 50 10
289 636 13 3
290 301 45 3
291 586 10 9
291 1030 30 4
293 311 42 6
293 1174 21 3
294 483 46 8
295 1162 44 7
298 851 34 3
299 898 29 3
301 1006 33 2
304 875 19 1
305 436 24 10
307 579 14 6
309 422 15 8
309 1001 22 3
311 750 3 9
311 1037 21 7
312 881 44 6
314 832 16 5
314 934 15 8
314 1163 3 9
315 316 41 1
315 317 18 4
315 318 29 1
315 319 4 9
315 320 1 4
315 321 45 3
315 322 5 2
315 323 31 7
315 324 22 9
315 325 28 2
315 326 33 2
315 327 20 3
315 328 46 4
315 370 31 2
315 603 21 1
315 626 46 9
315 677 28 5
315 716 41 1
315 742 25 8
315 771 16 8
315 814 45 8
315 871 10 9
315 1065 33 8
316 317 6 6
316 318 39 9
316 319 15 5
316 320 14 2
316 321 45 6
316 322 49 5
316 323 36 2
316 329 1 2
316 330 36 8
316 399 43 6
316 432 25 3
316 603 33 1
316 842 6 5
316 925 16 1
316 927 48 9
316 997 20 10
316 1101 14 8
316 1117 41 5
316 1178 35 9
317 318 14 9
317 319 8 6
317 320 19 6
317 321 32 8
317 322 47 5
317 323 6 6
317 331 9 3
317 332 31 7
317 333 32 4
317 334 14 7
317 335 12 10
317 336 45 4
317 337 11 10
317 432 10 7
317 531 15 8
317 560 28 7
317 755 19 5
317 772 2 2
317 787 39 4
317 997 44 4
317 1070 46 6
317 1130 22 6
318 319 49 4
318 320 37 9
318 321 24 9
318 322 34 10
318 323 20 6
318 338 6 10
318 339 4 3
318 370 44 9
318 510 14 9
318 545 28 3
318 566 30 6
318 645 12 2
318 986 33 5
318 1100 36 3
319 320 39 1
319 321 24 7
319 322 1 8
319 323 24 7
319 340 18 7
319 341 43 8
319 342 10 2
319 343 18 5
319 344 23 8
319 510 12 3
319 525 35 4
319 647 18 2
319 679 14 7
319 740 28 10
319 912 34 10
319 1070 10 3
320 321 47 4
320 322 7 4
320 323 24 8
320 345 25 2
320 346 18 10
320 360 20 9
320 382 15 1
320 452 45 5
320 520 32 1
320 525 43 7
320 590 38 5
320 972 49 8
320 1055 28 2
320 1077 45 5
320 1131 42 1
320 1178 26 2
321 322 16 10
321 323 48 9
321 347 25 5
321 348 34 7
321 349 23 2
321 350 36 9
321 396 31 1
321 620 33 1
321 660 34 8
321 855 38 10
321 971 47 10
321 986 28 8
321 1022 47 1
321 1075 7 2
322 323 5 9
322 351 12 8
322 352 38 6
322 353 34 6
322 354 12 5
322 355 41 5
322 356 40 6
322 357 29 5
322 456 19 8
322 486 32 5
322 520 14 3
322 532 12 7
322 545 44 9
322 625 40 2
322 756 47 10
322 789 15 6
322 856 32 5
322 1021 21 5
323 358 24 1
323 359 49 6
323 361 39 6
323 380 25 8
323 488 41 8
323 560 48 4
323 568 22 10
323 591 18 8
323 620 42 3
323 717 1 10
323 814 1 8
323 840 32 8
323 867 41 10
323 910 25 7
323 1116 16 9
323 1142 20 7
323 1144 25 9
324 512 6 2
329 881 9 4
330 375 26 10
330 891 22 5
330 934 31 4
331 541 39 8
331 853 42 9
331 1168 21 6
333 659 6 7
336 417 35 4
337 665 26 10
337 884 50 1
338 426 23 9
338 977 14 2
338 1129 7 3
341 526 43 3
341 643 18 1
342 803 45 6
343 888 3 2
344 794 45 3
344 1049 12 9
344 1174 45 10
345 595 36 10
347 1148 9 2
347 1181 22 10
348 693 17 3
348 806 7 5
350 1053 35 8
351 748 24 1
351 793 44 6
353 848 11 9
355 782 35 6
356 642 40 8
356 1036 12 6
358 516 44 9
359 710 43 5
359 805 44 4
360 361 12 5
360 362 23 9
360 363 16 7
360 370 29 1
360 399 13 1
360 400 35 10
360 430 45 6
360 454 47 1
360 485 8 5
360 488 13 3
360 510 25 10
360 511 39 9
360 520 38 4
360 525 5 7
360 530 15 7
360 532 6 7
360 545 14 6
360 560 7 8
360 565 2 8
360 591 1 4
360 620 16 5
360 626 46 7
360 645 1 10
360 662 23 7
360 675 12 9
360 716 30 4
360 740 33 9
360 741 15 7
360 757 12 3
360 771 34 5
360 789 7 7
360 813 29 10
360 840 38 7
360 841 47 4
360 856 20 7
360 873 31 8
360 912 5 4
360 971 45 10
360 985 31 4
360 986 50 9
360 999 38 2
360 1023 47 3
360 1056 9 10
360 1070 14 8
360 1115 15 5
360 1116 31 8
360 1131 25 8
361 364 6 2
361 365 28 5
361 366 24 10
361 367 27 5
361 368 47 10
361 369 27 9
361 370 14 4
361 380 44 10
361 432 17 1
361 454 3 7
361 520 30 4
361 546 46 4
361 565 42 3
361 590 38 3
361 600 47 2
361 620 24 2
361 627 26 4
361 646 36 4
361 662 4 10
361 679 50 6
361 719 32 3
361 789 8 7
361 814 48 3
361 856 6 7
361 865 49 1
361 912 14 8
361 932 44 7
361 933 35 10
361 970 35 1
361 997 28 2
361 1023 31 4
361 1055 12 5
361 1065 23 4
361 1070 38 9
361 1076 10 1
361 1077 5 6
361 1102 16 8
361 1130 11 9
361 1140 24 3
361 1142 50 10
361 1178 35 5
361 1179 43 6
362 901 32 1
364 1010 39 7
364 1080 14 6
365 1089 11 8
367 465 35 7
368 965 41 4
370 371 22 8
370 372 48 8
370 380 1 7
370 382 45 7
370 395 45 8
370 396 42 4
370 433 7 9
370 453 4 10
370 520 43 7
370 531 46 2
370 545 41 8
370 560 1 5
370 565 47 8
370 569 42 4
370 591 35 5
370 620 16 4
370 625 5 2
370 628 9 8
370 646 12 4
370 647 11 2
370 662 36 2
370 680 33 3
370 755 18 1
370 770 12 6
370 789 44 2
370 855 23 9
370 870 20 5
370 912 25 10
370 927 24 5
370 1055 6 4
370 1065 12 2
370 1070 46 5
370 1078 43 9
370 1115 22 9
370 1117 45 1
370 1130 16 4
370 1131 45 7
370 1141 29 10
370 1146 2 6
370 1176 27 3
371 373 34 1
371 374 28 7
371 375 38 4
371 376 18 6
371 377 12 10
371 378 36 9
371 379 12 6
371 433 10 8
371 455 3 10
371 486 16 4
371 488 16 1
371 510 43 6
371 520 21 4
371 525 34 10
371 531 47 4
371 590 48 8
371 600 13 5
371 601 41 5
371 620 50 1
371 662 29 1
371 681 8 7
371 716 15 8
371 718 5 7
371 740 39 6
371 755 47 4
371 772 42 2
371 788 16 3
371 810 30 7
371 814 41 2
371 840 29 3
371 855 44 7
371 870 20 7
371 912 7 9
371 933 17 5
371 970 13 1
371 971 27 4
371 985 43 9
371 986 2 8
371 996 40 8
371 997 44 1
371 1023 33 4
371 1025 49 6
371 1056 25 4
371 1070 36 1
371 1100 25 2
371 1102 49 9
372 470 48 2
372 1162 25 5
373 1171 10 8
379 823 2 9
379 1043 48 9
380 381 13 5
380 382 31 8
380 383 24 2
380 384 23 7
380 385 45 6
380 386 18 3
380 387 1 4
380 395 41 7
380 453 29 7
380 454 36 9
380 510 12 1
380 525 1 10
380 545 50 8
380 567 35 3
380 601 46 4
380 628 47 9
380 646 47 3
380 661 33 5
380 662 50 4
380 682 39 8
380 716 39 3
380 740 15 7
380 741 11 10
380 757 43 7
380 772 14 10
380 840 39 4
380 856 36 4
380 866 9 8
380 867 23 1
380 926 32 1
380 1056 31 8
380 1065 10 2
380 1070 20 6
380 1115 41 8
380 1141 42 7
380 1143 31 10
380 1177 18 2
381 382 5 9
381 388 23 1
381 486 44 9
381 511 15 3
381 520 2 3
381 531 21 3
381 546 46 2
381 565 14 10
381 590 42 3
381 591 49 9
381 620 23 10
381 812 6 7
381 815 14 3
381 840 41 10
381 910 1 9
381 926 46 8
381 985 45 6
381 1022 47 2
381 1025 35 9
381 1070 17 5
381 1076 13 7
381 1100 9 1
381 1131 15 3
381 1177 33 10
382 389 47 7
382 390 47 3
382 391 29 10
382 392 24 6
382 393 6 9
382 394 42 3
382 397 2 7
382 431 1 1
382 433 19 10
382 489 50 10
382 520 27 3
382 532 22 8
382 560 36 1
382 602 18 7
382 628 45 7
382 645 13 2
382 682 40 2
382 715 38 8
382 755 47 6
382 771 36 6
382 788 16 3
382 789 9 4
382 856 18 9
382 912 35 9
382 970 20 10
382 972 33 9
382 985 39 2
382 997 30 9
382 998 31 7
382 1065 14 7
382 1075 20 9
382 1102 27 1
382 1116 13 3
382 1131 31 5
383 394 42 8
388 783 4 7
390 635 45 1
390 700 49 8
390 827 12 7
394 934 44 10
395 396 24 8
395 397 49 3
395 398 9 1
395 399 10 2
395 400 40 2
395 401 25 10
395 402 47 7
395 403 33 4
395 404 23 8
395 405 41 9
395 406 43 1
395 407 40 4
395 520 49 6
395 545 38 1
395 680 16 9
395 742 3 3
395 771 16 1
395 772 38 8
395 840 2 8
395 872 3 7
395 972 11 5
395 986 42 8
395 1102 5 9
396 397 36 5
396 398 31 9
396 399 44 7
396 400 25 2
396 401 49 10
396 408 46 5
396 409 11 7
396 410 1 6
396 411 39 3
396 601 5 8
396 620 23 5
396 645 7 5
396 755 27 1
396 842 35 1
396 856 4 10
396 870 43 9
396 997 26 8
396 1024 14 3
396 1065 12 8
396 1116 44 7
396 1177 38 3
397 398 46 6
397 399 3 1
397 400 15 2
397 401 45 8
397 412 9 1
397 413 41 9
397 414 18 6
397 415 18 3
397 416 28 3
397 430 15 10
397 511 47 9
397 520 8 10
397 525 10 7
397 560 49 6
397 569 29 2
397 647 30 9
397 855 34 9
397 932 15 8
397 1065 38 3
397 1102 37 3
398 399 2 1
398 400 42 8
398 401 43 6
398 417 1 8
398 418 12 8
398 419 10 4
398 431 19 2
398 487 36 2
398 525 6 10
398 565 47 8
398 628 26 5
398 660 14 6
398 678 42 4
398 789 36 10
398 813 31 5
398 814 47 5
398 910 12 3
398 930 8 8
398 1056 9 6
398 1070 8 2
398 1131 30 10
399 400 33 1
399 401 23 4
399 420 37 10
399 421 27 5
399 454 34 4
399 485 37 1
399 530 6 9
399 531 32 4
399 590 29 9
399 600 36 4
399 718 7 9
399 719 11 3
399 998 25 8
399 1026 21 6
400 401 17 7
400 422 20 6
400 423 10 4
400 424 3 5
400 425 49 6
400 450 7 10
400 545 19 8
400 620 29 1
400 626 7 5
400 662 4 1
400 741 8 10
400 911 2 2
400 986 10 4
400 1055 19 4
400 1144 34 10
401 426 50 7
401 427 5 7
401 428 18 8
401 429 3 6
401 510 13 4
401 560 28 9
401 590 1 8
401 756 6 7
401 787 46 6
401 971 14 1
401 1070 48 9
401 1075 37 4
401 1076 5 8
401 1116 12 6
401 1131 46 4
401 1140 8 9
401 1178 29 10
402 935 39 1
403 939 42 10
407 693 13 5
407 830 39 10
408 1180 40 9
412 579 47 9
416 760 32 4
417 874 6 10
417 1136 14 2
421 436 38 2
421 606 48 10
422 621 35 10
424 1114 47 9
428 1099 28 3
430 431 16 8
430 432 19 1
430 433 17 9
430 434 40 6
430 435 30 8
430 436 21 9
430 437 15 1
430 438 37 4
430 439 49 9
430 488 36 3
430 525 32 5
430 547 19 8
430 591 25 7
430 602 43 2
430 627 9 9
430 788 49 8
430 810 11 7
430 865 33 7
430 911 47 5
430 997 11 5
430 1021 28 5
430 1022 22 5
430 1065 3 4
430 1070 39 1
430 1102 45 10
430 1142 5 7
431 432 14 3
431 433 11 1
431 440 8 9
431 441 8 6
431 453 49 9
431 510 43 1
431 525 21 10
431 532 42 8
431 591 39 3
431 660 5 10
431 715 6 4
431 740 33 1
431 756 28 6
431 770 16 1
431 771 31 5
431 841 10 1
431 842 37 8
431 928 7 8
431 985 5 5
431 1065 45 4
431 1143 15 4
432 433 19 6
432 442 23 8
432 443 48 6
432 444 6 8
432 445 5 5
432 446 37 4
432 447 46 1
432 448 32 10
432 511 17 2
432 565 49 4
432 602 39 1
432 620 16 1
432 628 45 6
432 681 13 2
432 855 20 6
432 910 45 3
432 972 26 2
432 1055 41 3
432 1056 9 10
432 1076 46 3
432 1079 5 5
432 1130 12 6
432 1177 33 3
433 449 34 2
433 452 7 8
433 486 23 9
433 520 35 4
433 545 16 7
433 560 42 3
433 567 25 5
433 620 46 6
433 647 40 4
433 679 50 6
433 715 33 10
433 740 6 5
433 789 27 1
433 815 29 3
433 855 3 3
433 865 45 1
433 932 33 9
433 972 14 5
433 985 5 7
433 998 47 10
433 1070 50 4
433 1101 46 4
433 1115 25 9
433 1116 48 8
433 1130 2 1
433 1177 19 10
434 1089 38 5
435 581 36 7
438 773 3 9
438 1009 38 7
438 1139 28 7
439 553 47 4
441 1049 13 1
442 1148 32 3
444 941 29 8
447 990 21 3
449 1127 9 8
450 451 29 6
450 452 9 8
450 453 50 1
450 454 33 3
450 455 20 1
450 456 50 4
450 457 6 6
450 458 35 10
450 459 16 8
450 460 13 8
450 461 26 1
450 462 21 4
450 463 14 3
450 464 42 7
450 465 40 8
450 466 25 3
450 467 28 1
450 530 50 8
450 545 4 10
450 560 4 7
450 591 29 2
450 645 49 8
450 661 19 7
450 770 2 8
450 911 33 6
450 1056 12 1
450 1065 41 1
450 1077 12 5
451 452 9 1
451 453 7 10
451 454 48 5
451 455 7 5
451 456 23 5
451 468 7 2
451 469 20 6
451 470 16 2
451 471 43 6
451 489 15 3
451 546 13 10
451 591 11 8
451 626 9 7
451 647 46 4
451 716 39 8
451 985 48 6
451 1065 14 3
451 1075 48 8
451 1101 14 9
451 1102 26 3
451 1130 29 10
452 453 1 10
452 454 44 4
452 455 46 7
452 456 9 8
452 472 5 4
452 520 5 4
452 620 26 8
452 627 1 10
452 789 43 1
452 842 49 9
452 856 39 1
452 995 37 3
452 1021 14 10
452 1055 36 10
452 1179 47 10
453 454 17 7
453 455 47 2
453 456 34 10
453 473 39 8
453 525 47 4
453 601 30 9
453 741 40 6
453 771 30 10
453 925 7 2
453 970 32 8
453 986 34 8
453 1025 22 10
453 1179 32 6
454 455 11 8
454 456 26 1
454 474 21 4
454 475 19 8
454 510 18 9
454 520 18 3
454 568 41 7
454 676 50 8
454 757 15 8
454 841 5 2
454 873 18 1
454 930 44 4
454 1116 20 4
455 456 36 7
455 476 50 1
455 477 49 5
455 478 4 8
455 479 39 7
455 560 15 2
455 661 28 6
455 788 49 4
455 813 14 5
455 814 49 1
455 855 39 5
455 873 36 4
455 911 41 9
455 1070 22 9
455 1141 40 3
456 480 7 10
456 481 2 6
456 482 14 1
456 483 5 4
456 484 11 5
456 488 50 10
456 511 33 9
456 525 45 10
456 567 1 2
456 602 13 8
456 620 33 7
456 678 21 1
456 716 16 4
456 740 36 4
456 756 38 4
456 972 47 6
456 998 50 2
456 1116 15 2
456 1131 48 3
456 1143 10 8
459 613 17 1
460 727 5 4
461 1105 32 7
462 892 22 8
463 707 21 6
463 832 38 9
467 796 19 9
469 494 15 10
470 1027 9 1
476 577 11 9
476 1060 33 4
478 768 12 4
479 917 50 4
483 1173 19 2
485 486 49 2
485 487 10 3
485 488 33 2
485 489 16 2
485 490 21 5
485 491 28 4
485 492 39 1
485 532 29 4
485 560 8 6
485 626 13 6
485 675 11 9
485 716 10 10
485 740 20 4
485 756 11 9
485 757 9 1
485 789 5 4
485 870 46 5
485 910 16 6
485 927 45 6
485 971 31 6
485 1023 14 3
485 1079 47 6
485 1130 7 5
486 487 36 3
486 488 44 1
486 489 41 5
486 493 8 2
486 494 6 3
486 495 8 7
486 496 36 6
486 497 13 9
486 498 9 10
486 510 40 9
486 520 48 1
486 525 45 8
486 546 4 1
486 628 42 1
486 645 46 10
486 660 13 2
486 814 4 6
486 986 20 1
486 997 13 2
486 1024 34 10
486 1056 12 4
486 1101 50 8
486 1115 35 10
486 1176 39 10
487 488 15 4
487 489 7 6
487 499 13 10
487 500 7 4
487 510 18 10
487 565 20 9
487 600 2 4
487 620 26 6
487 645 5 5
487 772 24 10
487 787 1 7
487 842 25 1
487 855 40 9
487 872 32 6
487 925 31 1
487 999 1 1
487 1055 32 9
487 1065 4 6
487 1115 15 4
487 1143 34 8
487 1145 22 9
488 489 44 3
488 501 49 7
488 502 31 4
488 503 37 5
488 504 33 1
488 591 12 4
488 600 39 1
488 662 26 6
488 715 8 7
488 740 40 5
488 815 27 1
488 911 5 7
488 985 11 5
488 1070 32 3
488 1075 41 10
488 1131 10 10
489 505 19 2
489 506 12 2
489 507 1 3
489 508 21 6
489 509 37 2
489 531 8 5
489 568 34 2
489 590 26 6
489 620 29 4
489 682 17 6
489 771 20 1
489 841 29 4
489 855 25 7
489 971 47 6
489 1065 45 7
489 1070 44 6
489 1101 11 2
489 1177 28 2
490 899 4 6
491 686 6 6
491 710 36 5
492 1036 50 5
493 858 34 9
493 948 18 6
497 536 16 10
499 1005 5 9
500 887 39 8
502 909 16 7
505 722 20 6
510 511 20 2
510 512 31 8
510 513 48 2
510 514 31 6
510 520 43 3
510 525 33 3
510 531 36 3
510 546 31 4
510 560 31 2
510 590 33 6
510 591 50 5
510 602 29 2
510 626 38 3
510 647 48 1
510 661 39 9
510 772 42 4
510 810 26 6
510 840 26 3
510 856 26 4
510 865 28 3
510 871 49 2
510 911 1 8
510 933 5 1
510 970 37 4
510 972 27 6
510 985 26 10
510 998 34 5
510 999 14 8
510 1055 8 8
510 1070 30 6
510 1115 5 4
510 1117 40 7
510 1130 17 2
510 1144 48 7
511 515 38 5
511 516 43 9
511 517 31 6
511 518 31 1
511 519 11 1
511 520 49 7
511 525 14 5
511 530 41 5
511 546 30 10
511 565 33 6
511 568 12 9
511 601 9 10
511 620 6 5
511 625 23 8
511 645 39 1
511 660 22 10
511 675 4 9
511 680 6 5
511 717 29 4
511 719 49 5
511 740 7 1
511 755 21 4
511 771 27 10
511 787 3 9
511 788 39 7
511 811 5 5
511 840 30 1
511 911 21 6
511 927 44 5
511 1023 9 3
511 1024 2 9
511 1055 17 6
511 1065 47 7
511 1070 16 7
511 1078 16 3
511 1100 11 10
511 1102 26 10
511 1131 22 1
511 1145 35 1
511 1178 27 3
511 1179 22 4
512 691 28 4
514 1114 42 4
514 1129 18 4
517 820 34 5
520 521 29 2
520 522 30 7
520 523 43 9
520 524 38 2
520 525 41 10
520 531 33 6
520 532 5 10
520 546 16 6
520 560 18 8
520 566 26 3
520 591 8 2
520 600 3 6
520 620 21 5
520 626 40 8
520 645 28 4
520 661 50 6
520 662 27 8
520 676 6 6
520 680 30 6
520 715 49 7
520 718 23 4
520 740 41 2
520 742 26 5
520 755 36 5
520 756 33 1
520 771 20 4
520 772 38 9
520 785 23 10
520 788 33 6
520 810 21 9
520 815 34 8
520 840 43 10
520 841 6 3
520 855 21 8
520 871 43 8
520 872 34 6
520 911 42 4
520 928 42 6
520 930 48 7
520 970 17 1
520 985 43 1
520 986 31 2
520 996 41 6
520 998 35 7
520 1025 14 3
520 1026 11 9
520 1055 20 5
520 1056 34 7
520 1065 11 9
520 1070 22 1
520 1076 41 3
520 1078 10 6
520 1101 50 3
520 1116 17 8
520 1117 29 10
520 1130 44 4
520 1131 14 7
520 1142 13 1
520 1144 26 10
520 1175 24 1
520 1178 37 2
522 833 21 2
522 878 34 5
524 1147 1 6
525 526 20 3
525 527 2 9
525 528 16 10
525 529 20 3
525 531 4 6
525 532 21 5
525 546 28 3
525 547 12 3
525 560 9 6
525 566 35 7
525 567 13 6
525 590 38 6
525 591 5 3
525 601 15 9
525 602 41 5
525 620 43 7
525 626 31 9
525 628 28 4
525 646 4 5
525 647 9 2
525 661 49 6
525 662 9 1
525 682 14 9
525 717 11 2
525 740 4 3
525 741 17 6
525 755 6 4
525 757 40 10
525 772 5 3
525 785 7 10
525 788 43 2
525 812 42 3
525 840 48 10
525 842 23 5
525 855 37 3
525 856 30 2
525 867 20 4
525 871 43 6
525 911 34 7
525 912 46 7
525 929 5 4
525 931 7 10
525 970 15 3
525 972 14 2
525 985 42 3
525 986 25 8
525 998 34 5
525 999 8 8
525 1021 41 4
525 1025 27 8
525 1055 10 9
525 1056 2 10
525 1065 39 9
525 1070 44 3
525 1076 26 8
525 1079 6 2
525 1100 37 3
525 1102 12 9
525 1117 33 7
525 1130 9 3
525 1131 8 2
525 1143 37 10
525 1146 1 4
525 1175 41 9
525 1179 30 1
529 801 6 1
530 531 2 6
530 532 41 6
530 533 38 5
530 534 42 9
530 546 31 8
530 547 32 8
530 590 38 6
530 602 23 4
530 620 17 6
530 625 8 5
530 646 46 2
530 740 32 6
530 755 20 2
530 756 16 6
530 770 21 5
530 813 2 10
530 840 5 2
530 842 38 4
530 856 40 3
530 871 47 8
530 910 50 1
530 926 13 7
530 931 18 2
530 1021 36 9
530 1055 48 9
530 1070 10 4
530 1117 33 9
530 1131 29 1
530 1146 43 4
531 532 16 5
531 535 17 4
531 536 48 8
531 537 38 9
531 538 50 6
531 567 17 10
531 603 26 8
531 620 27 8
531 627 48 7
531 742 45 3
531 786 34 5
531 813 48 10
531 910 36 10
531 970 9 9
531 985 6 4
531 995 15 7
531 998 24 1
531 1065 35 1
531 1078 29 4
531 1100 28 7
531 1102 34 7
531 1130 39 3
531 1177 18 10
532 539 21 5
532 540 23 3
532 541 6 4
532 542 37 10
532 543 17 2
532 544 32 8
532 560 46 2
532 566 2 3
532 590 33 5
532 647 16 3
532 660 25 5
532 661 44 7
532 675 50 2
532 680 46 1
532 715 45 6
532 717 19 2
532 788 39 2
532 870 49 6
532 972 13 4
532 986 50 7
532 1021 35 4
532 1055 37 1
532 1065 13 10
532 1070 35 10
532 1075 45 3
532 1115 33 3
532 1140 32 6
532 1178 25 3
536 907 49 1
539 730 5 7
540 618 50 2
541 588 1 5
542 944 19 8
543 1030 26 7
543 1125 20 4
545 546 22 2
545 547 21 3
545 548 22 5
545 549 27 10
545 603 41 10
545 620 7 1
545 628 13 4
545 678 10 7
545 718 7 2
545 770 27 5
545 785 16 5
545 810 38 7
545 812 22 8
545 840 11 8
545 855 13 3
545 911 12 2
545 931 36 9
545 999 28 3
545 1056 39 5
545 1065 43 5
545 1079 16 8
545 1115 33 1
545 1130 43 2
545 1175 17 1
545 1177 3 2
546 547 9 1
546 550 15 4
546 551 21 4
546 552 22 1
546 553 46 9
546 560 35 6
546 567 20 3
546 590 40 2
546 601 45 7
546 620 48 1
546 625 30 5
546 715 16 1
546 756 1 10
546 787 4 5
546 840 44 2
546 868 32 6
546 972 23 10
546 985 32 6
546 995 20 8
546 1020 11 5
546 1022 42 4
546 1055 40 3
546 1078 19 7
546 1100 7 10
546 1131 50 4
547 554 6 8
547 555 12 3
547 556 22 10
547 557 37 6
547 558 12 2
547 559 37 2
547 560 20 3
547 566 44 10
547 646 30 2
547 660 4 10
547 661 18 8
547 677 11 9
547 741 21 2
547 742 31 10
547 756 11 3
547 770 16 1
547 865 22 6
547 912 44 6
547 927 8 6
547 971 6 10
547 1065 29 3
547 1070 23 2
547 1102 33 5
547 1117 26 4
547 1144 42 5
547 1146 44 7
548 1114 47 6
550 720 24 8
555 640 32 7
557 809 44 3
559 672 44 6
560 561 31 3
560 562 9 4
560 563 15 9
560 564 12 2
560 565 13 1
560 590 34 4
560 591 35 1
560 603 2 7
560 620 31 9
560 625 19 9
560 628 8 5
560 645 44 1
560 647 2 7
560 660 3 8
560 661 47 1
560 676 38 7
560 681 32 4
560 715 38 7
560 719 5 9
560 741 2 6
560 742 29 7
560 756 10 9
560 757 9 3
560 770 9 7
560 772 9 10
560 786 33 4
560 789 26 1
560 810 17 10
560 813 27 10
560 842 14 7
560 856 1 2
560 867 17 3
560 868 21 8
560 910 47 5
560 927 26 3
560 970 8 9
560 985 1 9
560 986 42 10
560 997 7 1
560 999 16 9
560 1021 8 7
560 1024 7 10
560 1055 12 1
560 1056 50 9
560 1065 37 10
560 1070 24 10
560 1076 28 2
560 1078 19 10
560 1100 47 1
560 1101 25 10
560 1115 18 7
560 1116 23 4
560 1130 37 5
560 1131 32 1
560 1140 25 1
560 1146 24 8
560 1178 13 5
560 1179 16 2
561 830 14 7
565 566 11 3
565 567 4 5
565 568 22 4
565 569 13 3
565 570 10 5
565 571 13 3
565 572 31 2
565 573 22 10
565 574 6 8
565 575 44 6
565 602 32 10
565 627 9 7
565 647 3 2
565 675 28 5
565 676 31 1
565 770 41 7
565 786 18 7
565 842 43 4
565 1065 16 10
565 1079 14 1
565 1116 12 9
565 1140 36 8
566 567 14 3
566 568 40 3
566 569 21 5
566 576 5 9
566 600 8 10
566 628 2 3
566 719 24 4
566 757 25 8
566 771 49 4
566 865 24 7
566 872 11 7
566 971 47 4
566 985 27 8
566 1056 9 8
566 1070 1 3
566 1117 10 2
566 1131 16 9
566 1142 36 4
567 568 29 9
567 569 36 10
567 577 49 2
567 578 11 7
567 579 33 7
567 580 15 4
567 581 24 8
567 582 41 5
567 583 18 7
567 584 47 9
567 591 20 7
567 814 15 8
567 855 14 10
567 928 3 9
567 1078 9 9
567 1101 38 2
567 1130 19 2
567 1178 33 10
568 569 23 9
568 585 11 1
568 586 5 10
568 587 20 3
568 590 11 6
568 620 2 5
568 662 48 10
568 718 39 5
568 789 47 5
568 840 22 9
568 855 31 3
568 910 1 7
568 926 11 10
568 997 9 1
568 1020 38 8
568 1021 8 7
568 1056 6 1
568 1102 7 6
569 588 43 2
569 589 25 10
569 647 24 6
569 741 11 4
569 742 7 6
569 814 19 3
569 911 46 2
569 985 47 10
569 996 10 4
569 1065 1 9
569 1070 1 8
569 1175 27 2
571 877 18 6
572 1047 13 7
574 1035 2 7
576 497 11 5
576 1119 46 10
577 584 14 2
577 685 26 6
578 843 38 5
583 826 7 3
583 854 37 3
587 1155 7 9
588 893 42 8
589 978 25 2
590 591 9 4
590 592 43 9
590 593 3 10
590 594 46 10
590 595 43 5
590 596 19 8
590 601 40 3
590 647 32 6
590 660 29 7
590 662 13 9
590 676 19 1
590 718 5 9
590 757 23 5
590 770 5 4
590 786 24 9
590 788 29 9
590 811 20 8
590 842 11 3
590 855 18 9
590 910 8 1
590 912 10 10
590 970 13 4
590 986 7 2
590 999 39 9
590 1020 20 4
590 1021 5 10
590 1056 47 3
590 1065 27 6
590 1070 41 10
590 1075 30 6
590 1076 24 1
590 1102 12 1
590 1115 37 3
590 1130 28 10
590 1131 40 5
591 597 2 10
591 598 22 4
591 599 17 6
591 600 20 10
591 620 5 2
591 627 16 4
591 645 7 2
591 678 19 6
591 740 35 8
591 742 3 2
591 755 25 8
591 772 48 3
591 810 49 1
591 840 7 1
591 856 44 3
591 865 11 4
591 868 2 8
591 930 25 9
591 931 8 7
591 999 26 10
591 1056 25 4
591 1070 18 3
591 1101 32 5
591 1117 42 9
591 1142 10 5
591 1143 20 7
591 1175 34 3
592 685 41 5
593 1050 14 4
594 894 22 2
596 1029 4 5
600 601 32 9
600 602 40 9
600 603 37 10
600 604 5 1
600 605 24 9
600 606 50 1
600 607 47 4
600 608 33 2
600 609 2 10
600 610 36 7
600 611 50 7
600 612 49 6
600 660 20 2
600 719 3 8
600 770 30 9
600 786 43 2
600 856 27 5
600 869 7 6
600 926 36 1
600 970 50 8
600 1055 38 6
600 1056 12 9
600 1075 41 8
600 1178 17 2
601 602 12 7
601 603 30 4
601 613 48 2
601 614 27 5
601 620 1 7
601 647 37 9
601 662 4 9
601 718 46 5
601 788 31 10
601 812 29 2
601 842 10 9
601 855 37 4
601 911 8 5
601 971 9 1
601 995 43 6
601 1065 39 5
601 1070 3 7
601 1115 6 3
601 1131 19 8
601 1141 36 10
601 1145 43 1
601 1178 38 10
602 603 32 1
602 615 20 9
602 616 36 1
602 620 11 2
602 625 2 6
602 645 34 2
602 678 5 5
602 680 3 7
602 742 29 9
602 757 8 7
602 771 41 7
602 812 25 3
602 842 27 3
602 868 50 7
602 985 44 5
602 996 40 5
602 1026 39 1
602 1065 29 4
603 617 38 2
603 618 32 4
603 619 2 8
603 625 50 8
603 740 20 1
603 756 30 7
603 912 11 5
603 926 25 5
603 986 29 6
603 1070 7 1
603 1076 38 8
603 1100 32 3
603 1101 33 5
603 1115 5 2
603 1131 34 6
604 1123 22 3
606 688 31 5
606 850 31 10
607 1197 25 7
611 877 34 10
616 1121 22 2
617 710 16 7
618 1161 15 7
620 621 45 7
620 622 13 6
620 623 4 8
620 624 9 3
620 625 36 4
620 628 38 2
620 647 47 9
620 661 8 4
620 676 21 5
620 681 40 3
620 718 30 10
620 719 32 9
620 741 27 1
620 742 4 7
620 755 27 5
620 756 31 7
620 770 40 6
620 785 15 1
620 787 3 3
620 815 14 4
620 841 48 10
620 856 9 8
620 868 30 8
620 870 21 5
620 910 39 9
620 912 44 1
620 927 37 7
620 930 14 4
620 970 20 7
620 971 15 1
620 985 22 5
620 986 39 1
620 995 8 10
620 997 3 3
620 1022 9 10
620 1055 40 3
620 1065 4 7
620 1070 7 1
620 1076 39 5
620 1079 16 9
620 1100 9 4
620 1116 30 2
620 1117 33 4
620 1130 1 8
620 1131 16 4
620 1143 12 10
620 1176 26 2
620 1177 16 6
622 893 5 2
624 671 9 2
625 626 14 2
625 627 45 7
625 628 22 5
625 629 42 4
625 630 37 3
625 631 32 8
625 719 20 2
625 869 20 4
625 972 42 9
625 1025 39 1
625 1075 9 10
625 1116 18 2
625 1130 38 8
626 627 49 10
626 628 2 8
626 632 40 2
626 633 48 8
626 634 42 8
626 660 13 5
626 679 19 6
626 742 6 5
626 756 44 3
626 770 3 5
626 789 34 8
626 812 36 2
626 856 35 7
626 870 5 5
626 925 47 5
626 931 41 8
626 971 22 6
626 986 39 6
626 1026 35 1
626 1101 32 4
627 628 40 6
627 635 11 4
627 636 10 10
627 637 16 8
627 638 31 2
627 639 33 6
627 645 18 9
627 682 49 2
627 755 37 5
627 788 23 1
627 841 24 1
627 910 23 3
627 996 46 7
627 998 23 6
627 1144 30 8
628 640 16 5
628 641 4 7
628 642 36 4
628 643 41 10
628 644 30 3
628 646 37 10
628 660 25 7
628 717 43 9
628 741 28 4
628 771 20 9
628 812 37 6
628 856 45 7
628 911 30 3
628 986 33 10
628 1056 47 7
628 1065 43 6
628 1070 32 5
628 1079 10 5
628 1101 44 6
628 1117 19 2
628 1130 9 9
628 1146 7 3
628 1175 2 1
628 1177 21 6
629 848 34 7
629 962 42 6
631 827 5 2
634 638 31 7
635 801 7 5
635 918 50 6
639 724 9 3
641 670 8 10
641 987 15 5
644 684 37 5
644 919 23 7
644 1010 32 3
645 646 8 5
645 647 12 2
645 648 42 3
645 649 14 9
645 650 43 2
645 678 17 9
645 786 32 8
645 814 14 2
645 841 48 10
645 855 43 5
645 856 7 4
645 910 45 2
645 972 2 8
645 985 19 1
645 997 36 10
645 1025 34 3
645 1055 2 4
645 1065 41 2
645 1070 23 7
645 1075 1 8
645 1102 48 2
645 1117 17 3
645 1131 7 9
645 1142 14 2
645 1145 32 7
646 647 22 1
646 651 14 4
646 652 45 1
646 653 19 8
646 681 15 1
646 741 33 9
646 756 20 5
646 772 36 3
646 789 40 2
646 871 9 6
646 925 49 2
646 926 11 10
646 972 17 9
646 998 47 7
646 1020 12 2
646 1065 45 5
646 1070 47 10
646 1077 30 10
646 1117 29 7
647 654 8 5
647 655 41 1
647 656 24 7
647 657 28 9
647 658 29 7
647 659 44 1
647 660 20 2
647 661 23 9
647 718 38 3
647 742 24 1
647 755 11 8
647 771 43 8
647 814 5 8
647 842 33 7
647 872 41 9
647 985 42 4
647 1055 20 7
647 1100 22 3
647 1175 25 8
647 1179 2 2
649 884 42 10
651 884 27 1
652 1081 4 10
656 689 19 1
656 899 38 1
659 1136 4 9
660 661 2 8
660 662 17 5
660 663 46 4
660 664 41 8
660 665 22 10
660 716 20 8
660 740 41 6
660 741 41 8
660 855 50 2
660 868 3 9
660 933 42 9
660 970 30 9
660 1056 15 5
660 1070 46 1
660 1116 10 1
660 1175 33 1
661 662 40 4
661 666 22 4
661 675 34 9
661 679 27 4
661 755 12 1
661 756 41 3
661 770 40 1
661 786 17 5
661 814 10 1
661 841 24 4
661 856 22 4
661 912 31 5
661 972 43 7
661 985 4 3
661 1025 44 3
661 1026 10 6
661 1065 50 5
661 1070 34 8
661 1100 25 2
661 1101 25 7
661 1131 30 6
661 1178 9 4
662 667 6 6
662 668 45 1
662 669 41 5
662 670 49 8
662 671 18 1
662 672 46 9
662 673 5 4
662 674 26 1
662 718 16 7
662 787 40 4
662 813 26 2
662 842 13 5
662 867 30 10
662 912 30 3
662 931 28 10
662 986 22 4
662 996 27 3
662 997 38 2
662 1075 4 5
662 1078 49 1
662 1117 27 4
662 1141 49 1
662 1146 10 9
665 949 14 8
669 859 38 6
669 1043 8 1
674 766 30 7
674 836 50 4
674 1173 41 6
675 676 11 5
675 677 3 6
675 678 25 6
675 679 44 7
675 680 12 5
675 681 7 5
675 682 19 1
675 683 17 8
675 684 2 7
675 685 40 4
675 686 37 8
675 742 24 8
675 771 12 4
675 842 34 6
675 872 35 7
675 927 50 6
675 995 35 2
676 677 29 8
676 678 12 6
676 679 43 9
676 680 38 5
676 681 11 6
676 682 24 4
676 687 11 3
676 688 29 5
676 689 28 7
676 719 37 8
676 972 35 4
676 1020 18 8
676 1117 3 5
677 678 12 2
677 679 14 4
677 680 15 7
677 681 14 6
677 682 45 7
677 690 14 3
677 855 47 1
677 986 23 3
677 1055 48 8
677 1065 4 9
677 1102 20 8
677 1116 6 3
677 1179 49 9
678 679 39 7
678 680 29 3
678 681 9 3
678 682 12 7
678 691 37 5
678 692 31 3
678 693 33 5
678 694 40 4
678 756 49 1
678 856 8 2
678 1102 46 2
679 680 20 9
679 681 45 3
679 682 41 6
679 695 15 10
679 696 45 8
679 697 4 3
679 698 29 8
679 699 5 9
679 700 4 1
679 701 12 8
679 702 41 9
679 703 6 1
679 986 18 3
679 1056 23 3
679 1141 49 8
680 681 38 2
680 682 26 9
680 704 23 7
680 705 49 3
680 706 31 9
680 771 41 10
680 812 2 9
680 910 45 5
680 995 11 7
680 1070 12 6
680 1130 13 8
681 682 43 1
681 707 50 7
681 742 9 5
681 757 20 1
681 785 3 9
681 789 30 4
681 912 7 8
681 972 33 6
681 1022 41 3
681 1076 34 1
681 1176 47 3
682 708 12 3
682 709 19 1
682 710 48 1
682 711 20 10
682 712 38 6
682 713 21 6
682 714 22 2
682 716 4 4
682 810 35 10
682 840 34 1
682 872 43 2
682 930 36 7
682 1065 3 7
682 1070 19 1
682 1076 10 6
682 1130 50 5
682 1141 40 9
694 1009 26 3
695 793 26 8
695 918 26 10
695 1153 30 7
697 698 31 3
700 886 30 6
703 1062 5 9
704 1109 41 9
705 1030 13 5
707 1089 5 1
708 1010 1 10
713 819 13 2
713 851 26 7
715 716 20 8
715 717 29 10
715 718 18 6
715 719 25 6
715 720 14 6
715 721 21 5
715 722 13 6
715 771 26 6
715 840 35 9
715 856 1 10
715 912 11 6
715 986 22 5
715 1025 27 6
715 1055 24 4
715 1146 17 8
716 717 34 7
716 718 47 6
716 719 20 5
716 723 6 5
716 724 27 7
716 742 4 2
716 757 4 2
716 772 2 9
716 785 40 7
716 1065 20 10
716 1116 39 10
716 1117 32 4
716 1131 35 4
717 718 49 5
717 719 42 3
717 725 14 2
717 726 8 9
717 727 14 10
717 728 14 8
717 729 27 6
717 730 11 10
717 742 31 4
717 811 12 3
717 842 28 10
717 929 24 3
717 986 36 3
717 995 48 7
717 999 41 3
717 1065 27 7
717 1070 27 2
717 1075 20 3
718 719 46 7
718 731 25 6
718 732 40 5
718 733 12 7
718 734 40 1
718 735 40 9
718 786 14 5
718 813 37 9
718 867 7 7
718 927 14 9
718 1025 15 3
718 1075 27 6
718 1102 46 2
718 1146 3 3
718 1177 46 8
719 736 45 9
719 737 24 4
719 738 20 10
719 739 8 4
719 756 29 3
719 855 24 7
719 872 42 4
719 912 35 1
719 971 7 4
719 972 5 9
719 1056 33 10
719 1070 3 1
719 1101 16 6
719 1130 34 9
719 1178 49 8
724 807 49 8
725 947 50 10
726 1187 36 7
728 1114 8 6
739 1097 49 9
740 741 14 6
740 742 22 6
740 743 3 10
740 744 8 4
740 745 46 2
740 746 19 2
740 747 12 5
740 748 22 8
740 770 35 10
740 771 17 8
740 855 42 3
740 873 23 6
740 929 42 6
740 972 24 4
740 986 17 10
740 995 29 4
740 1021 41 4
740 1056 15 1
740 1070 18 10
740 1075 18 4
740 1117 14 9
740 1131 37 6
740 1143 7 9
741 742 40 2
741 749 27 2
741 750 17 1
741 751 13 2
741 752 21 10
741 756 18 2
741 813 45 5
741 856 23 10
741 865 37 7
741 910 42 9
741 971 9 8
741 1055 1 1
741 1065 21 5
741 1070 35 7
741 1101 41 1
741 1102 44 9
741 1115 4 9
741 1179 3 8
742 753 11 7
742 754 50 2
742 756 26 1
742 787 6 5
742 788 39 3
742 815 29 9
742 841 47 8
742 911 12 6
742 927 9 8
742 986 2 3
742 996 44 5
742 1024 7 5
742 1077 50 10
742 1131 46 3
742 1141 36 1
742 1176 28 10
749 1172 25 8
754 1058 42 5
754 1096 15 7
755 756 33 5
755 757 26 1
755 758 13 7
755 759 20 3
755 760 5 5
755 771 17 4
755 841 11 2
755 855 18 6
755 910 42 6
755 929 25 10
755 995 4 8
755 1021 23 7
755 1116 39 9
756 757 12 1
756 761 43 5
756 762 15 10
756 763 48 4
756 764 47 3
756 814 8 8
756 841 39 2
756 970 27 8
756 985 32 7
756 986 24 3
756 997 44 10
756 1055 2 1
756 1076 34 9
756 1101 18 3
756 1102 41 10
756 1131 36 10
757 765 46 6
757 766 32 8
757 767 8 1
757 768 5 5
757 769 27 1
757 785 46 2
757 786 9 5
757 815 9 2
757 855 8 8
757 866 34 10
757 867 13 8
757 930 1 3
757 970 48 2
757 1020 10 9
757 1056 23 3
757 1065 45 5
757 1070 5 4
757 1078 21 9
757 1130 8 10
757 1144 39 2
757 1146 11 6
757 1176 30 4
757 1179 27 6
759 850 38 8
759 891 16 9
759 1139 12 9
770 771 24 8
770 772 8 9
770 773 16 2
770 774 11 6
770 775 36 8
770 871 36 2
770 912 10 10
770 931 25 3
770 997 17 3
770 1055 49 4
770 1065 42 4
770 1070 16 9
770 1077 20 3
770 1100 15 8
770 1130 39 1
771 772 9 3
771 776 34 10
771 777 12 8
771 778 10 1
771 779 14 8
771 780 46 4
771 781 33 2
771 785 28 7
771 811 14 2
771 842 11 5
771 912 8 7
771 972 33 7
771 985 14 4
771 1065 46 4
771 1070 44 2
771 1078 18 2
771 1115 32 3
771 1117 10 2
771 1144 29 6
771 1146 9 5
771 1179 44 2
772 782 48 1
772 783 4 7
772 784 13 4
772 785 44 7
772 813 46 8
772 856 38 10
772 865 32 8
772 928 4 3
772 972 4 5
772 999 20 2
772 1021 37 7
772 1022 34 4
772 1056 6 1
772 1102 33 5
772 1131 17 10
772 1176 38 7
775 1191 6 10
776 1048 49 1
777 1094 44 5
780 915 8 8
785 786 24 4
785 787 11 4
785 788 12 6
785 789 13 6
785 790 34 7
785 791 20 9
785 792 4 6
785 793 7 6
785 812 13 4
785 997 15 2
785 1056 6 1
785 1065 48 8
785 1077 36 2
785 1116 10 9
786 787 9 2
786 788 31 4
786 789 30 5
786 794 48 7
786 795 18 2
786 796 26 9
786 865 21 9
786 912 11 9
786 930 15 10
786 985 9 4
786 997 26 8
786 1101 35 10
786 1117 22 1
786 1146 23 4
786 1177 16 3
787 788 15 2
787 789 31 8
787 797 23 2
787 798 28 7
787 840 45 6
787 855 42 8
787 856 2 6
787 986 43 1
787 1020 35 4
787 1021 11 10
787 1070 28 6
787 1079 9 8
787 1131 31 2
788 789 17 6
788 799 34 5
788 800 10 10
788 801 22 1
788 802 8 10
788 841 8 5
788 869 50 7
788 910 5 10
788 970 4 2
788 972 43 2
788 1070 22 6
788 1101 38 2
788 1131 2 2
788 1145 33 1
789 803 25 1
789 804 31 8
789 805 7 9
789 806 40 7
789 807 6 3
789 808 43 9
789 809 43 2
789 815 13 3
789 928 49 8
789 1055 36 10
789 1065 36 7
797 802 8 5
803 916 24 1
804 908 32 10
806 908 5 8
809 853 43 7
810 811 3 3
810 812 24 3
810 813 47 4
810 814 37 2
810 815 21 9
810 816 5 3
810 817 5 2
810 818 44 2
810 819 15 6
810 820 3 2
810 841 36 5
810 985 13 7
810 1076 18 2
810 1100 44 1
810 1101 2 2
811 812 5 10
811 813 13 8
811 814 11 1
811 815 2 4
811 821 30 1
811 822 1 10
811 823 40 2
811 824 48 9
811 855 6 4
811 970 29 5
811 972 22 5
811 985 36 5
811 1055 1 4
811 1076 20 4
811 1115 12 9
811 1131 49 1
811 1145 25 3
812 813 18 9
812 814 50 8
812 815 34 4
812 825 24 10
812 826 50 5
812 827 39 4
812 828 23 5
812 829 27 1
812 1145 11 5
813 814 8 7
813 815 14 6
813 830 50 8
813 831 21 5
813 832 47 10
813 833 20 10
813 834 47 8
813 835 26 5
813 836 28 4
813 840 31 5
813 871 39 6
813 1024 43 2
813 1130 46 1
814 815 21 1
814 837 48 9
814 866 6 7
814 1065 45 7
814 1070 45 7
814 1175 6 1
814 1178 38 9
815 838 31 1
815 839 37 3
815 910 40 5
815 912 19 10
815 930 26 1
815 931 13 2
815 996 6 2
815 998 8 5
815 1021 16 8
815 1055 12 7
815 1065 42 9
815 1070 41 8
815 1116 33 7
818 898 28 5
820 904 37 5
823 979 5 4
823 1054 8 6
823 1192 47 3
826 831 29 3
826 876 40 3
828 859 20 5
829 1046 12 9
829 1155 44 1
840 841 23 8
840 842 4 9
840 843 19 2
840 844 18 10
840 855 30 4
840 911 34 10
840 995 5 9
840 996 14 1
840 1022 9 10
840 1024 49 4
840 1065 27 4
840 1070 16 4
840 1116 46 2
840 1117 6 3
840 1131 47 9
841 842 5 3
841 845 36 4
841 846 23 6
841 847 19 4
841 928 27 2
841 933 50 4
841 972 15 8
841 986 47 6
841 1055 1 9
841 1078 25 1
841 1101 3 5
841 1102 17 5
841 1144 50 1
841 1146 3 8
841 1175 24 2
841 1179 47 5
842 848 37 5
842 849 24 9
842 850 18 9
842 851 47 4
842 852 36 6
842 853 6 10
842 854 37 9
842 856 50 9
842 865 24 1
842 868 24 1
842 910 8 9
842 986 23 6
842 1056 15 8
842 1070 43 6
842 1076 41 5
842 1131 48 10
844 943 30 5
855 856 23 3
855 857 21 9
855 858 45 5
855 859 32 6
855 860 46 3
855 871 48 2
855 873 24 2
855 912 29 1
855 932 11 4
855 985 19 5
855 986 49 6
855 999 33 7
855 1023 29 10
855 1026 13 1
855 1076 29 8
855 1101 8 6
855 1117 11 1
855 1130 26 3
855 1142 40 1
855 1175 10 10
855 1178 45 8
856 861 17 3
856 862 29 8
856 863 25 7
856 864 42 1
856 911 37 6
856 933 25 1
856 970 37 8
856 971 15 4
856 997 5 3
856 1055 5 1
856 1056 14 10
856 1065 7 2
856 1070 48 3
856 1079 29 6
856 1100 45 4
856 1117 41 10
856 1130 42 5
856 1144 42 7
857 1043 26 9
863 1030 35 10
865 866 23 7
865 867 43 3
865 868 15 6
865 869 10 8
865 870 50 1
865 871 44 10
865 872 26 9
865 873 15 4
865 874 17 5
865 875 7 3
866 867 40 9
866 868 8 8
866 869 27 7
866 870 17 1
866 871 29 8
866 872 33 5
866 873 13 5
866 876 22 2
866 877 9 8
866 878 4 9
866 933 10 5
866 1067 26 4
866 1070 13 6
866 1131 20 2
867 868 29 2
867 869 4 7
867 870 49 3
867 871 4 8
867 872 22 10
867 873 29 2
867 879 24 1
867 880 39 6
867 912 41 4
867 1065 6 9
867 1130 18 6
868 869 14 1
868 870 43 7
868 871 11 1
868 872 33 6
868 873 43 8
868 881 12 8
868 882 38 3
868 883 2 9
868 884 13 1
868 885 4 2
868 886 22 2
868 887 34 6
868 997 9 9
869 870 22 8
869 871 25 2
869 872 21 1
869 873 37 4
869 888 36 1
869 889 5 7
869 890 42 4
869 891 23 4
869 971 30 7
869 986 31 4
869 1026 49 8
869 1070 10 6
869 1177 37 6
870 871 4 8
870 872 40 8
870 873 24 7
870 892 48 1
870 893 38 4
870 894 12 9
870 895 23 1
870 925 20 3
870 1079 43 1
870 1101 36 2
870 1146 41 4
870 1178 16 4
871 872 7 1
871 873 18 2
871 896 27 7
871 897 42 7
871 898 30 9
871 899 5 4
871 900 8 1
871 901 15 7
871 902 21 10
871 903 25 9
871 986 39 7
871 998 35 3
871 1077 2 2
871 1115 33 3
872 873 10 1
872 904 7 5
872 905 39 6
872 906 19 2
872 907 39 2
872 910 11 5
872 927 28 4
872 1021 38 6
872 1055 24 5
872 1056 33 7
872 1101 33 6
872 1141 34 4
873 908 41 6
873 909 6 3
873 971 20 8
873 1116 23 6
882 967 36 8
894 983 1 10
895 1083 19 6
896 1059 46 10
896 1197 41 7
899 1011 34 4
900 991 14 1
900 1057 29 3
901 1150 15 8
904 914 14 9
908 917 31 1
910 911 44 4
910 912 8 6
910 913 22 9
910 914 48 1
910 915 11 2
910 916 20 10
910 970 11 10
910 985 11 1
910 1023 37 4
910 1065 7 7
910 1075 33 9
910 1076 39 4
910 1131 11 6
910 1146 2 6
910 1178 26 3
911 912 49 2
911 917 2 7
911 918 30 7
911 986 17 9
911 1055 21 10
911 1100 33 7
911 1145 30 8
912 919 44 6
912 920 24 10
912 921 19 4
912 922 13 4
912 923 27 9
912 924 42 2
912 927 43 5
912 928 12 2
912 972 41 4
912 995 10 4
912 998 43 9
912 1020 47 7
912 1065 43 10
912 1070 22 6
912 1100 3 6
912 1115 36 10
912 1116 24 3
912 1177 24 5
918 949 15 1
925 926 8 8
925 927 46 1
925 928 47 6
925 929 31 9
925 930 30 8
925 931 25 8
925 932 15 5
925 933 28 1
925 934 10 5
925 935 23 9
925 936 47 3
925 937 38 7
925 938 11 2
925 939 9 5
925 995 14 10
925 1022 18 2
925 1055 48 2
926 927 42 4
926 928 20 3
926 929 5 3
926 930 7 2
926 931 13 5
926 932 23 2
926 933 32 4
926 940 40 3
926 941 9 1
926 942 30 10
926 943 50 1
926 944 29 6
926 985 33 3
926 1077 25 5
926 1102 34 2
926 1130 46 1
926 1146 8 7
927 928 12 3
927 929 23 9
927 930 23 6
927 931 18 6
927 932 14 6
927 933 10 1
927 945 29 5
927 946 8 7
927 947 14 6
927 948 27 2
927 949 22 1
928 929 27 9
928 930 9 1
928 931 30 5
928 932 29 2
928 933 43 7
928 950 24 8
928 951 49 6
928 952 29 6
928 953 21 6
928 972 7 5
928 1056 10 9
928 1070 38 9
929 930 19 2
929 931 33 5
929 932 16 7
929 933 44 8
929 954 41 1
929 1101 37 7
930 931 28 7
930 932 11 6
930 933 19 4
930 955 18 5
930 956 5 2
930 957 36 10
930 958 10 3
930 970 23 4
930 1065 48 1
930 1070 44 6
930 1130 1 4
931 932 6 7
931 933 23 3
931 959 18 7
931 960 9 10
931 961 45 8
931 1026 15 3
931 1115 40 3
931 1178 23 9
932 933 11 2
932 962 6 5
932 963 40 1
932 964 22 1
932 965 21 1
932 966 40 4
932 967 11 10
932 968 11 10
932 1077 12 1
932 1117 49 8
932 1143 2 2
933 969 16 7
933 986 22 6
933 1178 50 1
939 966 12 3
940 1028 42 3
942 1008 33 6
948 1045 25 3
949 1063 31 5
952 1012 12 9
962 1094 34 8
966 1042 21 9
969 1151 9 2
970 971 42 10
970 972 7 2
970 973 47 5
970 974 29 3
970 975 25 5
970 976 28 4
970 977 6 8
970 1021 19 8
970 1065 30 6
970 1070 17 1
970 1101 50 1
970 1102 49 5
970 1130 44 8
970 1146 7 8
970 1175 36 7
971 972 17 1
971 978 3 9
971 979 1 3
971 980 38 4
971 981 21 3
971 985 43 3
971 1021 31 10
971 1065 5 5
971 1076 20 10
971 1078 21 7
971 1115 37 7
971 1141 37 9
971 1176 7 2
972 982 28 1
972 983 27 9
972 984 22 3
972 986 9 2
972 996 18 6
972 997 3 9
972 1055 19 5
972 1056 39 1
972 1115 21 10
977 1198 6 7
982 1030 21 2
984 1081 11 3
985 986 43 7
985 987 32 5
985 988 8 9
985 989 16 8
985 990 15 8
985 991 35 6
985 992 42 9
985 995 8 6
985 998 47 8
985 1024 18 9
985 1026 50 8
985 1055 22 9
985 1065 17 9
985 1070 24 5
985 1077 42 5
985 1078 37 9
985 1101 47 1
985 1115 12 8
985 1177 20 8
986 993 19 1
986 994 20 9
986 1056 9 2
986 1100 42 4
986 1117 14 9
986 1130 49 10
986 1131 19 2
986 1140 37 9
986 1142 37 3
986 1178 27 5
987 1052 47 6
995 996 43 9
995 997 48 6
995 998 33 7
995 999 8 10
995 1000 32 10
995 1001 3 7
995 1002 32 4
995 1003 39 2
995 1004 35 7
995 1055 2 3
995 1115 41 7
995 1130 12 1
995 1142 24 10
996 997 14 4
996 998 15 3
996 999 31 8
996 1005 5 1
996 1006 12 1
996 1007 11 2
996 1008 29 9
996 1009 20 6
996 1010 39 4
996 1026 47 3
996 1176 36 8
996 1178 46 5
997 998 45 1
997 999 25 7
997 1011 4 5
997 1012 9 8
997 1013 9 1
997 1065 1 5
997 1070 4 5
997 1078 32 2
998 999 7 1
998 1014 6 3
998 1015 45 5
998 1016 3 4
998 1017 34 8
998 1018 13 9
998 1023 11 2
998 1116 40 3
998 1130 17 1
998 1144 16 10
999 1019 8 10
999 1056 1 10
999 1070 23 7
999 1076 13 7
999 1100 14 3
999 1102 43 5
1012 1096 50 7
1013 1029 10 6
1020 1021 18 6
1020 1022 36 8
1020 1023 26 5
1020 1024 20 6
1020 1025 3 4
1020 1026 45 1
1020 1027 39 10
1020 1028 35 10
1020 1029 8 4
1020 1030 40 4
1020 1031 10 3
1020 1032 33 2
1020 1070 1 9
1021 1022 27 4
1021 1023 21 1
1021 1024 12 6
1021 1025 17 1
1021 1026 28 2
1021 1033 12 3
1021 1034 13 2
1021 1035 36 8
1021 1036 32 3
1021 1037 14 4
1021 1070 24 4
1022 1023 47 3
1022 1024 22 2
1022 1025 36 4
1022 1026 1 5
1022 1038 12 8
1022 1039 7 10
1022 1040 34 5
1022 1041 14 1
1022 1042 27 3
1022 1043 11 2
1022 1065 20 6
1022 1130 13 10
1022 1140 43 4
1022 1177 5 2
1023 1024 28 6
1023 1025 28 2
1023 1026 10 1
1023 1044 37 7
1023 1045 34 1
1023 1046 42 7
1023 1079 41 4
1023 1101 50 6
1023 1131 34 6
1023 1143 31 9
1024 1025 34 4
1024 1026 40 3
1024 1047 12 6
1024 1048 12 8
1024 1055 24 1
1024 1079 14 7
1025 1026 50 1
1025 1049 43 1
1025 1050 46 3
1025 1051 14 10
1025 1115 41 1
1025 1117 16 9
1026 1052 19 3
1026 1053 8 2
1026 1054 20 2
1026 1055 1 1
1026 1065 43 2
1026 1102 8 10
1026 1176 14 7
1027 1167 18 8
1034 1089 35 1
1037 1109 26 4
1041 1192 22 10
1053 1063 22 3
1055 1056 22 5
1055 1057 48 7
1055 1058 48 7
1055 1059 28 10
1055 1065 8 2
1055 1070 7 5
1055 1102 39 6
1055 1115 29 8
1055 1130 7 4
1055 1141 10 4
1055 1177 50 9
1056 1060 21 5
1056 1061 29 9
1056 1062 23 6
1056 1063 40 1
1056 1064 46 1
1056 1070 27 8
1056 1078 38 10
1056 1079 20 8
1056 1102 21 10
1056 1116 3 9
1056 1131 43 5
1056 1146 4 6
1056 1176 19 3
1062 1090 12 5
1063 1094 39 10
1063 1187 26 2
1065 1066 36 10
1065 1067 41 2
1065 1068 10 2
1065 1069 4 9
1065 1070 14 1
1065 1075 45 5
1065 1077 25 4
1065 1101 12 6
1065 1102 5 4
1065 1116 19 2
1065 1117 18 4
1065 1130 20 4
1065 1144 25 6
1065 1146 8 2
1065 1176 48 10
1070 1071 28 5
1070 1072 23 1
1070 1073 14 8
1070 1074 15 6
1070 1075 42 6
1070 1079 9 8
1070 1101 30 5
1070 1102 17 8
1070 1115 43 6
1070 1131 10 7
1070 1144 27 4
1070 1146 48 2
1070 1175 13 2
1070 1179 33 9
1074 1194 24 5
1075 1076 7 7
1075 1077 13 9
1075 1078 20 1
1075 1079 45 4
1075 1080 31 3
1075 1081 23 9
1075 1082 50 2
1075 1100 12 8
1075 1144 4 3
1076 1077 38 1
1076 1078 43 10
1076 1079 23 4
1076 1083 2 2
1076 1084 42 7
1076 1085 31 9
1076 1101 46 2
1076 1131 41 8
1077 1078 28 4
1077 1079 27 9
1077 1086 13 8
1077 1087 44 2
1077 1088 15 9
1077 1089 46 10
1077 1115 42 9
1077 1117 44 3
1077 1177 4 1
1078 1079 12 3
1078 1090 32 10
1078 1091 47 6
1078 1092 6 2
1078 1093 20 9
1078 1094 17 4
1078 1095 29 8
1078 1142 10 6
1079 1096 15 2
1079 1097 32 8
1079 1098 26 5
1079 1099 15 6
1079 1178 41 8
1092 1159 40 8
1100 1101 38 1
1100 1102 46 5
1100 1103 13 1
1100 1104 20 10
1100 1115 18 5
1100 1141 13 6
1101 1102 34 8
1101 1105 23 8
1101 1106 8 2
1101 1107 37 10
1101 1108 28 7
1101 1109 18 9
1101 1110 18 4
1101 1130 19 6
1101 1131 44 6
1101 1145 42 4
1101 1175 42 9
1101 1177 28 7
1102 1111 33 2
1102 1112 11 2
1102 1113 40 3
1102 1114 10 2
1102 1116 16 10
1115 1116 22 6
1115 1117 9 8
1115 1118 8 8
1115 1119 50 10
1115 1120 44 2
1115 1121 5 1
1115 1122 36 5
1116 1117 24 5
1116 1123 14 3
1116 1124 41 3
1116 1125 4 5
1116 1126 32 1
1116 1130 36 5
1116 1145 11 4
1116 1177 47 3
1117 1127 48 4
1117 1128 34 7
1117 1129 41 2
1117 1144 18 7
1117 1175 20 7
1130 1131 3 9
1130 1132 39 3
1130 1133 50 2
1130 1134 13 6
1130 1135 49 7
1130 1176 1 9
1131 1136 44 3
1131 1137 1 9
1131 1138 18 3
1131 1139 48 2
1131 1145 48 9
1131 1175 2 1
1140 1141 26 9
1140 1142 12 8
1140 1143 3 1
1140 1144 1 4
1140 1145 27 3
1140 1146 18 8
1140 1147 2 6
1140 1148 32 4
1140 1149 20 4
1140 1150 19 8
1140 1175 41 1
1141 1142 12 6
1141 1143 49 5
1141 1144 29 8
1141 1145 38 7
1141 1146 5 9
1141 1151 14 4
1141 1152 1 8
1141 1153 9 6
1141 1154 5 10
1141 1155 5 8
1141 1177 5 6
1142 1143 41 7
1142 1144 38 1
1142 1145 38 9
1142 1146 8 10
1142 1156 47 4
1142 1157 1 9
1142 1158 38 10
1143 1144 34 5
1143 1145 15 2
1143 1146 9 2
1143 1159 17 4
1143 1160 13 9
1143 1161 28 7
1143 1162 35 9
1143 1163 25 9
1143 1164 28 9
1143 1165 49 1
1144 1145 22 5
1144 1146 42 4
1144 1166 40 2
1144 1167 11 9
1144 1168 18 2
1144 1169 8 3
1145 1146 28 7
1145 1170 22 3
1145 1171 18 4
1146 1172 47 9
1146 1173 26 9
1146 1174 30 7
1151 1182 5 6
1164 1174 29 4
1175 1176 36 7
1175 1177 50 6
1175 1178 50 2
1175 1179 41 5
1175 1180 45 4
1176 1177 35 7
1176 1178 46 10
1176 1179 29 1
1176 1181 28 9
1176 1182 19 3
1176 1183 26 9
1176 1184 41 5
1177 1178 44 1
1177 1179 28 5
1177 1185 37 4
1177 1186 43 7
1177 1187 28 9
1177 1188 45 3
1177 1189 21 3
1177 1190 22 4
1177 1191 50 6
1177 1192 34 5
1178 1179 43 1
1178 1193 6 10
1178 1194 34 10
1178 1195 24 8
1179 1196 13 9
1179 1197 20 3
1179 1198 36 3
1179 1199 1 7
1195 1198 31 2

0 942 62
1 822 1
2 178 45
3 227 3
4 375 20
5 339 1
6 67 14
7 920 31
8 1012 31
9 499 5
10 723 2
11 524 16
12 919 26
13 459 15
14 651 10
15 210 14
16 555 31
17 1147 1
18 156 21
19 9 13
20 731 11
21 40 7
22 576 46
23 222 17
24 575 28
25 307 15
26 243 81
27 670 13
28 446 9
29 862 20
30 874 15
31 549 14
32 429 2
33 1173 25
34 71 17
35 1197 37
36 607 24
37 937 26
38 528 12
39 336 37
40 877 18
41 305 24
42 335 9
43 1119 30
44 440 5
45 573 15
46 773 18
47 1061 9
48 735 15
49 93 40
50 89 6
51 509 9
52 935 33
53 363 39
54 1149 13
55 481 7
56 435 27
57 744 3
58 1152 7
59 1016 11
60 134 4
61 1104 12
62 632 15
63 750 8
64 989 18
65 888 25
66 903 31
67 696 20
68 1000 16
69 1166 13
70 289 37
71 894 19
72 780 30
73 839 20
74 296 2
75 1085 17
76 263 75
77 1068 5
78 512 24
79 749 32
80 1093 6
81 1067 38
82 359 63
83 1167 32
84 504 11
85 165 78
86 550 21
87 332 22
88 589 24
89 896 35
90 730 16
91 733 9
92 136 26
93 500 29
94 29 44
95 86 18
96 759 47
97 1124 15
98 63 3
99 274 46
100 177 23
101 297 1
102 1062 25
103 408 33
104 351 28
105 1164 23
106 346 19
107 386 10
108 1097 55
109 684 11
110 1094 76
111 312 53
112 173 6
113 1027 25
114 849 10
115 857 30
116 328 12
117 1134 3
118 356 64
119 239 25
120 242 56
121 220 20
122 1123 8
123 460 7
124 48 10
125 34 15
126 219 34
127 142 25
128 644 40
129 1057 34
130 415 55
131 206 63
132 938 7
133 807 46
134 229 8
135 102 7
136 267 12
137 333 17
138 1043 49
139 944 30
140 345 36
141 1151 33
142 1073 4
143 887 19
144 213 22
145 392 6
146 141 21
147 1190 7
148 84 8
149 850 53
150 292 8
151 1185 10
152 331 58
153 738 12
154 908 73
155 90 17
156 1059 28
157 577 44
158 228 44
159 61 59
160 417 29
161 743 1
162 116 7
163 579 49
164 797 22
165 241 18
166 820 51
167 795 10
168 191 42
169 714 14
170 1099 28
171 1159 40
172 291 31
173 1095 18
174 779 6
175 538 33
176 1019 3
177 277 39
178 302 8
179 404 13
180 66 38
181 402 36
182 358 45
183 1039 2
184 1005 5
185 264 11
186 1074 12
187 634 33
188 344 56
189 384 52
190 443 25
191 87 44
192 754 38
193 1034 37
194 806 16
195 423 7
196 98 8
197 543 44
198 8 28
199 596 50
200 325 16
201 23 15
202 638 28
203 169 12
204 179 4
205 157 42
206 471 11
207 725 14
208 1014 2
209 559 47
210 1083 6
211 1136 17
212 45 12
213 1040 35
214 1195 33
215 883 13
216 541 23
217 1172 34
218 143 11
219 298 22
220 572 24
221 1193 29
222 262 11
223 127 32
224 1113 14
225 1045 29
226 899 54
227 1184 18
228 69 29
229 60 11
230 915 34
231 502 10
232 726 17
233 791 24
234 181 10
235 721 5
236 97 25
237 964 7
238 618 59
239 863 31
240 475 13
241 120 1
242 690 9
243 1153 26
244 585 8
245 293 22
246 276 34
247 580 9
248 517 32
249 598 45
250 1137 1
251 148 7
252 1058 30
253 1072 8
254 1103 9
255 172 3
256 421 52
257 340 38
258 630 21
259 249 31
260 976 14
261 424 11
262 739 35
263 655 28
264 49 84
265 898 74
266 641 11
267 334 6
268 478 9
269 457 18
270 828 19
271 987 63
272 1013 10
273 720 20
274 265 21
275 437 24
276 527 1
277 847 14
278 833 34
279 950 14
280 132 53
281 414 11
282 224 32
283 1129 16
284 758 4
285 973 18
286 783 2
287 905 39
288 248 14
289 149 4
290 275 4
291 784 4
292 722 15
293 802 9
294 746 17
295 1092 11
296 571 8
297 1192 56
298 133 9
299 180 39
300 324 41
301 418 3
302 751 4
303 983 12
304 1084 17
305 85 19
306 799 34
307 1031 3
308 464 21
309 612 14
310 389 52
311 145 31
312 537 23
313 551 39
314 347 21
315 582 13
316 819 6
317 614 16
318 777 30
319 28 3
320 240 29
321 55 8
322 955 9
323 121 42
324 1168 19
325 643 24
326 605 16
327 686 14
328 1037 13
329 578 23
330 515 8
331 914 40
332 952 23
333 769 9
334 36 28
335 588 57
336 407 97
337 62 9
338 482 4
339 304 31
340 144 21
341 27 13
342 225 6
343 658 18
344 562 26
345 159 17
346 1001 11
347 203 15
348 1030 92
349 166 29
350 1038 5
351 966 16
352 1127 26
353 123 13
354 183 2
355 94 38
356 1052 35
357 768 9
358 369 21
359 554 2
360 668 20
361 46 29
362 1048 31
363 816 4
364 922 9
365 803 24
366 58 15
367 1088 43
368 329 7
369 1086 20
370 610 22
371 615 13
372 835 17
373 667 2
374 963 21
375 1121 18
376 962 41
377 891 38
378 947 39
379 761 12
380 378 10
381 162 22
382 745 27
383 444 24
384 406 29
385 1051 10
386 439 45
387 1188 11
388 1191 26
389 35 42
390 1155 29
391 1122 21
392 491 44
393 808 19
394 522 65
395 574 6
396 851 93
397 516 31
398 948 29
399 1069 3
400 1064 32
401 939 26
402 494 6
403 190 26
404 161 18
405 1110 12
406 1089 67
407 1114 47
408 254 19
409 158 50
410 495 5
411 1186 24
412 776 26
413 975 7
414 988 4
415 405 13
416 231 15
417 1087 19
418 1135 23
419 472 3
420 653 5
421 533 8
422 338 16
423 824 20
424 968 5
425 1018 9
426 208 45
427 729 13
428 608 31
429 117 24
430 366 18
431 781 10
432 945 8
433 3 26
434 711 6
435 1054 16
436 992 29
437 434 67
438 211 16
439 827 15
440 1106 6
441 506 5
442 981 15
443 330 54
444 979 4
445 39 41
446 552 12
447 924 28
448 875 9
449 558 8
450 91 45
451 1163 8
452 1060 27
453 1017 20
454 1063 88
455 104 66
456 422 20
457 624 11
458 416 28
459 1170 9
460 581 46
461 782 27
462 709 6
463 167 46
464 326 12
465 687 6
466 119 3
467 311 21
468 473 19
469 513 13
470 694 28
471 752 7
472 878 21
473 843 25
474 665 27
475 377 4
476 246 4
477 492 73
478 379 40
479 882 44
