1200 5250 480

0 25 200
1 50 500
2 75 800
3 100 1200
4 125 1700
5 150 2300
6 175 3000
7 200 3800
8 225 4600
9 250 5500

0 1500
1 1500
2 2000
3 1000
4 2000
5 1500
6 1500
7 1000
8 1500
9 1500
10 1500
11 2000
12 2000
13 1500
14 1500
15 1500
16 2000
17 500
18 1500
19 1500
20 1500
21 2000
22 2000
23 1000
24 2000
25 2000
26 1500
27 2000
28 2000
29 2000
30 2000
31 2000
32 1000
33 2000
34 2000
35 1500
36 1500
37 2000
38 2000
39 2000
40 2000
41 2000
42 1500
43 2000
44 2000
45 1000
46 1500
47 1000
48 1500
49 1500
50 1000
51 500
52 1500
53 2000
54 2000
55 2000
56 1000
57 1000
58 2000
59 2000
60 2000
61 1000
62 1000
63 1500
64 1500
65 2000
66 1500
67 1000
68 2000
69 2000
70 1000
71 2000
72 2000
73 1000
74 1000
75 1500
76 1500
77 1500
78 1500
79 1500
80 2000
81 1000
82 1000
83 1000
84 1500
85 2000
86 1500
87 2000
88 1500
89 1500
90 2000
91 1000
92 1500
93 1000
94 2000
95 2000
96 2000
97 2000
98 2000
99 1000
100 1500
101 1500
102 1000
103 2000
104 2000
105 1000
106 1500
107 1000
108 1500
109 2000
110 2000
111 2000
112 1500
113 500
114 1500
115 1500
116 1500
117 1500
118 1500
119 1500
120 2000
121 2000
122 2000
123 2000
124 1500
125 1000
126 1500
127 2000
128 2000
129 2000
130 1000
131 1000
132 2000
133 1500
134 1500
135 2000
136 2000
137 1000
138 2000
139 1500
140 1500
141 1500
142 1500
143 1500
144 2000
145 1500
146 1000
147 1500
148 2000
149 2000
150 2000
151 1500
152 1000
153 2000
154 1000
155 2000
156 2000
157 2000
158 1000
159 1500
160 1500
161 1500
162 1500
163 1500
164 1500
165 1500
166 2000
167 1500
168 2000
169 1000
170 2000
171 2000
172 2000
173 1500
174 2000
175 1000
176 1500
177 1500
178 2000
179 1000
180 2000
181 1500
182 1000
183 2000
184 2000
185 1500
186 2000
187 2000
188 2000
189 2000
190 1500
191 1500
192 1500
193 1500
194 2000
195 2000
196 1000
197 2000
198 1000
199 2000
200 1500
201 1000
202 2000
203 2000
204 1500
205 1000
206 2000
207 2000
208 1500
209 1000
210 1500
211 1500
212 1500
213 1500
214 1000
215 2000
216 2000
217 2000
218 2000
219 1000
220 2000
221 2000
222 1500
223 1000
224 2000
225 1000
226 2000
227 2000
228 2000
229 1500
230 1500
231 1000
232 1500
233 2000
234 2000
235 1500
236 1500
237 1000
238 1500
239 1000
240 2000
241 1000
242 1500
243 2000
244 2000
245 1500
246 2000
247 1500
248 2000
249 2000
250 1000
251 1500
252 500
253 500
254 1500
255 500
256 500
257 1500
258 2000
259 500
260 1000
261 1500
262 1500
263 1500
264 1500
265 1500
266 1500
267 1500
268 500
269 2000
270 1000
271 1000
272 2000
273 1000
274 2000
275 1000
276 2000
277 1500
278 2000
279 2000
280 2000
281 1500
282 1000
283 2000
284 2000
285 1500
286 2000
287 1500
288 2000
289 2000
290 2000
291 1000
292 1500
293 2000
294 1000
295 1000
296 2000
297 2000
298 1000
299 2000
300 1500
301 1000
302 1500
303 1000
304 1500
305 2000
306 2000
307 1500
308 2000
309 2000
310 1000
311 1000
312 2000
313 1500
314 1000
315 2000
316 2000
317 2000
318 1500
319 1500
320 1000
321 1500
322 2000
323 1000
324 1000
325 1500
326 1500
327 1500
328 1500
329 1000
330 2000
331 1500
332 1000
333 2000
334 2000
335 2000
336 2000
337 2000
338 1500
339 1000
340 1000
341 2000
342 1500
343 2000
344 1000
345 2000
346 2000
347 1500
348 500
349 1500
350 1500
351 1500
352 1500
353 1500
354 1500
355 2000
356 1500
357 1500
358 2000
359 2000
360 1500
361 2000
362 1500
363 2000
364 2000
365 1000
366 1500
367 1000
368 1500
369 1000
370 1000
371 2000
372 2000
373 2000
374 1000
375 1500
376 1500
377 1500
378 1500
379 1500
380 2000
381 2000
382 2000
383 2000
384 1000
385 1000
386 2000
387 2000
388 1000
389 1500
390 2000
391 1000
392 2000
393 1000
394 2000
395 1500
396 1500
397 1500
398 2000
399 2000
400 1000
401 1000
402 2000
403 1500
404 1500
405 2000
406 1000
407 2000
408 2000
409 1500
410 1500
411 1500
412 1500
413 1500
414 2000
415 2000
416 2000
417 1000
418 1000
419 2000
420 2000
421 2000
422 2000
423 2000
424 2000
425 1000
426 1000
427 1500
428 1000
429 2000
430 1500
431 2000
432 2000
433 2000
434 2000
435 1500
436 1000
437 1500
438 2000
439 2000
440 2000
441 2000
442 2000
443 2000
444 2000
445 1500
446 1000
447 500
448 2000
449 2000
450 1500
451 1000
452 1000
453 2000
454 2000
455 1000
456 1000
457 2000
458 1000
459 500
460 1500
461 1500
462 1500
463 1500
464 1000
465 2000
466 2000
467 1000
468 1000
469 1500
470 1500
471 2000
472 1500
473 2000
474 2000
475 1000
476 1000
477 1000
478 2000
479 1000
480 1500
481 1500
482 1500
483 1000
484 1500
485 2000
486 1500
487 2000
488 1000
489 1000
490 2000
491 1500
492 2000
493 2000
494 2000
495 1500
496 1500
497 1500
498 1500
499 1500
500 1500
501 1500
502 1500
503 2000
504 1000
505 1000
506 1000
507 2000
508 1000
509 1000
510 1000
511 2000
512 1000
513 1000
514 2000
515 2000
516 1000
517 1500
518 2000
519 2000
520 1000
521 2000
522 2000
523 1500
524 2000
525 1000
526 2000
527 2000
528 2000
529 2000
530 2000
531 1500
532 1500
533 1500
534 2000
535 1500
536 1500
537 1500
538 1000
539 1500
540 2000
541 1000
542 1500
543 1500
544 2000
545 1500
546 2000
547 1500
548 1500
549 2000
550 2000
551 2000
552 1500
553 1000
554 2000
555 1000
556 1500
557 2000
558 2000
559 2000
560 1500
561 1500
562 1500
563 1500
564 1000
565 1000
566 2000
567 1000
568 1500
569 1500
570 2000
571 1000
572 1000
573 2000
574 1500
575 2000
576 1000
577 2000
578 2000
579 2000
580 1500
581 2000
582 1000
583 2000
584 1500
585 1500
586 1000
587 1000
588 1500
589 1500
590 1500
591 2000
592 1000
593 2000
594 500
595 1500
596 1500
597 1500
598 1000
599 1500
600 1000
601 2000
602 2000
603 2000
604 1500
605 2000
606 2000
607 2000
608 1500
609 2000
610 2000
611 1500
612 1500
613 2000
614 2000
615 1000
616 2000
617 1500
618 2000
619 1000
620 1500
621 1500
622 1500
623 1500
624 1500
625 1000
626 1500
627 1500
628 2000
629 1000
630 1000
631 1000
632 2000
633 2000
634 1000
635 2000
636 2000
637 1500
638 2000
639 1500
640 2000
641 1500
642 1500
643 2000
644 2000
645 2000
646 2000
647 1500
648 2000
649 2000
650 2000
651 2000
652 1000
653 1000
654 1000
655 1500
656 1500
657 2000
658 2000
659 2000
660 1500
661 2000
662 2000
663 1500
664 1000
665 1000
666 1500
667 1500
668 1000
669 500
670 500
671 1000
672 2000
673 2000
674 1000
675 1500
676 1500
677 2000
678 2000
679 2000
680 1000
681 1500
682 1500
683 1500
684 2000
685 1000
686 2000
687 2000
688 2000
689 1500
690 2000
691 2000
692 1000
693 1000
694 2000
695 1500
696 1500
697 1500
698 1500
699 1500
700 1500
701 2000
702 2000
703 2000
704 2000
705 1000
706 2000
707 2000
708 1500
709 2000
710 2000
711 2000
712 2000
713 2000
714 2000
715 1500
716 1500
717 1000
718 1500
719 1000
720 1500
721 2000
722 2000
723 1500
724 1000
725 1500
726 1500
727 1000
728 1500
729 1500
730 1500
731 2000
732 1000
733 1500
734 1000
735 2000
736 1000
737 1000
738 1000
739 2000
740 2000
741 1000
742 1500
743 1000
744 2000
745 1000
746 1000
747 2000
748 1500
749 1000
750 1500
751 2000
752 1500
753 2000
754 2000
755 1500
756 1000
757 2000
758 1500
759 2000
760 1500
761 1500
762 1500
763 2000
764 1000
765 2000
766 2000
767 2000
768 2000
769 1500
770 1500
771 1000
772 2000
773 1000
774 2000
775 1500
776 2000
777 2000
778 1500
779 1000
780 1500
781 1500
782 1500
783 1500
784 1500
785 2000
786 1000
787 2000
788 1500
789 1500
790 2000
791 2000
792 2000
793 2000
794 2000
795 1000
796 1500
797 2000
798 2000
799 2000
800 1500
801 2000
802 1500
803 1000
804 2000
805 1000
806 1500
807 1500
808 1500
809 1000
810 1500
811 1500
812 1500
813 1500
814 2000
815 1000
816 2000
817 2000
818 1500
819 2000
820 1000
821 1500
822 1000
823 1000
824 2000
825 1000
826 1000
827 2000
828 2000
829 1000
830 2000
831 2000
832 500
833 1500
834 1000
835 1500
836 2000
837 2000
838 2000
839 2000
840 1500
841 1500
842 1500
843 1000
844 2000
845 1500
846 1500
847 1500
848 1500
849 1500
850 1000
851 2000
852 1000
853 2000
854 2000
855 1500
856 1000
857 2000
858 2000
859 2000
860 2000
861 1500
862 1000
863 1500
864 1500
865 2000
866 1500
867 1500
868 2000
869 1500
870 1000
871 1500
872 1000
873 1500
874 1500
875 1500
876 500
877 500
878 500
879 2000
880 2000
881 1500
882 2000
883 1500
884 2000
885 1000
886 2000
887 2000
888 2000
889 2000
890 2000
891 2000
892 1000
893 2000
894 2000
895 1500
896 2000
897 1500
898 1500
899 2000
900 1000
901 1500
902 1500
903 1500
904 1500
905 1500
906 1500
907 500
908 1500
909 500
910 2000
911 2000
912 1000
913 2000
914 2000
915 1500
916 2000
917 2000
918 1500
919 2000
920 1000
921 1500
922 1500
923 1000
924 2000
925 1500
926 2000
927 1000
928 2000
929 2000
930 1500
931 1500
932 1500
933 1000
934 2000
935 1500
936 2000
937 1000
938 2000
939 1000
940 2000
941 2000
942 2000
943 1500
944 2000
945 1500
946 2000
947 1500
948 1500
949 1000
950 1500
951 1500
952 1500
953 1500
954 1500
955 2000
956 1500
957 2000
958 1000
959 1500
960 2000
961 2000
962 1000
963 2000
964 2000
965 2000
966 1000
967 1000
968 2000
969 2000
970 2000
971 1000
972 1500
973 1500
974 1000
975 1000
976 1500
977 1500
978 1000
979 1500
980 500
981 500
982 1000
983 1000
984 1000
985 1000
986 1000
987 1000
988 1000
989 1000
990 2000
991 1000
992 1000
993 2000
994 1000
995 500
996 500
997 1500
998 2000
999 1000
1000 1500
1001 1500
1002 1000
1003 1500
1004 1500
1005 1500
1006 2000
1007 1000
1008 1000
1009 1000
1010 1500
1011 2000
1012 2000
1013 2000
1014 2000
1015 1500
1016 1000
1017 1500
1018 2000
1019 2000
1020 1000
1021 2000
1022 1000
1023 2000
1024 1500
1025 1500
1026 2000
1027 1000
1028 1000
1029 1000
1030 1500
1031 1000
1032 2000
1033 1500
1034 2000
1035 1500
1036 1500
1037 1000
1038 1500
1039 1500
1040 2000
1041 1000
1042 2000
1043 2000
1044 2000
1045 1000
1046 2000
1047 2000
1048 1500
1049 500
1050 1500
1051 2000
1052 2000
1053 2000
1054 1000
1055 2000
1056 1500
1057 1000
1058 1000
1059 2000
1060 1500
1061 1500
1062 1500
1063 1500
1064 1500
1065 1000
1066 2000
1067 1500
1068 1000
1069 1500
1070 1500
1071 1500
1072 1500
1073 1500
1074 2000
1075 1500
1076 1000
1077 2000
1078 1000
1079 2000
1080 2000
1081 2000
1082 1000
1083 2000
1084 2000
1085 1500
1086 1500
1087 1500
1088 1500
1089 1000
1090 2000
1091 2000
1092 2000
1093 1000
1094 2000
1095 1500
1096 1500
1097 1000
1098 2000
1099 2000
1100 2000
1101 1000
1102 2000
1103 2000
1104 1500
1105 1500
1106 2000
1107 2000
1108 1500
1109 1500
1110 1500
1111 1500
1112 1500
1113 1500
1114 1500
1115 1500
1116 2000
1117 1000
1118 2000
1119 2000
1120 2000
1121 1000
1122 1000
1123 1500
1124 2000
1125 1000
1126 1000
1127 2000
1128 2000
1129 1500
1130 1000
1131 2000
1132 2000
1133 1500
1134 1000
1135 2000
1136 2000
1137 2000
1138 2000
1139 2000
1140 1000
1141 1500
1142 1500
1143 1000
1144 2000
1145 1000
1146 2000
1147 2000
1148 2000
1149 2000
1150 1000
1151 2000
1152 1000
1153 2000
1154 1500
1155 1500
1156 1500
1157 1500
1158 1500
1159 1500
1160 1500
1161 1500
1162 1000
1163 2000
1164 1000
1165 1000
1166 1500
1167 2000
1168 1500
1169 2000
1170 2000
1171 2000
1172 1500
1173 1000
1174 1000
1175 1000
1176 2000
1177 1000
1178 1000
1179 1500
1180 2000
1181 2000
1182 2000
1183 2000
1184 2000
1185 1500
1186 2000
1187 1500
1188 1000
1189 1000
1190 2000
1191 1500
1192 1000
1193 500
1194 1500
1195 1500
1196 1000
1197 1000
1198 2000
1199 2000

0 1 39 5
0 2 47 10
0 3 17 9
0 4 1 2
0 7 10 2
0 8 23 7
0 35 22 2
0 36 48 10
0 47 48 3
0 48 6 8
0 75 49 1
0 79 21 8
0 100 32 10
0 101 47 1
0 116 24 9
0 117 36 1
0 140 1 2
0 142 9 6
0 160 30 1
0 161 11 4
0 190 8 10
0 192 29 10
0 210 5 7
0 212 2 10
0 230 33 10
0 238 16 1
0 239 14 4
0 261 30 9
0 263 41 6
0 300 39 7
0 325 49 7
0 329 8 2
0 351 38 1
0 375 19 4
0 378 39 9
0 395 28 3
0 396 9 6
0 410 30 6
0 412 28 3
0 430 4 1
0 435 17 9
0 437 26 7
0 450 6 1
0 451 7 9
0 460 43 6
0 463 18 9
0 480 19 6
0 497 44 1
0 537 36 10
0 539 33 9
0 561 18 1
0 563 26 8
0 580 38 1
0 585 35 2
0 596 28 2
0 599 44 6
0 620 22 10
0 622 4 9
0 655 49 5
0 660 34 7
0 666 44 4
0 667 23 4
0 681 19 2
0 695 14 3
0 697 45 2
0 729 39 1
0 755 26 1
0 760 22 9
0 761 34 2
0 770 7 8
0 775 10 10
0 781 50 7
0 784 42 4
0 805 14 2
0 846 34 6
0 871 10 10
0 872 35 5
0 901 44 6
0 903 6 3
0 930 21 7
0 931 48 1
0 945 44 3
0 950 3 10
0 951 19 5
0 976 48 7
0 977 42 9
0 1004 13 7
0 1030 12 2
0 1036 14 3
0 1038 37 10
0 1062 30 2
0 1086 26 6
0 1111 13 1
0 1115 6 2
0 1140 38 5
0 1141 32 5
0 1158 19 8
0 1159 4 5
0 1195 43 10
1 632 9 9
1 689 6 6
1 959 22 9
1 1015 29 5
1 1051 38 6
1 1053 32 3
4 186 7 7
5 6 50 2
5 7 4 9
5 8 41 1
5 9 27 3
5 10 18 1
5 11 23 4
5 12 48 3
5 13 2 10
5 14 42 4
5 119 2 4
5 161 18 5
5 230 29 2
5 301 9 1
5 396 33 7
5 412 45 6
5 451 8 6
5 481 36 6
5 595 40 1
5 655 2 1
5 660 10 1
5 729 44 1
5 770 47 9
5 775 45 3
5 932 19 2
5 945 34 2
5 951 11 6
5 1030 43 5
5 1039 42 7
5 1062 3 5
5 1141 29 6
6 7 32 9
6 8 15 9
6 9 31 3
6 10 19 1
6 15 41 10
6 16 15 3
6 100 1 8
6 142 16 7
6 213 38 9
6 303 7 3
6 353 24 7
6 396 8 4
6 450 17 9
6 499 12 2
6 580 23 6
6 667 40 10
6 682 43 1
6 755 38 3
6 760 47 8
6 775 4 7
6 810 32 9
6 848 7 5
6 873 14 8
6 1113 6 3
7 8 4 2
7 9 26 10
7 10 34 2
7 17 30 5
7 18 35 9
7 19 21 8
7 20 29 8
7 76 6 6
7 193 25 2
7 210 43 9
7 327 43 10
7 353 43 2
7 436 7 1
7 463 42 3
7 501 20 1
7 536 32 2
7 560 23 4
7 580 49 6
7 655 3 6
7 660 6 4
7 728 7 10
7 755 39 10
7 901 10 8
7 931 40 10
7 1000 29 1
7 1003 25 10
7 1159 5 1
8 9 14 6
8 10 16 5
8 21 47 7
8 22 35 5
8 35 24 1
8 47 4 4
8 230 47 3
8 480 50 1
8 585 37 10
8 624 23 5
8 696 19 9
8 811 44 7
8 975 21 10
8 976 23 10
8 1030 2 3
8 1089 19 1
8 1155 8 1
8 1195 22 3
9 10 17 8
9 23 44 8
9 24 19 2
9 25 25 6
9 26 1 10
9 35 19 7
9 140 15 4
9 235 18 7
9 265 23 1
9 377 38 8
9 462 39 8
9 586 37 8
9 599 50 8
9 625 4 1
9 665 30 8
9 770 8 4
9 781 13 4
9 875 14 7
9 904 29 5
9 1064 42 10
9 1140 38 3
9 1195 27 10
10 27 32 2
10 28 45 4
10 29 25 2
10 30 18 7
10 31 6 5
10 32 8 4
10 33 46 1
10 34 2 8
10 48 12 9
10 78 49 9
10 101 26 8
10 117 22 4
10 165 40 6
10 192 39 7
10 238 22 1
10 264 3 4
10 328 12 4
10 376 2 5
10 412 39 8
10 430 23 5
10 436 43 5
10 536 50 5
10 560 2 4
10 700 21 4
10 780 49 10
10 848 5 9
10 951 46 6
10 1036 5 4
10 1089 45 8
10 1114 47 10
11 493 38 9
12 242 26 4
12 1182 17 6
13 868 6 2
14 507 43 8
15 372 38 3
15 992 9 7
16 470 36 3
16 1042 30 2
18 28 23 1
18 317 22 6
18 544 39 4
19 891 16 1
20 409 22 10
20 422 9 6
20 881 30 5
21 55 47 5
21 552 3 7
21 1149 45 4
22 80 35 10
24 380 21 2
24 584 48 9
24 997 20 9
26 27 44 3
26 104 32 4
26 836 10 10
26 956 3 4
28 84 33 5
28 716 20 4
30 404 33 1
30 1044 3 3
33 1051 43 7
34 759 47 7
35 36 39 2
35 37 44 6
35 38 6 8
35 39 40 7
35 40 33 4
35 41 33 8
35 45 7 6
35 50 39 8
35 77 2 3
35 79 6 4
35 117 17 7
35 142 22 3
35 160 40 1
35 193 21 3
35 210 44 1
35 211 5 7
35 230 24 3
35 235 45 5
35 260 3 7
35 264 23 9
35 302 42 3
35 353 14 2
35 376 17 1
35 377 35 3
35 395 31 1
35 397 19 6
35 411 22 5
35 430 6 9
35 435 48 10
35 450 20 10
35 461 20 9
35 482 27 8
35 495 42 4
35 500 14 8
35 538 6 8
35 563 50 8
35 580 40 2
35 586 30 4
35 596 46 7
35 621 22 2
35 626 50 1
35 655 12 3
35 660 50 10
35 667 27 5
35 681 24 8
35 695 47 7
35 696 4 3
35 727 37 8
35 755 31 5
35 761 31 10
35 775 17 2
35 784 29 2
35 805 42 1
35 848 45 2
35 875 48 10
35 904 8 10
35 932 6 5
35 945 4 7
35 954 44 2
35 978 24 1
35 1002 36 6
35 1030 33 3
35 1038 36 1
35 1060 24 9
35 1085 26 7
35 1114 8 2
35 1142 18 5
35 1157 38 9
35 1195 30 10
36 42 34 8
36 43 29 2
36 44 48 5
36 100 50 9
36 101 29 8
36 116 13 5
36 142 24 2
36 161 24 1
36 191 15 4
36 230 34 1
36 237 21 3
36 301 2 8
36 328 39 10
36 329 42 10
36 351 7 10
36 410 33 10
36 430 38 9
36 436 20 7
36 450 33 9
36 463 41 6
36 539 12 8
36 580 25 9
36 585 33 7
36 598 20 4
36 655 23 4
36 660 42 7
36 681 36 1
36 730 10 8
36 755 22 5
36 760 50 8
36 770 4 4
36 775 38 6
36 812 17 10
36 871 1 10
36 904 41 3
36 931 15 7
36 950 45 4
36 976 25 9
36 1003 12 2
36 1037 48 5
36 1061 2 8
36 1087 10 8
36 1110 16 9
36 1141 32 3
36 1155 22 4
36 1195 46 9
42 449 49 2
42 1047 49 5
43 306 4 2
44 174 50 9
45 46 50 2
45 47 8 8
45 48 15 1
45 49 10 5
45 50 8 1
45 51 34 8
45 52 30 6
45 75 14 2
45 142 11 9
45 162 45 3
45 213 27 1
45 261 32 5
45 301 25 9
45 351 44 10
45 375 26 4
45 378 18 1
45 413 20 3
45 430 32 3
45 435 40 2
45 436 25 7
45 480 39 9
45 500 5 9
45 560 27 8
45 580 25 2
45 596 45 1
45 623 35 5
45 655 38 7
45 680 32 10
45 698 42 3
45 727 30 9
45 761 50 2
45 770 10 6
45 775 20 6
45 870 15 7
45 874 10 6
45 930 19 2
45 945 48 2
45 1030 27 6
45 1110 28 4
46 47 49 7
46 48 35 1
46 49 13 3
46 50 47 5
46 53 32 9
46 54 28 2
46 55 49 6
46 56 22 9
46 57 3 7
46 58 10 2
46 59 37 2
46 60 20 8
46 102 13 6
46 239 36 1
46 326 37 10
46 430 21 9
46 462 24 2
46 585 9 7
46 660 4 5
46 666 18 9
46 781 6 8
46 805 45 8
46 931 24 8
47 48 26 6
47 49 29 2
47 50 2 2
47 61 22 4
47 191 8 10
47 230 34 1
47 235 5 4
47 303 42 6
47 354 42 4
47 410 6 4
47 450 25 5
47 499 49 8
47 580 42 4
47 586 15 4
47 660 17 1
47 755 18 7
47 845 10 3
47 846 8 9
47 902 35 2
47 953 41 8
47 1038 29 8
47 1111 18 6
48 49 29 4
48 50 3 4
48 62 5 10
48 63 41 2
48 64 33 8
48 65 2 10
48 66 25 8
48 67 27 7
48 68 49 4
48 193 9 9
48 266 33 8
48 327 37 2
48 755 27 6
48 760 32 7
48 770 21 10
48 945 26 10
48 978 34 8
48 1030 35 10
48 1064 43 5
48 1086 28 10
48 1156 11 2
48 1159 1 9
48 1195 25 7
49 50 37 1
49 69 7 1
49 70 38 10
49 71 12 3
49 72 17 9
49 73 29 4
49 79 18 6
49 102 27 10
49 117 15 4
49 119 9 4
49 141 28 2
49 212 33 3
49 397 49 2
49 451 27 1
49 461 3 7
49 482 50 2
49 537 4 6
49 538 46 2
49 597 29 9
49 623 30 9
49 655 2 6
49 665 27 10
49 810 19 3
49 1000 33 7
49 1060 31 4
49 1086 19 8
49 1141 24 6
50 74 43 1
50 161 25 9
50 230 19 7
50 396 45 9
50 563 24 4
50 681 11 7
50 698 29 9
50 729 18 9
50 780 10 1
50 954 18 1
50 979 25 6
50 1002 40 3
50 1036 45 3
50 1142 1 6
50 1195 26 1
52 703 26 2
52 881 14 3
52 918 16 2
54 342 4 6
54 1166 25 3
55 944 36 4
56 584 30 5
59 245 17 10
59 307 42 9
59 429 37 4
59 588 49 10
59 602 4 6
59 853 1 10
61 841 20 4
63 95 38 5
64 894 36 3
65 523 37 4
66 408 10 6
69 149 29 8
71 108 32 5
71 1109 21 4
72 956 18 9
72 1116 34 7
73 552 45 2
73 995 25 1
74 173 26 5
74 470 39 10
75 76 31 4
75 77 17 7
75 78 21 6
75 79 38 9
75 80 26 10
75 81 45 2
75 165 2 4
75 192 33 6
75 230 13 3
75 301 1 5
75 325 49 7
75 352 32 2
75 411 5 7
75 496 1 8
75 500 23 6
75 580 50 8
75 655 3 4
75 660 18 2
75 665 20 10
75 682 6 5
75 697 19 4
75 780 41 1
75 932 50 7
75 1039 21 5
75 1195 47 10
76 77 31 10
76 78 34 9
76 79 49 3
76 82 32 4
76 83 13 9
76 84 39 3
76 85 42 3
76 86 46 4
76 87 43 9
76 140 20 3
76 213 45 10
76 238 44 7
76 326 49 10
76 376 31 1
76 410 2 6
76 462 37 1
76 560 36 8
76 597 43 7
76 755 9 2
76 775 1 9
76 810 15 10
76 874 12 3
76 905 39 5
76 932 31 7
76 945 43 1
76 950 13 5
76 1001 16 10
76 1062 44 9
76 1158 28 10
77 78 8 7
77 79 37 7
77 88 11 1
77 89 17 6
77 90 48 4
77 91 39 9
77 116 24 6
77 235 1 3
77 353 21 9
77 560 5 6
77 580 49 1
77 586 26 4
77 623 5 5
77 626 24 2
77 665 50 8
77 761 18 7
77 770 25 1
77 775 22 5
77 780 20 4
77 810 41 4
77 978 43 4
77 979 35 8
77 1003 14 1
77 1030 8 3
77 1037 14 5
77 1111 38 4
77 1195 47 6
78 79 15 7
78 92 8 2
78 93 41 2
78 94 26 3
78 141 18 5
78 376 4 9
78 395 10 1
78 396 45 1
78 435 13 5
78 436 39 1
78 450 26 9
78 539 28 3
78 682 18 4
78 700 45 7
78 730 23 9
78 761 25 7
78 1064 24 6
78 1087 2 8
78 1142 25 10
78 1155 48 9
79 95 32 3
79 96 2 2
79 97 8 6
79 98 30 4
79 99 32 10
79 100 50 1
79 102 38 6
79 117 26 9
79 160 15 7
79 192 47 2
79 210 18 10
79 261 47 3
79 263 5 2
79 304 1 7
79 430 5 5
79 450 40 1
79 460 1 8
79 480 34 8
79 482 47 7
79 535 42 1
79 597 18 5
79 660 42 10
79 726 32 9
79 755 49 2
79 770 43 7
79 848 44 3
79 849 4 1
79 870 25 6
79 900 2 6
79 945 2 6
79 951 22 8
79 1088 42 4
79 1112 6 5
79 1140 38 3
80 218 12 4
84 419 50 4
84 792 46 3
84 1165 15 9
85 159 11 4
85 687 29 7
86 405 7 8
87 1050 4 6
88 503 28 5
89 712 48 1
90 133 33 8
90 333 15 5
90 938 45 6
92 112 16 2
92 1127 33 10
100 101 50 10
100 102 43 8
100 103 46 6
100 104 35 7
100 105 5 5
100 106 1 6
100 116 8 3
100 143 48 1
100 265 39 10
100 303 25 3
100 326 27 10
100 395 33 2
100 430 30 6
100 436 22 4
100 437 16 6
100 497 41 3
100 535 34 3
100 539 20 4
100 596 10 2
100 620 28 3
100 621 6 10
100 655 48 4
100 660 27 10
100 665 40 7
100 682 39 4
100 761 23 3
100 770 23 7
100 775 30 1
100 809 13 6
100 903 21 10
100 945 11 8
100 952 4 4
100 1002 50 8
100 1030 24 8
100 1064 27 7
100 1086 50 9
100 1087 29 3
100 1113 50 7
100 1140 42 10
100 1195 44 3
101 102 22 5
101 107 48 10
101 108 35 10
101 109 26 10
101 110 17 9
101 111 30 1
101 115 32 7
101 140 23 1
101 210 31 2
101 230 17 9
101 238 46 5
101 267 39 10
101 300 31 9
101 351 17 5
101 375 3 5
101 397 7 3
101 450 5 6
101 462 18 6
101 481 45 6
101 482 10 1
101 561 31 10
101 580 40 8
101 660 29 8
101 665 44 6
101 682 22 3
101 697 26 4
101 730 15 7
101 755 47 10
101 760 3 2
101 781 27 3
101 845 15 2
101 847 24 3
101 872 41 7
101 905 30 7
101 930 42 9
101 931 20 3
101 950 44 8
101 975 6 4
101 976 6 6
101 1004 14 1
101 1030 49 5
101 1037 12 4
101 1061 22 1
101 1141 1 5
101 1155 50 7
101 1161 24 7
101 1195 42 5
102 112 9 7
102 113 47 7
102 114 22 2
102 160 21 5
102 162 41 6
102 190 19 5
102 193 26 9
102 210 6 6
102 230 43 1
102 239 47 9
102 350 21 10
102 412 18 1
102 430 36 10
102 451 23 4
102 463 1 10
102 499 11 8
102 560 14 4
102 580 47 5
102 585 2 7
102 586 14 8
102 598 26 2
102 696 45 1
102 728 15 7
102 770 16 8
102 783 25 9
102 811 10 2
102 875 40 9
102 945 14 7
102 1036 15 2
102 1114 12 10
106 390 37 6
109 707 19 7
112 157 31 8
114 128 19 1
114 774 5 2
115 116 30 8
115 117 47 1
115 118 21 2
115 119 18 4
115 120 30 9
115 121 45 10
115 122 31 3
115 413 44 2
115 430 42 1
115 435 35 10
115 463 9 5
115 481 49 6
115 496 40 8
115 655 27 3
115 681 5 5
115 697 15 3
115 945 5 3
115 1002 38 2
115 1089 2 7
115 1113 27 8
116 117 34 4
116 118 45 9
116 119 37 1
116 123 3 9
116 124 12 4
116 190 35 3
116 237 21 1
116 326 32 3
116 327 47 8
116 395 14 4
116 437 12 9
116 450 7 10
116 462 9 9
116 497 46 6
116 539 16 4
116 563 34 7
116 586 17 3
116 595 37 1
116 805 22 7
116 808 34 4
116 848 40 7
116 872 9 3
116 900 3 3
116 953 30 8
116 1085 11 4
116 1140 31 3
116 1159 22 7
116 1195 28 9
117 118 33 3
117 119 37 9
117 125 28 8
117 126 36 6
117 127 41 6
117 128 13 2
117 129 39 1
117 130 47 9
117 192 17 9
117 211 43 9
117 230 33 10
117 301 17 1
117 378 25 9
117 397 31 4
117 412 33 1
117 481 45 10
117 535 24 7
117 580 5 1
117 660 19 9
117 695 35 7
117 755 30 4
117 760 35 4
117 775 41 10
117 783 49 8
117 871 5 7
117 951 24 3
117 975 46 2
117 979 39 5
117 1030 16 7
117 1060 26 5
118 119 15 5
118 131 31 6
118 132 13 2
118 133 16 10
118 134 41 2
118 135 24 10
118 237 1 6
118 262 19 5
118 265 27 9
118 351 15 8
118 354 46 1
118 376 28 2
118 430 47 7
118 561 2 4
118 621 16 5
118 667 11 8
118 680 26 9
118 755 1 9
118 770 19 5
118 931 42 10
118 945 12 2
118 1005 38 8
118 1030 18 5
118 1037 8 2
118 1038 45 2
118 1114 43 6
118 1195 4 10
119 136 28 3
119 137 24 5
119 138 6 1
119 139 44 10
119 140 37 1
119 142 47 10
119 160 8 10
119 163 6 10
119 212 13 5
119 230 24 9
119 304 43 5
119 450 17 5
119 585 22 5
119 625 3 8
119 655 7 4
119 667 35 7
119 725 46 3
119 726 5 2
119 761 2 2
119 781 16 3
119 902 27 1
119 931 13 2
119 1140 31 7
119 1156 13 7
121 135 13 3
123 568 4 1
123 1072 27 7
124 299 34 1
125 937 27 4
125 995 2 4
126 833 37 7
126 1081 40 10
126 1152 34 7
127 319 37 2
127 1048 26 10
129 788 24 4
133 531 8 1
133 1007 47 1
134 194 24 5
134 423 38 7
138 548 45 2
138 673 9 9
139 485 31 4
139 722 44 9
140 141 22 9
140 142 2 3
140 143 47 7
140 144 29 5
140 145 48 7
140 146 13 4
140 147 40 3
140 193 19 5
140 263 34 1
140 304 40 5
140 329 44 3
140 410 12 6
140 430 9 2
140 450 50 9
140 481 50 9
140 580 5 4
140 585 23 6
140 586 4 1
140 655 28 9
140 680 32 4
140 695 2 8
140 783 29 1
140 784 7 4
140 872 10 5
140 931 36 8
140 953 3 7
140 1030 36 10
140 1142 39 8
140 1155 22 10
141 142 6 9
141 143 35 10
141 148 6 1
141 149 28 10
141 150 11 6
141 163 49 6
141 212 31 2
141 230 37 9
141 238 45 10
141 352 20 1
141 435 37 2
141 451 3 1
141 461 9 1
141 462 16 4
141 539 5 8
141 580 6 3
141 621 32 8
141 626 27 10
141 660 47 10
141 697 42 7
141 761 32 2
141 775 41 7
141 807 45 9
141 903 35 6
141 905 22 8
141 932 40 5
141 978 40 7
141 1003 27 4
141 1038 39 8
141 1064 37 1
141 1110 2 4
141 1112 27 8
142 143 18 4
142 151 34 2
142 152 17 6
142 153 31 4
142 154 48 6
142 191 23 2
142 211 36 10
142 230 25 1
142 328 36 5
142 378 27 4
142 396 19 4
142 412 36 1
142 500 30 1
142 539 35 4
142 562 35 1
142 563 45 3
142 595 16 9
142 598 38 10
142 660 9 6
142 666 1 1
142 755 7 6
142 760 14 8
142 770 15 7
142 874 34 9
142 945 19 6
142 953 30 2
142 1063 15 3
142 1087 12 1
142 1088 16 8
142 1159 7 4
143 155 21 8
143 156 45 7
143 157 1 2
143 158 44 5
143 159 50 9
143 163 40 3
143 237 17 6
143 263 7 1
143 302 13 10
143 351 39 9
143 375 48 8
143 430 41 2
143 437 5 4
143 481 27 6
143 496 21 2
143 655 42 1
143 665 37 8
143 681 48 9
143 728 42 3
143 730 32 2
143 770 19 9
143 775 30 7
143 807 16 9
143 847 46 9
143 848 22 2
143 945 16 8
143 977 8 5
143 1004 23 9
143 1030 6 3
143 1035 29 4
143 1140 30 9
143 1195 25 3
145 157 42 4
145 814 34 10
147 490 18 5
148 1015 35 6
150 676 17 3
151 1181 34 1
152 966 50 4
153 470 14 6
158 1188 2 2
160 161 31 6
160 162 20 5
160 163 29 7
160 164 21 10
160 165 32 5
160 166 34 2
160 167 10 3
160 168 50 4
160 169 40 10
160 170 4 3
160 171 36 1
160 172 12 1
160 211 21 4
160 325 21 7
160 396 6 2
160 500 4 4
160 538 15 6
160 563 40 6
160 580 47 4
160 622 17 10
160 695 5 4
160 730 36 9
160 755 7 5
160 932 22 2
160 953 7 5
160 977 39 2
160 1038 44 10
160 1062 15 5
161 162 8 7
161 163 44 1
161 164 23 10
161 165 20 4
161 173 36 10
161 174 1 1
161 175 23 3
161 176 19 1
161 193 27 1
161 264 12 2
161 351 43 7
161 377 13 8
161 396 13 7
161 580 1 9
161 699 36 7
161 770 35 8
161 847 36 2
161 875 30 10
161 945 46 3
161 1085 25 4
161 1141 2 2
162 163 36 6
162 164 13 4
162 165 24 10
162 177 35 7
162 178 33 2
162 179 38 1
162 180 24 6
162 181 32 5
162 182 47 8
162 235 6 7
162 261 36 4
162 378 20 8
162 410 47 6
162 411 49 3
162 498 38 2
162 537 30 1
162 585 19 7
162 595 47 1
162 655 10 3
162 660 14 9
162 682 5 3
162 730 40 5
162 755 8 1
162 781 33 5
162 782 7 2
162 805 10 4
162 847 21 7
162 932 3 4
162 1001 24 3
162 1195 7 3
163 164 45 2
163 165 10 9
163 183 4 2
163 184 28 6
163 190 31 2
163 230 16 6
163 239 33 5
163 302 20 10
163 304 36 3
163 430 37 3
163 482 16 5
163 665 12 10
163 681 48 7
163 761 38 10
163 775 35 4
163 812 2 1
163 954 40 4
163 1001 12 10
163 1111 3 6
163 1140 31 9
163 1158 9 3
163 1161 37 8
164 165 50 4
164 185 36 1
164 186 42 3
164 187 29 9
164 188 48 6
164 230 27 8
164 328 41 10
164 430 9 2
164 435 16 10
164 436 32 3
164 451 47 7
164 482 43 5
164 598 43 5
164 624 30 9
164 655 23 6
164 667 29 1
164 760 1 4
164 901 26 8
164 905 32 6
164 977 3 5
164 1030 14 6
164 1111 15 6
165 189 5 10
165 212 24 4
165 350 47 9
165 450 50 5
165 460 20 3
165 462 24 10
165 585 39 9
165 775 34 2
165 872 24 4
165 945 32 6
165 1035 43 2
165 1062 38 7
165 1088 44 8
165 1195 3 8
166 604 34 6
167 555 30 6
167 1171 8 1
171 911 5 6
173 299 32 2
175 252 25 1
176 355 47 9
176 1124 39 6
177 372 1 8
177 993 4 10
178 838 2 3
180 366 48 8
180 531 30 7
181 305 41 9
183 379 37 8
185 740 35 2
185 1100 5 6
186 748 29 9
186 785 50 6
188 222 22 2
190 191 29 4
190 192 29 1
190 193 10 4
190 194 13 9
190 195 13 9
190 301 33 7
190 352 5 1
190 377 4 5
190 396 4 5
190 411 16 9
190 451 7 5
190 482 33 9
190 498 1 7
190 536 18 7
190 539 11 9
190 660 43 9
190 682 14 1
190 700 49 4
190 755 18 4
190 807 31 1
190 977 21 1
190 1000 5 6
190 1115 34 9
190 1140 47 2
190 1142 24 7
190 1155 17 4
191 192 2 4
191 193 2 7
191 196 22 4
191 197 49 9
191 198 34 9
191 199 20 7
191 200 41 10
191 210 34 7
191 430 35 2
191 580 46 10
191 585 42 6
191 625 2 6
191 655 1 5
191 667 17 10
191 696 1 9
191 755 4 4
191 760 4 9
191 775 18 9
191 781 45 8
191 805 44 5
191 904 10 2
191 945 45 6
191 952 11 8
191 976 27 10
191 1030 9 6
191 1064 28 5
191 1086 13 8
191 1155 10 1
191 1195 5 2
192 193 45 7
192 201 20 4
192 202 30 9
192 203 48 6
192 212 34 5
192 230 42 3
192 236 17 2
192 263 3 5
192 328 44 4
192 413 38 6
192 435 20 4
192 480 49 3
192 562 47 1
192 586 38 4
192 655 19 1
192 660 23 3
192 666 22 1
192 682 3 6
192 728 22 5
192 770 20 1
192 784 19 9
192 845 46 8
192 847 19 5
192 874 11 9
192 931 37 1
192 1004 34 5
192 1030 45 1
192 1063 16 8
192 1086 44 8
193 204 20 8
193 205 45 7
193 206 27 8
193 207 15 2
193 208 31 10
193 209 24 5
193 230 28 1
193 237 4 6
193 267 45 5
193 300 31 5
193 328 50 8
193 352 32 6
193 375 44 3
193 430 21 2
193 435 39 9
193 451 37 10
193 462 15 6
193 497 44 8
193 560 19 6
193 580 30 10
193 597 17 4
193 598 6 8
193 625 6 1
193 727 18 2
193 760 1 5
193 770 49 5
193 875 21 7
193 900 22 5
193 931 32 1
193 950 1 3
193 1036 50 5
193 1037 36 9
193 1114 33 7
193 1195 43 3
194 545 42 9
196 401 26 7
199 360 16 9
199 833 5 3
200 244 3 6
204 284 28 8
208 616 31 10
208 712 38 1
210 211 3 2
210 212 10 9
210 213 16 9
210 214 6 9
210 215 48 6
210 216 43 7
210 217 23 9
210 218 13 4
210 230 12 8
210 301 7 6
210 325 3 3
210 377 6 3
210 378 46 5
210 397 36 8
210 482 22 1
210 500 35 1
210 536 19 4
210 597 24 2
210 655 32 8
210 725 49 1
210 770 6 9
210 775 9 10
210 810 21 3
210 847 21 2
210 976 27 8
210 1061 21 3
210 1088 2 10
210 1114 26 5
210 1141 22 9
211 212 4 2
211 213 34 8
211 219 31 7
211 220 48 5
211 237 34 6
211 267 15 5
211 304 50 2
211 329 41 8
211 430 36 6
211 435 30 5
211 497 45 1
211 537 23 7
211 580 25 1
211 585 16 1
211 595 24 3
211 623 16 1
211 682 29 3
211 699 7 1
211 729 30 9
211 760 4 6
211 761 38 6
211 780 48 6
211 930 5 2
211 945 20 5
211 979 22 4
211 1030 24 4
211 1035 27 4
211 1037 44 7
211 1088 16 3
211 1158 42 4
211 1161 8 2
212 213 44 10
212 221 45 1
212 222 29 7
212 223 23 1
212 224 36 7
212 230 37 8
212 350 30 4
212 397 30 8
212 413 49 7
212 435 27 6
212 450 32 2
212 461 2 3
212 463 5 7
212 480 40 2
212 655 24 7
212 681 43 7
212 695 11 9
212 755 33 9
212 780 9 3
212 809 24 10
212 930 46 3
212 945 31 5
212 952 2 10
212 1004 46 8
212 1064 23 10
212 1112 49 2
212 1140 8 5
212 1195 42 1
213 225 45 8
213 226 45 5
213 227 15 2
213 228 26 2
213 229 27 1
213 237 5 3
213 261 33 8
213 350 41 1
213 411 44 6
213 430 27 7
213 451 43 3
213 562 36 2
213 563 11 7
213 580 33 3
213 586 39 4
213 622 22 8
213 660 17 6
213 665 24 10
213 667 49 1
213 755 15 3
213 770 22 3
213 775 4 5
213 845 48 1
213 870 29 2
213 871 32 8
213 900 28 2
213 903 39 6
213 953 7 9
213 1002 9 2
213 1030 6 10
215 863 23 8
215 1102 9 3
216 507 43 7
216 1139 34 10
217 589 21 2
217 1133 8 1
228 472 43 9
229 714 47 9
230 231 35 1
230 232 40 9
230 233 44 8
230 234 4 3
230 235 4 7
230 238 37 4
230 260 20 8
230 262 29 4
230 303 7 7
230 304 5 1
230 328 23 10
230 352 27 8
230 354 13 2
230 376 21 4
230 378 38 1
230 396 49 2
230 410 4 6
230 413 36 8
230 430 37 6
230 436 42 1
230 437 36 9
230 450 32 9
230 451 14 5
230 461 16 2
230 462 13 5
230 480 24 10
230 482 38 10
230 495 44 5
230 496 40 1
230 536 38 1
230 537 37 2
230 560 25 1
230 561 23 5
230 580 44 9
230 586 7 1
230 597 48 4
230 598 46 10
230 620 10 1
230 624 33 6
230 655 35 3
230 660 50 4
230 665 13 3
230 667 11 6
230 681 6 4
230 682 11 7
230 696 34 3
230 697 35 6
230 725 21 10
230 727 27 9
230 755 28 9
230 760 23 10
230 761 18 8
230 770 28 4
230 775 48 7
230 783 26 1
230 784 50 2
230 805 35 8
230 809 29 9
230 847 1 6
230 870 27 5
230 875 25 5
230 901 38 2
230 904 25 3
230 931 21 7
230 932 38 2
230 945 36 8
230 952 10 10
230 954 37 1
230 977 6 4
230 979 16 7
230 1003 19 7
230 1004 38 6
230 1030 16 8
230 1038 14 4
230 1039 29 2
230 1060 3 1
230 1063 16 5
230 1086 9 9
230 1089 44 5
230 1112 20 1
230 1114 42 8
230 1142 22 1
230 1155 3 8
230 1156 33 1
230 1195 32 9
231 639 8 8
232 315 49 5
232 944 23 5
233 641 31 7
234 254 40 6
234 547 10 10
235 236 3 4
235 237 16 5
235 238 20 3
235 239 19 3
235 240 44 6
235 241 44 6
235 242 20 3
235 243 29 6
235 302 49 8
235 377 32 10
235 430 47 1
235 460 50 9
235 480 10 5
235 482 1 2
235 536 38 1
235 562 33 6
235 580 16 8
235 599 33 10
235 655 32 3
235 660 36 4
235 699 14 8
235 730 18 5
235 760 7 10
235 770 9 3
235 775 30 4
235 805 32 9
235 849 29 7
235 1036 35 6
235 1061 10 4
235 1111 6 1
235 1140 3 6
235 1141 14 3
236 237 44 7
236 238 35 6
236 239 29 3
236 244 29 5
236 245 12 3
236 246 28 8
236 247 4 1
236 248 5 8
236 249 45 8
236 250 36 3
236 262 36 9
236 303 25 9
236 411 38 1
236 497 22 10
236 560 27 8
236 585 10 10
236 660 38 2
236 681 50 5
236 725 27 2
236 755 11 5
236 761 7 3
236 812 26 9
236 870 30 2
236 901 16 9
236 1037 19 9
236 1062 28 2
236 1087 19 10
236 1161 1 9
236 1195 30 10
237 238 8 3
237 239 15 4
237 251 36 9
237 252 2 8
237 253 42 3
237 254 39 7
237 255 10 1
237 256 43 2
237 265 10 1
237 326 41 1
237 329 29 6
237 395 36 8
237 396 17 2
237 411 26 4
237 450 6 5
237 874 3 6
237 945 13 9
237 952 39 4
237 954 14 3
237 979 17 1
237 1000 36 8
237 1030 31 3
237 1110 16 3
238 239 11 1
238 257 44 9
238 258 27 2
238 351 21 9
238 354 11 3
238 435 14 7
238 451 20 2
238 461 24 8
238 538 18 5
238 580 43 5
238 586 40 1
238 597 37 8
238 625 41 3
238 655 14 3
238 681 50 3
238 755 13 5
238 781 39 6
238 901 19 3
238 932 6 3
238 945 17 9
238 1001 42 7
238 1030 8 8
238 1157 16 8
239 259 29 2
239 375 2 6
239 430 29 2
239 437 32 4
239 495 33 6
239 665 28 4
239 697 48 3
239 770 49 3
239 775 15 9
239 783 17 4
239 932 45 7
239 978 49 5
239 1089 35 9
239 1195 38 10
240 245 29 4
240 423 22 3
241 802 17 5
241 1191 13 2
244 648 45 8
245 740 1 5
246 752 19 3
247 606 6 6
247 742 49 10
248 272 19 1
251 573 28 4
251 850 50 7
251 955 49 8
252 823 12 2
254 1123 8 7
257 659 35 9
260 261 21 4
260 262 32 10
260 263 43 8
260 264 44 10
260 265 37 4
260 266 26 4
260 267 11 9
260 268 36 5
260 326 23 9
260 354 26 10
260 412 32 8
260 586 11 3
260 596 38 3
260 775 14 1
260 1000 4 5
260 1001 38 7
260 1035 23 1
260 1142 47 6
260 1195 49 6
261 262 10 8
261 263 16 6
261 264 21 4
261 265 19 7
261 266 14 5
261 267 10 7
261 269 47 5
261 270 20 1
261 271 50 8
261 430 27 6
261 437 28 3
261 451 13 9
261 563 13 8
261 580 7 9
261 585 27 6
261 660 24 3
261 930 31 1
261 950 50 4
261 975 17 8
261 1062 22 6
262 263 25 3
262 264 12 5
262 265 42 2
262 266 17 4
262 267 38 10
262 272 28 8
262 273 23 3
262 274 43 4
262 377 50 3
262 396 32 4
262 430 25 4
262 480 7 2
262 481 39 9
262 622 42 9
262 655 50 10
262 699 5 9
262 770 18 3
262 775 3 5
262 809 8 7
262 945 24 6
262 1085 30 7
263 264 37 9
263 265 27 4
263 266 42 10
263 267 33 3
263 275 42 8
263 276 13 8
263 277 10 2
263 352 50 5
263 460 30 5
263 461 29 6
263 580 29 7
263 655 24 10
263 770 25 10
263 784 29 4
263 845 15 7
263 904 17 3
263 1030 48 6
263 1061 3 4
263 1111 33 1
264 265 36 4
264 266 45 9
264 267 1 5
264 278 24 10
264 279 23 10
264 280 47 6
264 281 44 8
264 282 22 7
264 283 24 4
264 284 33 8
264 302 14 4
264 451 8 9
264 496 29 1
264 501 28 9
264 560 36 5
264 595 37 7
264 680 18 10
264 730 45 2
264 810 1 8
264 872 19 1
264 905 41 7
264 945 43 8
264 978 8 7
264 1030 19 7
264 1114 29 1
265 266 28 6
265 267 15 1
265 285 33 4
265 286 6 4
265 287 46 6
265 288 19 8
265 536 6 2
265 665 18 9
265 755 21 2
265 847 49 9
265 872 12 3
265 950 25 9
265 1037 45 4
265 1089 41 7
265 1142 3 2
265 1161 30 2
266 267 1 3
266 289 31 5
266 290 42 1
266 291 15 9
266 292 49 2
266 293 5 9
266 294 3 1
266 295 11 6
266 327 1 5
266 397 9 5
266 435 50 9
266 536 24 3
266 621 46 7
266 665 50 4
266 682 3 2
266 730 12 1
266 755 35 8
266 760 15 8
266 761 9 10
266 781 8 3
266 930 45 10
266 1161 28 3
267 296 34 5
267 297 39 9
267 298 45 1
267 299 30 5
267 302 33 5
267 376 23 7
267 411 14 9
267 660 46 7
267 1195 1 1
270 310 2 1
270 883 21 1
275 340 17 6
276 813 34 10
277 490 46 5
279 824 40 8
280 679 13 7
281 527 8 8
283 544 29 6
283 577 36 10
283 883 13 4
283 1133 18 1
284 590 19 2
284 627 48 10
284 767 11 2
285 880 39 9
287 765 7 9
289 998 22 9
290 433 36 4
292 534 21 3
293 371 9 7
293 466 43 10
295 588 39 6
296 299 13 5
296 526 45 9
297 356 41 7
300 301 28 2
300 302 1 7
300 303 6 10
300 304 19 8
300 305 36 10
300 306 17 3
300 307 31 2
300 308 40 6
300 309 16 3
300 310 48 2
300 328 44 1
300 412 17 5
300 436 24 3
300 450 6 7
300 580 40 3
300 586 36 4
300 660 45 7
300 667 14 4
300 681 6 5
300 698 35 3
300 770 14 4
300 930 3 3
300 1030 23 9
301 302 44 10
301 303 28 8
301 304 28 1
301 311 10 9
301 352 37 10
301 353 43 2
301 376 11 9
301 396 18 8
301 413 13 4
301 430 41 1
301 451 14 5
301 538 11 4
301 586 30 3
301 655 48 6
301 660 30 8
301 728 3 6
301 761 36 3
301 770 26 7
301 780 19 6
301 875 6 10
301 930 27 6
301 977 36 8
301 979 30 9
301 1063 29 8
301 1085 6 3
301 1142 37 1
301 1157 27 5
301 1195 32 8
302 303 40 4
302 304 50 5
302 312 24 3
302 313 11 3
302 314 20 8
302 315 11 10
302 316 6 5
302 317 22 10
302 375 50 9
302 463 35 3
302 495 40 4
302 561 46 8
302 699 9 4
302 755 6 3
302 775 24 2
302 812 40 1
302 847 13 5
302 875 34 9
302 945 11 5
302 950 4 10
302 1005 17 7
302 1030 46 2
302 1038 37 3
302 1061 10 10
302 1085 48 10
302 1111 50 1
302 1157 2 10
303 304 35 4
303 318 49 10
303 319 32 2
303 328 36 3
303 436 3 9
303 537 45 9
303 561 9 7
303 597 27 4
303 728 31 9
303 760 40 7
303 805 16 3
303 900 28 1
303 945 45 4
303 1037 46 9
303 1110 28 2
303 1141 30 2
304 320 23 8
304 321 19 8
304 322 47 2
304 323 9 9
304 324 40 9
304 397 42 9
304 460 31 5
304 482 11 8
304 495 20 7
304 580 29 10
304 596 16 1
304 620 38 1
304 625 29 5
304 655 6 3
304 680 20 3
304 755 23 5
304 783 46 10
304 849 18 6
304 903 15 6
304 950 43 6
304 1005 5 7
304 1195 40 10
306 362 36 4
309 765 34 6
311 1172 29 2
313 335 37 7
313 340 25 8
313 701 23 9
316 415 36 4
316 721 18 8
317 1190 8 7
318 638 9 6
318 773 9 1
321 836 23 7
322 769 34 5
325 326 11 4
325 327 5 2
325 328 23 6
325 329 4 7
325 330 38 6
325 331 26 8
325 332 22 5
325 354 11 6
325 396 47 4
325 460 40 5
325 537 49 1
325 580 25 3
325 586 14 7
325 728 33 3
325 755 6 3
325 784 33 9
325 931 2 9
325 945 28 8
325 1002 17 5
325 1060 7 8
325 1159 7 7
326 327 9 8
326 328 19 10
326 329 37 1
326 333 39 1
326 334 9 9
326 335 35 6
326 336 13 7
326 337 9 9
326 353 36 2
326 397 43 3
326 496 28 6
326 660 33 5
326 699 28 3
326 729 37 4
326 760 11 3
326 770 37 1
326 846 9 8
326 847 45 2
326 975 22 6
326 1061 2 1
326 1085 24 1
326 1113 7 4
326 1140 11 9
326 1157 47 7
326 1195 7 8
327 328 6 1
327 329 22 5
327 338 12 8
327 339 12 10
327 340 12 3
327 341 38 4
327 342 1 7
327 378 36 3
327 413 32 3
327 450 19 10
327 463 40 1
327 480 35 10
327 500 44 3
327 561 12 6
327 621 7 4
327 655 45 10
327 660 16 7
327 682 39 1
327 870 41 6
327 903 17 7
327 905 50 4
327 1110 42 4
328 329 20 8
328 343 30 2
328 344 33 10
328 345 29 10
328 346 20 9
328 347 40 9
328 538 16 6
328 580 46 1
328 585 28 7
328 621 47 1
328 680 43 2
328 755 48 1
328 775 47 9
328 782 12 4
328 810 11 7
328 932 20 7
328 950 19 5
328 954 48 9
328 1035 7 6
329 348 3 2
329 349 12 9
329 378 48 1
329 412 2 1
329 430 9 1
329 436 38 1
329 437 4 4
329 481 24 7
329 563 35 1
329 595 20 7
329 598 2 6
329 666 31 10
329 667 19 2
329 697 27 6
329 770 36 2
329 775 12 4
329 808 38 2
329 872 12 7
329 945 36 8
329 975 28 1
329 1001 2 8
329 1030 37 4
329 1035 24 4
329 1141 1 6
329 1195 41 5
331 431 18 5
334 785 43 6
336 442 4 8
336 712 28 6
337 588 45 2
338 968 27 4
339 876 17 4
341 590 14 3
346 922 11 3
347 1013 39 10
349 553 9 1
349 722 38 8
350 351 15 6
350 352 17 8
350 353 33 5
350 354 44 10
350 355 3 1
350 356 47 9
350 376 36 5
350 410 31 3
350 450 44 5
350 463 30 9
350 480 22 6
350 561 46 7
350 586 39 3
350 597 14 9
350 621 16 10
350 660 18 6
350 730 40 7
350 755 8 2
350 903 50 8
350 945 26 5
350 954 3 1
350 1037 36 5
350 1088 5 8
350 1115 1 9
350 1158 14 9
351 352 41 7
351 353 32 4
351 354 23 8
351 357 27 1
351 358 32 7
351 376 13 5
351 396 19 2
351 430 6 9
351 501 2 3
351 681 33 2
351 695 32 10
351 770 45 10
351 780 16 9
351 811 12 5
351 1002 5 7
351 1030 5 4
351 1086 8 1
351 1140 41 5
352 353 30 2
352 354 14 7
352 359 39 7
352 360 8 7
352 361 41 2
352 362 38 5
352 363 46 6
352 395 28 9
352 451 15 8
352 462 45 3
352 500 7 7
352 539 26 5
352 655 43 7
352 665 29 3
352 666 14 7
352 760 26 1
352 775 37 3
352 875 26 3
352 1002 23 3
352 1030 27 7
352 1036 7 4
352 1061 32 2
352 1140 7 2
353 354 29 2
353 364 40 2
353 365 16 5
353 366 12 6
353 367 12 6
353 368 4 10
353 369 41 1
353 370 50 2
353 371 14 3
353 430 41 6
353 435 45 2
353 436 24 3
353 535 36 2
353 562 1 9
353 580 45 6
353 596 35 5
353 624 13 2
353 755 37 8
353 770 15 3
353 849 48 9
353 871 13 4
353 900 33 4
353 930 42 5
353 954 13 6
353 1060 48 9
353 1112 47 1
353 1155 27 3
353 1195 39 5
354 372 3 7
354 373 28 5
354 374 17 3
354 411 44 10
354 580 37 9
354 585 49 7
354 655 11 6
354 680 27 3
354 698 40 9
354 730 50 10
354 760 35 8
354 775 28 4
354 783 30 10
354 812 30 2
354 849 37 4
354 930 35 5
354 945 32 8
354 977 4 10
354 1195 20 6
355 864 33 6
355 1074 15 7
356 432 41 2
356 684 22 10
357 534 39 6
357 767 10 9
357 1027 31 1
357 1116 39 10
359 689 36 3
360 543 24 7
361 675 24 2
361 1033 21 1
362 571 10 8
368 913 17 2
369 1041 48 9
371 827 42 2
373 379 27 3
373 758 13 4
374 949 30 6
375 376 10 9
375 377 50 8
375 378 50 9
375 379 18 5
375 380 38 5
375 381 22 4
375 382 46 6
375 383 23 8
375 397 29 2
375 430 41 10
375 435 10 2
375 450 2 2
375 460 19 9
375 481 50 3
375 500 43 2
375 562 43 6
375 585 38 4
375 596 28 2
375 660 6 2
375 725 35 10
375 755 31 2
375 775 15 6
375 931 36 10
375 945 11 5
375 977 3 9
375 1039 35 9
375 1062 24 8
375 1063 41 5
375 1140 20 8
375 1159 7 10
376 377 2 8
376 378 45 2
376 384 11 8
376 385 48 3
376 386 20 1
376 387 38 9
376 388 47 4
376 430 45 2
376 436 29 7
376 560 11 3
376 580 48 10
376 586 5 5
376 620 39 6
376 655 30 9
376 680 41 4
376 681 28 7
376 761 38 10
376 770 47 4
376 782 38 1
376 849 18 9
376 904 3 2
376 950 50 5
376 953 30 2
376 977 19 9
376 1000 10 2
376 1004 44 5
376 1142 8 2
377 378 6 4
377 389 18 2
377 390 39 7
377 396 9 9
377 411 2 9
377 413 6 4
377 450 33 10
377 501 3 3
377 536 50 10
377 580 47 5
377 623 35 10
377 666 50 2
377 697 14 2
377 760 45 9
377 782 50 10
377 805 30 2
377 872 10 1
377 945 2 8
377 1030 31 8
377 1087 17 8
377 1110 4 2
377 1156 17 9
377 1195 15 5
378 391 36 4
378 392 7 9
378 393 15 5
378 394 18 5
378 461 9 9
378 482 31 3
378 539 4 7
378 596 31 8
378 655 7 4
378 660 10 6
378 665 17 8
378 696 31 9
378 726 21 6
378 755 29 7
378 775 19 10
378 812 1 1
378 848 4 6
378 870 39 9
378 903 28 1
378 931 21 2
378 1030 5 9
378 1036 9 9
378 1089 38 1
378 1112 23 7
378 1195 1 5
379 609 12 10
379 741 46 9
381 990 50 10
385 920 11 4
385 1154 20 1
388 958 6 6
389 913 11 2
390 708 9 5
392 637 44 5
395 396 13 10
395 397 18 9
395 398 17 2
395 412 33 8
395 435 38 8
395 450 2 7
395 480 37 3
395 580 24 9
395 585 21 4
395 595 39 10
395 599 31 2
395 655 17 1
395 660 29 4
395 680 47 10
395 695 40 2
395 770 14 10
395 781 21 3
395 811 40 10
395 871 24 1
395 874 27 8
395 945 33 2
395 954 18 7
395 978 45 7
395 1005 36 10
395 1036 49 5
395 1061 10 1
395 1085 4 1
395 1087 41 6
396 397 43 8
396 399 1 4
396 400 18 8
396 401 13 5
396 402 42 9
396 403 22 10
396 404 39 8
396 405 28 9
396 430 49 4
396 435 8 10
396 462 9 1
396 536 33 7
396 537 48 8
396 561 27 4
396 562 17 8
396 580 32 5
396 667 46 6
396 726 21 2
396 760 14 1
396 810 48 3
396 846 50 2
396 849 49 5
396 905 12 2
396 932 31 4
396 952 28 7
396 975 35 10
396 1002 24 3
396 1030 11 2
396 1039 42 1
396 1064 16 3
396 1111 36 3
396 1114 25 10
396 1142 7 4
396 1156 22 1
396 1195 21 1
397 406 33 7
397 407 12 9
397 408 15 8
397 409 12 7
397 410 14 10
397 430 2 7
397 461 8 3
397 497 49 9
397 498 12 4
397 620 47 4
397 623 37 1
397 655 7 10
397 660 40 5
397 681 37 6
397 698 11 2
397 728 32 10
397 755 24 9
397 770 11 5
397 775 36 2
397 780 11 7
397 901 23 1
397 932 43 9
397 945 16 9
397 1030 13 8
397 1142 43 9
397 1161 27 1
397 1195 38 7
398 639 45 10
400 674 14 5
402 584 7 3
403 757 11 5
405 1129 2 2
407 1073 28 5
409 428 9 4
409 649 30 9
410 411 29 4
410 412 2 9
410 413 49 7
410 414 39 4
410 450 11 6
410 451 13 9
410 462 10 7
410 481 48 10
410 536 42 7
410 580 6 6
410 655 31 3
410 700 3 10
410 875 37 3
410 900 33 5
410 950 26 10
410 951 47 5
410 975 1 8
410 1030 10 2
410 1039 26 3
410 1111 10 4
410 1142 47 7
410 1156 29 1
411 412 10 9
411 413 50 9
411 415 41 9
411 416 26 7
411 417 34 7
411 418 36 9
411 419 31 6
411 420 10 8
411 421 21 8
411 422 33 10
411 435 19 4
411 482 23 8
411 536 24 8
411 560 23 3
411 561 29 4
411 622 22 3
411 660 50 9
411 725 48 2
411 729 29 5
411 755 7 2
411 760 20 4
411 761 23 3
411 770 20 2
411 810 43 10
411 900 12 1
411 930 5 7
411 945 5 10
411 975 45 7
411 1087 31 10
411 1088 29 7
411 1112 14 5
411 1142 34 5
411 1195 50 7
412 413 39 1
412 423 14 4
412 424 32 2
412 425 46 10
412 426 4 8
412 427 33 10
412 430 6 2
412 463 8 5
412 496 6 9
412 501 9 4
412 598 29 8
412 623 50 4
412 665 11 4
412 666 24 7
412 696 22 1
412 770 4 6
412 775 29 7
412 781 6 2
412 847 35 7
412 849 28 7
412 874 14 8
412 930 36 8
412 1003 15 7
412 1037 14 3
412 1064 18 8
412 1160 18 2
413 428 29 5
413 429 7 7
413 430 6 3
413 580 24 1
413 585 49 7
413 597 40 4
413 655 42 4
413 660 29 1
413 680 22 4
413 682 27 6
413 755 26 5
413 783 45 9
413 806 25 8
413 945 29 3
413 1005 29 7
413 1063 18 9
413 1195 12 1
416 925 33 2
416 1094 43 3
418 962 13 3
419 583 29 5
423 1144 4 9
424 712 27 8
426 446 46 9
427 551 44 6
427 1194 10 2
428 1007 41 6
428 1121 34 1
429 772 1 10
430 431 18 6
430 432 15 5
430 433 4 4
430 434 19 2
430 436 43 7
430 437 38 2
430 451 39 6
430 462 42 1
430 463 15 7
430 481 44 5
430 482 45 2
430 496 26 2
430 498 43 10
430 537 24 6
430 539 46 7
430 560 12 7
430 561 34 2
430 580 3 6
430 586 28 7
430 596 49 8
430 620 14 6
430 655 4 3
430 660 14 9
430 666 22 3
430 667 14 3
430 680 26 3
430 681 45 4
430 695 41 7
430 697 42 6
430 727 10 2
430 728 23 9
430 755 1 10
430 760 1 7
430 770 23 2
430 775 22 10
430 781 48 5
430 783 47 6
430 806 38 8
430 812 31 8
430 845 6 2
430 848 11 3
430 871 42 4
430 873 3 1
430 902 6 1
430 903 23 7
430 931 43 1
430 932 20 1
430 945 43 1
430 950 29 5
430 951 26 9
430 975 43 9
430 1000 8 5
430 1005 6 7
430 1030 16 5
430 1035 48 8
430 1036 32 8
430 1061 40 5
430 1064 17 9
430 1087 15 9
430 1089 26 10
430 1112 18 10
430 1114 38 8
430 1141 49 9
430 1142 17 7
430 1156 32 7
430 1157 44 6
430 1195 47 7
434 1102 48 5
434 1149 34 5
435 436 7 3
435 437 28 8
435 438 14 9
435 439 14 3
435 440 8 6
435 441 42 8
435 442 24 3
435 443 34 8
435 444 28 6
435 480 5 7
435 481 50 4
435 497 36 5
435 560 13 7
435 580 4 7
435 596 13 1
435 624 14 7
435 655 14 6
435 660 10 8
435 665 19 6
435 667 46 3
435 730 22 6
435 755 33 9
435 761 36 1
435 775 46 10
435 781 45 3
435 872 30 2
435 905 46 8
435 931 18 5
435 977 2 7
435 1001 6 5
435 1036 29 2
435 1061 46 5
435 1140 27 1
435 1159 4 7
436 437 5 2
436 445 24 8
436 446 46 2
436 447 12 7
436 450 5 9
436 460 46 9
436 537 43 4
436 562 36 8
436 580 50 4
436 598 14 10
436 655 16 5
436 680 17 7
436 730 5 3
436 755 11 6
436 761 48 9
436 783 45 10
436 810 3 4
436 871 31 1
436 977 42 7
436 1030 41 4
436 1035 43 5
436 1062 47 10
436 1089 44 4
436 1111 44 4
436 1112 4 9
436 1160 34 6
436 1195 26 8
437 448 49 5
437 449 5 4
437 450 17 1
437 463 3 4
437 497 26 5
437 539 10 6
437 586 10 1
437 621 5 5
437 660 12 3
437 696 46 3
437 697 30 7
437 770 19 8
437 775 20 2
437 810 47 4
437 846 1 9
437 849 15 1
437 900 1 8
437 932 15 6
437 945 32 7
437 953 32 4
437 954 4 4
437 1001 36 6
437 1086 25 10
437 1140 6 10
438 855 50 8
439 853 47 2
441 529 20 7
442 955 32 4
443 1198 49 9
445 677 10 8
446 547 3 5
447 1192 1 9
448 1077 45 7
449 704 34 3
450 451 10 10
450 452 50 8
450 453 2 10
450 454 24 10
450 455 22 8
450 456 8 5
450 457 27 9
450 458 17 9
450 461 30 1
450 498 6 4
450 538 2 2
450 563 11 1
450 580 16 9
450 585 30 1
450 586 34 10
450 595 1 4
450 621 11 2
450 625 48 3
450 655 2 6
450 660 14 7
450 681 41 5
450 682 25 1
450 726 3 8
450 730 2 5
450 755 41 7
450 760 23 4
450 770 34 10
450 775 31 8
450 782 6 3
450 846 35 5
450 873 12 4
450 930 16 1
450 931 30 7
450 954 3 9
450 975 3 6
450 977 23 1
450 1038 29 6
450 1061 14 9
450 1063 38 7
450 1085 39 4
450 1114 1 5
450 1155 19 6
450 1195 9 8
451 459 7 7
451 462 44 6
451 480 25 10
451 481 34 7
451 538 8 9
451 562 28 6
451 598 35 8
451 655 19 7
451 660 21 9
451 666 35 6
451 667 16 9
451 697 8 2
451 698 36 2
451 760 16 3
451 784 50 2
451 809 5 10
451 812 29 2
451 846 2 2
451 870 25 9
451 903 11 2
451 905 36 8
451 945 1 9
451 952 12 1
451 1000 45 4
451 1001 7 9
451 1030 40 10
451 1037 17 3
451 1089 36 2
451 1112 43 3
451 1141 48 4
451 1142 36 2
451 1157 45 4
451 1195 49 9
455 486 40 7
456 1065 12 8
457 465 19 10
457 494 33 6
460 461 35 8
460 462 11 5
460 463 5 1
460 464 17 5
460 465 39 3
460 466 24 3
460 467 5 9
460 502 21 10
460 563 3 1
460 586 15 8
460 660 8 8
460 755 50 2
460 761 16 2
460 770 8 1
460 809 15 2
460 847 9 5
460 945 37 3
460 1000 47 8
460 1003 27 4
460 1030 20 4
460 1087 6 5
460 1114 37 10
460 1140 9 4
461 462 37 2
461 463 32 2
461 468 10 5
461 469 40 5
461 470 26 4
461 471 40 4
461 472 2 7
461 473 35 10
461 482 29 1
461 501 45 9
461 580 5 4
461 625 19 4
461 655 25 9
461 666 4 5
461 696 35 5
461 697 5 3
461 761 3 7
461 775 31 1
461 806 33 3
461 873 35 1
461 874 25 8
461 930 11 5
461 945 44 3
461 950 16 1
461 976 8 3
461 979 24 3
461 1030 6 7
461 1035 35 4
461 1063 17 4
461 1110 40 8
461 1159 33 7
462 463 8 3
462 474 38 5
462 475 1 8
462 476 12 1
462 477 39 5
462 480 27 9
462 536 41 3
462 580 31 8
462 595 45 9
462 655 20 5
462 681 5 4
462 770 39 8
462 782 37 10
462 905 36 3
462 1038 30 3
462 1062 36 9
462 1087 9 8
462 1141 35 3
462 1161 25 1
462 1195 12 8
463 478 25 8
463 479 15 10
463 537 42 1
463 560 3 1
463 586 47 2
463 599 36 3
463 665 5 1
463 680 35 1
463 727 45 7
463 728 35 3
463 783 49 2
463 903 18 7
463 932 43 5
463 951 47 7
465 804 34 5
466 835 38 3
469 984 7 6
469 1100 44 10
470 519 10 2
470 1014 45 3
470 1198 28 6
471 827 42 5
472 559 9 10
474 605 9 4
477 1117 26 5
478 880 1 6
478 1015 15 3
480 481 9 6
480 482 42 6
480 483 48 5
480 484 39 4
480 485 6 5
480 495 15 2
480 537 26 7
480 538 28 5
480 560 36 8
480 580 28 2
480 599 43 8
480 655 28 8
480 665 31 10
480 695 47 4
480 699 47 1
480 729 18 8
480 775 1 10
480 781 16 3
480 782 28 4
480 901 11 5
480 932 47 6
480 945 12 6
480 979 13 3
480 1038 32 4
480 1062 34 9
480 1085 47 5
480 1115 48 6
480 1195 43 8
481 482 28 5
481 486 43 2
481 487 45 3
481 488 8 9
481 499 49 3
481 563 22 9
481 580 50 7
481 585 16 4
481 599 30 8
481 655 23 2
481 660 40 6
481 681 30 9
481 726 48 10
481 760 5 9
481 761 44 1
481 770 37 8
481 807 37 2
481 846 4 8
481 870 19 8
481 932 50 6
481 945 47 6
481 950 16 2
481 952 34 10
481 1030 27 4
481 1064 50 2
481 1089 19 7
481 1141 7 6
481 1195 47 9
482 489 6 7
482 490 14 2
482 491 12 9
482 492 7 6
482 493 19 10
482 494 15 5
482 585 48 9
482 622 14 7
482 623 28 9
482 660 49 6
482 665 20 3
482 680 4 5
482 755 26 1
482 770 6 10
482 809 13 3
482 847 2 3
482 875 8 2
482 904 39 4
482 975 50 10
482 1001 21 8
482 1039 32 9
482 1114 8 10
482 1140 23 9
482 1158 5 1
482 1159 5 2
484 568 29 10
484 1066 30 7
486 646 11 10
486 992 1 7
490 532 40 10
490 819 50 7
490 943 4 5
491 517 18 3
491 884 31 4
495 496 33 6
495 497 41 1
495 498 41 10
495 499 48 3
495 500 21 9
495 501 21 10
495 502 29 5
495 503 5 9
495 504 45 4
495 505 12 4
495 580 25 4
495 595 20 4
495 932 45 5
495 1004 16 10
495 1085 46 6
495 1110 40 2
495 1115 3 3
495 1159 5 3
495 1195 41 9
496 497 2 6
496 498 50 7
496 499 27 1
496 500 22 8
496 501 46 6
496 502 32 6
496 506 29 10
496 507 38 9
496 666 23 8
496 727 20 8
496 945 21 7
496 1062 14 7
496 1161 18 4
497 498 49 10
497 499 42 2
497 500 21 10
497 501 27 3
497 502 37 9
497 508 1 10
497 509 29 8
497 510 26 4
497 511 23 6
497 512 36 4
497 513 23 4
497 514 4 1
497 515 28 9
497 621 30 2
497 655 4 6
497 755 14 2
497 846 27 8
497 903 48 2
497 978 45 2
497 1063 38 10
498 499 2 1
498 500 13 10
498 501 39 8
498 502 37 5
498 516 31 3
498 517 7 7
498 518 22 7
498 519 49 3
498 536 50 1
498 539 27 3
498 682 1 8
498 806 28 6
498 1089 24 2
499 500 49 2
499 501 40 4
499 502 40 4
499 520 24 4
499 521 8 9
499 522 14 9
499 523 1 10
499 524 50 4
499 525 23 1
499 598 7 6
499 667 1 8
499 698 48 7
499 700 4 1
499 755 24 3
499 770 42 4
499 847 41 10
499 871 11 4
499 945 44 8
499 951 3 10
499 978 26 8
499 1000 20 1
499 1036 18 1
499 1142 50 2
499 1195 13 6
500 501 29 1
500 502 41 10
500 526 20 6
500 527 8 7
500 585 36 5
500 660 18 4
500 760 2 7
500 761 15 3
500 781 32 9
500 782 25 1
500 872 35 2
500 932 50 2
500 1030 45 8
501 502 48 7
501 528 12 3
501 563 4 3
501 660 16 6
501 682 25 4
501 775 18 2
501 951 40 2
501 1030 33 2
501 1142 31 3
502 529 44 7
502 530 16 2
502 531 14 10
502 532 30 3
502 533 38 6
502 534 1 4
502 560 47 10
502 580 50 1
502 586 29 5
502 626 32 7
502 727 7 3
502 770 23 9
502 775 40 1
502 812 50 6
502 900 26 10
503 1168 32 2
507 533 43 9
507 921 23 7
508 921 5 5
510 745 22 2
510 908 29 2
511 542 41 7
511 947 20 10
514 867 31 9
514 1077 27 5
514 1170 21 3
515 1199 5 7
517 673 9 10
518 742 13 3
521 604 26 1
521 906 24 10
521 1172 29 3
525 1029 9 9
528 1048 31 1
532 540 31 8
533 568 45 1
535 536 45 6
535 537 3 10
535 538 20 5
535 539 26 2
535 540 21 5
535 541 13 5
535 542 15 1
535 543 12 9
535 544 33 7
535 545 34 9
535 546 42 7
535 655 44 2
535 681 34 2
535 682 20 3
535 727 44 8
535 807 16 1
535 846 34 2
535 872 35 10
535 901 21 8
535 902 24 2
535 930 24 10
535 945 35 9
535 1114 2 2
535 1155 30 7
535 1162 6 7
535 1195 22 4
536 537 5 6
536 538 37 3
536 539 9 8
536 547 29 8
536 548 28 10
536 549 36 2
536 550 17 5
536 580 30 5
536 623 37 10
536 660 4 7
536 666 32 7
536 760 19 10
536 775 8 5
536 872 49 10
536 1030 46 5
536 1037 6 10
536 1063 11 2
536 1115 22 2
537 538 50 2
537 539 28 2
537 551 17 7
537 552 10 9
537 553 20 4
537 554 46 4
537 666 30 1
537 727 18 4
537 755 6 8
537 784 28 10
537 812 38 7
537 932 26 2
537 977 48 3
537 1089 40 2
538 539 26 10
538 555 23 5
538 563 17 6
538 580 10 8
538 586 1 10
538 595 15 1
538 599 9 3
538 623 31 7
538 655 33 8
538 698 18 6
538 699 46 5
538 770 1 7
538 781 2 8
538 952 41 10
538 979 39 10
538 1002 45 1
538 1060 4 6
538 1088 30 6
538 1141 48 3
538 1195 5 1
539 556 37 4
539 557 40 4
539 558 14 5
539 559 9 6
539 560 10 7
539 586 1 5
539 660 14 3
539 761 15 3
539 770 28 1
539 846 40 9
539 953 15 3
539 1003 11 5
539 1030 6 4
539 1038 8 8
539 1142 26 10
540 608 15 5
542 591 33 10
543 678 25 10
546 768 32 8
546 889 1 7
550 589 49 8
551 855 25 7
551 1043 4 5
552 1072 12 10
553 908 26 5
556 558 42 10
557 1075 20 9
560 561 50 2
560 562 11 5
560 563 41 9
560 564 31 8
560 565 28 9
560 566 32 9
560 567 5 4
560 568 34 8
560 597 46 6
560 599 6 5
560 697 21 4
560 727 41 5
560 770 7 8
560 808 42 7
560 848 25 8
560 945 3 5
560 953 29 8
560 1003 24 6
560 1005 35 3
560 1030 46 1
560 1039 32 5
560 1110 26 3
560 1142 16 8
560 1195 4 8
561 562 50 3
561 563 17 9
561 569 31 6
561 570 1 7
561 625 28 1
561 655 10 9
561 680 41 9
561 780 34 9
561 807 41 2
561 846 50 8
561 932 35 6
561 976 17 1
561 978 22 4
561 1195 16 3
562 563 1 10
562 571 13 9
562 572 7 9
562 573 49 4
562 574 18 9
562 575 37 3
562 580 47 5
562 586 5 8
562 625 3 5
562 660 1 10
562 680 35 6
562 728 13 7
562 755 7 9
562 760 3 8
562 775 5 1
562 871 31 2
562 903 7 8
562 1060 42 8
562 1141 38 8
562 1159 9 9
563 576 48 5
563 577 14 8
563 578 32 2
563 579 48 3
563 580 26 7
563 586 38 8
563 655 4 1
563 660 15 7
563 665 22 2
563 667 39 9
563 696 20 8
563 755 35 7
563 760 41 9
563 770 17 7
563 775 31 2
563 783 34 6
563 873 50 1
563 901 14 5
563 945 34 10
563 952 16 5
563 1030 25 3
563 1035 27 1
563 1060 50 6
563 1085 25 5
563 1089 21 8
563 1112 32 10
563 1156 44 3
566 765 48 1
568 749 24 3
568 1138 33 10
569 827 26 9
571 861 34 9
572 642 42 7
572 756 17 4
572 1015 20 4
574 494 1 4
574 801 3 5
575 672 49 7
575 1025 17 6
577 1138 16 7
579 890 25 9
580 581 5 9
580 582 35 5
580 583 3 3
580 584 34 1
580 585 37 9
580 586 3 8
580 595 46 8
580 597 19 2
580 621 42 7
580 624 10 4
580 655 29 1
580 660 47 9
580 665 26 8
580 681 48 8
580 682 45 2
580 699 12 6
580 700 25 6
580 725 17 6
580 755 3 1
580 760 49 5
580 761 3 3
580 770 31 7
580 775 19 3
580 780 10 2
580 782 14 8
580 808 37 6
580 812 1 2
580 846 33 1
580 874 48 6
580 903 36 9
580 931 9 2
580 945 26 9
580 950 17 3
580 953 4 10
580 975 48 7
580 976 26 5
580 1001 50 2
580 1003 26 1
580 1030 45 9
580 1035 31 5
580 1037 12 8
580 1060 28 3
580 1064 35 5
580 1085 32 4
580 1089 7 3
580 1111 12 1
580 1115 17 3
580 1140 31 2
580 1142 41 3
580 1159 37 1
580 1162 40 5
580 1195 42 3
581 609 18 2
582 1028 5 5
583 929 45 2
585 586 31 3
585 587 23 5
585 588 49 1
585 589 23 9
585 590 14 6
585 591 19 7
585 592 41 6
585 593 24 7
585 599 32 8
585 621 40 10
585 622 22 1
585 655 38 3
585 660 6 9
585 680 35 5
585 681 9 2
585 728 30 3
585 755 33 6
585 760 47 6
585 770 48 5
585 775 25 10
585 809 4 1
585 846 20 9
585 849 13 5
585 872 25 3
585 873 44 8
585 904 21 10
585 945 27 5
585 953 27 8
585 954 38 5
585 1030 18 8
585 1039 41 1
585 1064 17 4
585 1086 8 3
585 1110 23 3
585 1140 34 7
585 1156 43 2
586 594 49 8
586 598 37 10
586 655 43 8
586 660 41 3
586 666 48 8
586 667 15 7
586 696 49 2
586 697 10 10
586 729 35 7
586 755 27 2
586 775 14 9
586 781 34 5
586 782 14 2
586 808 29 1
586 905 44 1
586 931 15 8
586 932 40 10
586 945 6 5
586 978 47 9
586 979 18 10
586 1002 20 10
586 1003 43 4
586 1030 49 5
586 1038 26 1
586 1062 23 6
586 1089 33 9
586 1113 35 3
586 1142 8 7
586 1157 24 10
586 1195 17 2
588 668 34 3
589 857 15 1
589 1059 19 7
589 1094 26 7
590 862 37 2
591 1194 19 3
595 596 14 7
595 597 30 4
595 598 9 7
595 599 2 10
595 600 16 8
595 601 50 3
595 602 49 1
595 603 13 7
595 604 44 4
595 605 49 8
595 695 10 2
595 761 27 3
595 781 23 7
595 809 31 10
595 872 26 7
595 932 23 9
595 1030 11 1
595 1112 44 8
595 1195 6 7
596 597 32 1
596 598 9 4
596 599 12 8
596 606 30 3
596 607 30 6
596 608 9 9
596 609 20 7
596 610 27 1
596 611 35 3
596 612 44 7
596 613 23 5
596 621 39 8
596 655 10 4
596 660 31 3
596 667 41 1
596 681 46 7
596 770 24 8
596 846 1 3
596 1061 10 10
596 1110 26 4
596 1162 23 2
596 1195 2 3
597 598 19 8
597 599 31 5
597 614 24 3
597 615 42 6
597 616 48 7
597 660 8 1
597 682 35 10
597 760 8 4
597 770 3 3
597 775 3 4
597 904 6 2
597 932 46 8
597 945 28 5
597 978 16 3
597 1002 12 2
597 1035 39 2
597 1088 40 2
597 1141 34 9
598 599 21 6
598 617 50 3
598 655 33 2
598 755 2 10
598 780 3 5
598 848 1 5
598 945 19 5
598 977 26 7
598 1087 49 6
598 1156 9 5
599 618 11 5
599 619 37 7
599 620 11 4
599 665 3 10
599 697 33 3
599 728 17 7
599 730 6 6
599 755 40 8
599 805 6 10
599 901 10 3
599 953 42 10
599 954 38 6
599 1000 44 7
599 1039 17 2
599 1063 26 5
599 1142 10 8
600 752 31 8
601 908 18 9
605 842 15 7
606 1019 11 9
606 1136 24 6
607 861 32 7
607 1095 37 10
607 1187 45 2
608 892 31 6
608 1191 5 6
610 683 6 1
610 798 33 6
611 1081 7 6
612 883 47 5
612 1176 5 2
614 643 6 9
617 768 50 4
617 1021 38 10
620 621 20 4
620 622 26 8
620 623 42 10
620 624 40 6
620 625 42 4
620 626 44 10
620 627 16 3
620 628 35 4
620 629 29 1
620 630 20 5
620 631 24 1
620 632 15 10
620 655 34 6
620 696 50 3
620 775 4 9
620 903 45 1
620 1030 6 2
620 1142 14 6
620 1195 28 2
621 622 33 9
621 623 22 10
621 624 19 5
621 625 40 5
621 626 43 3
621 633 15 9
621 634 4 7
621 635 34 4
621 636 30 10
621 660 18 4
621 681 27 10
621 770 22 3
621 812 43 7
621 847 17 1
621 978 29 6
621 1085 32 9
621 1158 37 7
622 623 4 10
622 624 30 9
622 625 25 8
622 626 46 9
622 637 11 10
622 638 18 4
622 639 2 7
622 640 18 6
622 641 35 7
622 642 15 4
622 643 15 7
622 655 22 6
622 665 8 6
622 698 48 2
622 728 24 9
622 761 21 5
622 780 34 6
622 783 2 7
622 806 28 1
622 930 8 9
622 1002 27 8
622 1063 10 3
622 1112 14 1
623 624 12 3
623 625 13 1
623 626 33 4
623 644 32 8
623 645 8 6
623 681 46 3
623 729 7 2
623 755 34 9
623 775 37 8
623 875 17 6
623 945 27 8
623 950 8 10
623 976 47 8
623 1036 36 5
623 1161 42 4
624 625 15 7
624 626 50 2
624 646 14 9
624 667 12 2
624 845 50 1
624 873 37 3
624 1030 46 7
624 1036 22 3
625 626 5 7
625 647 43 7
625 660 22 4
625 930 37 5
625 945 2 9
625 953 23 9
625 1063 18 2
625 1112 47 9
626 648 20 1
626 649 7 2
626 650 19 4
626 651 37 7
626 652 40 6
626 653 32 5
626 654 9 2
626 755 35 9
626 770 25 2
626 903 23 8
626 1003 50 2
626 1086 35 5
626 1142 33 8
626 1195 15 6
629 1045 42 3
630 898 13 6
632 1180 27 8
633 821 48 3
635 869 45 9
636 1056 27 10
638 702 10 6
638 993 19 1
640 1024 23 4
641 836 17 6
642 1119 3 7
644 948 41 3
644 1181 27 6
645 647 7 3
645 1092 41 7
646 1179 22 10
650 691 15 7
650 824 47 1
650 1083 39 4
655 656 7 3
655 657 47 4
655 658 45 1
655 659 46 5
655 660 46 6
655 665 5 8
655 666 48 1
655 681 5 8
655 682 29 6
655 698 44 9
655 699 45 9
655 727 24 2
655 728 27 2
655 755 13 4
655 760 22 2
655 770 48 7
655 775 16 2
655 780 15 1
655 781 42 7
655 808 32 6
655 812 9 1
655 846 47 1
655 872 2 8
655 875 11 5
655 903 41 10
655 930 36 3
655 932 35 7
655 945 44 2
655 951 15 3
655 952 34 7
655 976 9 10
655 977 16 3
655 1003 21 4
655 1005 45 3
655 1030 7 3
655 1035 29 8
655 1062 3 5
655 1087 10 6
655 1089 34 6
655 1110 14 10
655 1111 38 3
655 1140 21 5
655 1142 48 3
655 1159 9 8
655 1162 6 5
655 1195 14 1
656 673 41 3
660 661 50 9
660 662 35 9
660 663 25 1
660 664 6 6
660 667 43 3
660 682 30 2
660 695 5 7
660 696 34 6
660 727 26 4
660 755 44 7
660 760 29 6
660 761 41 3
660 770 47 9
660 775 5 4
660 782 43 9
660 784 23 1
660 809 40 2
660 812 39 4
660 845 18 6
660 849 23 10
660 870 15 8
660 874 15 9
660 900 42 9
660 903 4 8
660 930 33 4
660 931 11 4
660 945 34 1
660 951 43 6
660 952 38 4
660 978 47 10
660 979 14 6
660 1000 15 7
660 1004 15 6
660 1030 16 7
660 1038 18 4
660 1039 45 10
660 1060 8 10
660 1064 39 1
660 1087 14 6
660 1089 45 1
660 1115 40 3
660 1140 18 7
660 1141 35 7
660 1156 21 8
660 1157 27 7
660 1195 26 7
662 957 39 4
663 759 44 10
665 666 44 2
665 667 27 7
665 668 5 8
665 669 44 2
665 670 44 4
665 681 34 1
665 695 48 7
665 727 33 5
665 728 20 8
665 761 31 9
665 770 9 8
665 775 10 6
665 903 15 7
665 905 29 2
665 951 36 2
665 978 41 6
666 667 7 7
666 671 47 9
666 672 17 8
666 673 37 1
666 674 25 1
666 675 19 9
666 755 5 4
666 770 36 4
666 775 14 2
666 784 9 3
666 809 37 9
666 847 18 8
666 874 30 1
666 931 26 2
666 945 22 9
666 952 45 3
666 979 11 5
666 1000 9 9
666 1036 27 2
666 1061 14 7
666 1141 44 4
666 1195 30 9
667 676 48 6
667 677 27 8
667 678 30 8
667 679 20 5
667 680 4 6
667 695 11 2
667 806 35 7
667 845 29 6
667 870 15 5
667 930 20 8
667 1001 4 6
667 1030 8 2
667 1063 9 2
667 1086 26 10
667 1088 4 8
667 1110 13 5
667 1113 15 3
667 1142 27 7
667 1159 9 4
670 996 26 2
677 715 26 8
680 681 35 1
680 682 10 10
680 683 6 8
680 726 47 10
680 755 12 8
680 761 10 6
680 770 22 7
680 784 21 4
680 945 32 7
680 953 20 7
680 976 49 3
680 1002 26 5
680 1039 48 6
680 1086 41 4
680 1162 8 4
681 682 39 3
681 684 42 5
681 685 44 8
681 686 26 8
681 687 4 10
681 695 16 6
681 726 19 10
681 755 27 9
681 775 24 3
681 806 22 2
681 811 40 9
681 901 45 2
681 1030 32 3
681 1039 47 8
681 1060 39 1
681 1064 14 1
681 1087 45 10
681 1110 4 4
681 1141 20 2
681 1160 46 5
681 1195 4 6
682 688 17 5
682 689 8 9
682 690 18 10
682 691 43 8
682 692 46 6
682 693 28 7
682 694 5 4
682 699 37 2
682 760 48 3
682 770 13 9
682 775 29 10
682 782 16 6
682 847 29 4
682 871 9 8
682 873 46 5
682 902 6 4
682 932 6 6
682 945 11 5
682 953 2 6
682 977 41 5
682 1003 28 9
682 1030 22 3
682 1112 11 8
682 1142 2 7
688 750 7 5
689 722 5 5
690 963 6 4
692 1015 44 4
695 696 33 10
695 697 4 2
695 698 39 2
695 699 4 3
695 700 39 2
695 701 11 1
695 702 20 1
695 703 32 7
695 704 5 8
695 705 38 8
695 706 44 10
695 730 33 3
695 761 39 3
695 846 44 9
695 903 4 7
695 1086 27 8
695 1087 48 7
695 1142 21 1
696 697 11 3
696 698 2 3
696 699 9 7
696 700 24 4
696 707 14 7
696 775 39 1
696 871 37 7
696 931 12 3
696 932 1 3
696 945 5 4
696 977 48 9
696 1141 4 2
697 698 38 5
697 699 9 3
697 700 2 1
697 708 20 9
697 709 43 1
697 710 46 5
697 711 27 3
697 755 8 8
697 770 36 7
697 808 23 3
697 1003 44 4
698 699 15 1
698 700 27 6
698 712 3 5
698 713 46 6
698 714 8 4
698 715 13 2
698 716 29 10
698 717 23 3
698 727 35 3
698 805 4 4
698 951 37 4
698 1030 34 6
698 1114 26 1
698 1195 31 7
699 700 34 5
699 718 40 9
699 719 26 2
699 720 44 5
699 721 17 6
699 755 42 4
699 761 43 3
699 770 24 6
699 784 43 4
699 848 3 9
699 870 28 10
699 945 46 5
699 1037 47 9
699 1039 41 8
699 1061 34 10
699 1157 36 4
699 1160 20 6
700 722 19 4
700 723 12 6
700 724 44 3
700 775 19 1
700 784 9 8
700 905 18 10
700 951 16 6
700 1001 29 5
700 1060 13 5
700 1111 33 3
700 1195 6 4
703 818 13 1
703 853 41 8
705 1031 10 1
707 895 7 6
708 738 50 10
708 1117 18 3
710 1023 20 7
711 895 20 2
715 984 4 9
718 998 39 2
718 1056 41 9
719 1101 40 8
720 865 49 7
721 972 43 4
723 772 39 2
724 974 26 6
725 726 18 1
725 727 14 6
725 728 29 1
725 729 24 1
725 730 15 10
725 731 40 4
725 732 50 3
725 733 27 8
725 734 41 5
725 735 15 3
725 736 31 7
725 761 11 5
725 874 18 4
725 1030 21 8
725 1085 13 6
725 1142 18 9
725 1195 18 7
726 727 17 1
726 728 10 4
726 729 9 3
726 730 20 2
726 737 23 6
726 738 44 7
726 739 31 10
726 740 7 3
726 770 43 5
726 775 20 7
726 848 9 6
726 975 3 5
726 1030 37 3
726 1036 38 9
726 1063 18 7
726 1114 40 9
726 1158 50 1
727 728 48 5
727 729 44 5
727 730 41 7
727 741 46 4
727 775 42 7
727 805 11 3
727 848 45 6
727 874 3 2
727 930 31 9
727 945 41 3
727 953 19 9
727 1195 35 5
728 729 47 4
728 730 47 7
728 742 17 3
728 743 36 10
728 744 32 10
728 745 46 4
728 901 40 10
728 1035 37 8
728 1088 36 5
728 1115 28 5
728 1140 50 8
728 1157 50 5
729 730 34 4
729 746 13 9
729 747 5 3
729 748 26 6
729 749 48 2
729 750 38 10
729 755 40 7
729 770 11 3
729 780 26 2
729 783 9 8
729 805 14 8
729 903 48 2
729 1003 21 9
729 1004 47 7
730 751 25 4
730 752 11 7
730 753 26 7
730 754 14 3
730 755 23 5
730 760 30 7
730 930 15 7
730 945 40 5
730 950 1 6
730 977 6 9
730 1064 5 9
733 1018 12 3
733 1101 32 7
733 1197 10 2
739 788 41 8
740 1055 36 2
743 1010 24 3
748 1123 47 8
749 796 9 3
751 1070 43 8
754 866 19 9
754 1163 37 6
755 756 17 1
755 757 28 7
755 758 9 10
755 759 43 3
755 760 5 6
755 761 27 6
755 770 12 4
755 775 34 6
755 782 37 7
755 783 4 1
755 805 32 9
755 806 40 3
755 845 26 1
755 849 6 10
755 874 34 1
755 875 44 10
755 900 16 6
755 902 23 5
755 930 24 2
755 932 32 10
755 945 10 5
755 950 30 7
755 951 2 1
755 975 4 9
755 978 50 10
755 1004 7 8
755 1005 30 5
755 1030 3 8
755 1035 18 5
755 1036 43 3
755 1060 17 8
755 1064 40 8
755 1085 20 8
755 1088 12 5
755 1112 18 2
755 1113 18 10
755 1142 22 10
755 1155 5 8
755 1159 46 2
755 1195 50 8
757 1107 10 3
759 955 35 4
760 761 6 2
760 762 7 3
760 763 44 9
760 764 29 6
760 765 20 4
760 770 39 6
760 775 17 10
760 805 35 1
760 811 9 4
760 846 7 4
760 849 7 7
760 874 39 9
760 930 47 10
760 931 31 8
760 945 30 1
760 951 3 6
760 976 18 3
760 977 21 1
760 1030 42 6
760 1060 14 6
760 1085 25 1
760 1086 50 7
760 1113 46 1
760 1140 34 3
760 1142 40 4
760 1159 15 8
760 1195 33 1
761 766 33 1
761 767 41 4
761 768 4 4
761 769 25 2
761 770 10 1
761 775 38 6
761 782 46 4
761 783 43 5
761 871 23 1
761 901 13 8
761 905 27 7
761 945 18 2
761 952 45 2
761 1003 7 9
761 1005 49 10
761 1035 43 2
761 1039 23 3
761 1062 14 5
761 1114 7 10
761 1157 4 1
761 1195 41 1
762 790 48 2
764 1022 32 8
770 771 15 3
770 772 6 3
770 773 43 8
770 774 21 1
770 775 19 6
770 783 14 6
770 808 38 4
770 812 4 7
770 845 35 4
770 846 50 9
770 870 12 8
770 874 2 7
770 903 43 6
770 905 17 6
770 932 10 3
770 945 14 6
770 952 47 6
770 953 18 10
770 978 9 9
770 1001 25 10
770 1004 2 8
770 1030 9 2
770 1035 20 7
770 1039 9 3
770 1063 45 3
770 1085 38 3
770 1087 50 6
770 1111 26 9
770 1112 15 1
770 1141 49 6
770 1156 7 7
770 1160 29 10
770 1195 35 6
775 776 27 10
775 777 42 1
775 778 30 3
775 779 10 9
775 783 37 9
775 784 22 2
775 806 33 10
775 811 35 4
775 845 35 2
775 849 47 10
775 871 43 10
775 873 35 7
775 902 3 8
775 931 8 2
775 945 1 9
775 950 15 8
775 951 2 5
775 977 43 4
775 979 36 1
775 1004 23 1
775 1030 24 7
775 1038 8 3
775 1039 18 8
775 1062 11 10
775 1085 14 10
775 1087 35 8
775 1111 9 9
775 1113 21 3
775 1141 42 8
775 1159 40 4
775 1160 4 3
775 1195 34 1
776 959 15 5
777 1047 46 9
778 1091 20 3
778 1188 30 9
780 781 40 7
780 782 19 4
780 783 8 7
780 784 48 5
780 785 17 10
780 786 14 3
780 787 29 5
780 788 43 4
780 789 37 8
780 790 50 7
780 791 14 6
780 870 13 6
780 978 31 3
780 1030 26 3
780 1063 29 3
780 1087 4 7
780 1142 26 1
780 1155 16 5
781 782 27 6
781 783 2 1
781 784 46 6
781 792 9 3
781 875 17 2
781 902 46 8
781 932 32 4
781 952 47 10
781 1000 33 2
781 1035 12 5
781 1036 30 7
781 1064 2 1
781 1112 11 6
782 783 35 7
782 784 15 1
782 793 27 2
782 794 23 10
782 795 33 5
782 809 19 5
782 845 27 7
782 931 45 6
782 945 7 5
782 979 48 5
782 1001 5 7
782 1085 32 6
782 1113 16 6
782 1157 31 4
782 1195 14 10
783 784 2 5
783 796 46 9
783 797 33 8
783 798 45 1
783 799 1 10
783 800 10 1
783 806 20 9
783 1030 31 5
784 801 22 6
784 802 34 5
784 803 50 5
784 804 48 1
784 847 23 2
784 904 49 2
784 945 31 2
784 954 5 7
784 1142 5 1
787 853 25 5
787 869 50 9
789 868 43 1
793 1146 20 5
795 1010 18 9
796 853 4 5
799 837 10 6
799 1069 29 6
799 1185 42 3
800 1051 45 7
802 1138 38 9
805 806 8 4
805 807 50 6
805 808 30 10
805 809 34 2
805 810 34 1
805 811 13 4
805 812 50 4
805 813 30 10
805 1113 14 4
805 1158 11 3
805 1195 1 2
806 807 40 10
806 808 30 1
806 809 34 9
806 810 20 7
806 811 1 5
806 812 24 2
806 814 22 3
806 815 43 1
806 816 18 1
806 817 42 10
806 818 50 5
806 945 12 5
806 953 3 5
806 1141 17 8
807 808 21 6
807 809 33 6
807 810 12 9
807 811 10 8
807 812 22 10
807 819 8 10
807 820 13 4
807 821 27 4
807 822 40 2
807 823 19 2
807 824 10 1
807 825 30 2
807 845 4 3
807 901 2 9
807 902 29 3
807 1061 24 6
808 809 44 4
808 810 27 9
808 811 25 8
808 812 10 3
808 826 2 3
808 827 40 2
808 828 3 8
808 829 41 10
808 830 19 2
808 831 17 4
808 846 4 8
808 976 21 10
808 1156 38 5
809 810 38 7
809 811 15 8
809 812 8 4
809 832 24 2
809 833 49 5
809 874 34 7
809 1000 36 8
810 811 33 10
810 812 33 10
810 834 31 7
810 835 30 9
810 836 16 7
810 837 31 10
810 945 32 1
810 1003 41 8
810 1036 38 9
810 1037 9 10
810 1060 50 1
810 1115 21 4
810 1141 49 5
810 1195 22 1
811 812 25 10
811 838 45 6
811 839 14 1
811 873 25 4
811 931 11 7
811 954 47 10
811 1089 19 5
812 840 42 10
812 841 2 5
812 842 7 3
812 843 48 2
812 844 5 4
812 931 16 7
812 975 3 3
812 1030 23 9
812 1089 14 7
817 828 37 6
821 982 19 7
829 1028 20 3
840 1149 23 5
841 1146 43 6
843 912 1 3
843 1025 24 3
845 846 17 9
845 847 3 3
845 848 36 1
845 849 44 6
845 850 47 7
845 851 8 8
845 852 48 5
845 853 15 10
845 945 11 3
845 953 9 5
845 976 32 9
845 1002 26 1
845 1039 6 4
845 1063 47 9
845 1089 4 8
845 1195 33 6
846 847 36 6
846 848 21 6
846 849 39 9
846 854 44 10
846 855 38 7
846 856 42 5
846 857 14 8
846 858 33 8
846 875 15 9
846 931 18 3
846 1002 33 10
846 1037 14 10
846 1061 47 2
846 1141 5 3
847 848 2 8
847 849 22 8
847 859 15 4
847 860 34 6
847 861 39 7
847 872 36 9
847 952 19 10
847 1088 37 9
847 1159 49 1
848 849 18 5
848 862 2 6
848 863 37 6
848 864 2 7
848 865 31 6
848 866 45 4
848 867 6 10
848 903 3 6
848 905 22 2
848 979 49 2
848 1030 28 2
848 1110 12 10
849 868 46 5
849 869 4 4
849 931 19 5
849 1030 21 2
849 1114 34 1
849 1141 4 5
849 1159 27 3
851 946 30 2
851 1092 19 8
859 973 50 5
865 934 1 10
865 1104 24 3
867 1016 6 2
868 1191 46 7
870 871 48 9
870 872 17 10
870 873 49 1
870 874 13 10
870 875 14 1
870 876 27 5
870 877 17 3
870 878 23 2
870 978 39 7
870 1005 35 3
870 1157 48 3
870 1195 50 3
871 872 38 8
871 873 35 5
871 874 7 5
871 875 4 6
871 879 8 10
871 880 44 6
871 881 10 1
871 882 29 7
871 945 13 2
872 873 34 8
872 874 41 4
872 875 39 10
872 883 2 1
872 905 10 8
872 930 1 5
872 952 5 5
872 1064 23 10
872 1140 10 2
873 874 50 6
873 875 28 9
873 884 35 3
873 885 34 3
873 886 27 10
873 887 11 5
873 888 4 8
873 975 46 8
873 1038 5 1
873 1039 25 7
873 1088 29 3
873 1141 29 4
874 875 39 5
874 889 37 9
874 890 19 10
874 891 21 1
874 892 8 3
874 893 11 9
874 945 2 3
874 953 41 2
874 1064 8 9
874 1113 4 4
874 1157 45 6
874 1195 24 7
875 894 46 9
875 895 38 4
875 896 34 4
875 897 2 8
875 898 31 7
875 899 38 9
875 905 1 4
875 1004 27 2
875 1030 9 2
875 1088 43 5
881 893 6 3
881 1132 11 2
881 1192 37 7
882 888 22 8
888 1149 24 7
897 955 25 2
898 1106 9 9
900 901 31 2
900 902 29 2
900 903 19 3
900 904 34 7
900 905 38 4
900 906 9 2
900 907 20 3
900 908 26 10
900 909 37 9
900 975 45 9
900 1002 48 8
900 1030 26 9
900 1036 8 5
900 1115 44 8
900 1160 35 7
901 902 7 10
901 903 49 5
901 904 4 4
901 905 18 7
901 910 17 9
901 911 33 4
901 912 47 6
901 913 38 10
901 914 11 4
901 915 40 6
901 931 16 5
901 954 24 4
901 1037 17 9
902 903 9 7
902 904 48 6
902 905 39 9
902 916 45 9
902 917 9 5
902 1063 37 2
902 1114 27 1
902 1195 50 3
903 904 15 7
903 905 50 6
903 918 45 3
903 919 7 1
903 920 40 3
903 921 9 9
903 922 1 5
903 923 43 3
904 905 14 7
904 924 20 3
904 925 10 7
904 926 48 2
904 927 22 9
904 931 50 1
904 945 9 5
904 1087 43 3
904 1157 35 9
905 928 40 8
905 929 4 1
905 945 27 9
905 952 12 7
905 979 12 8
905 1000 15 2
905 1064 17 3
905 1089 49 4
905 1141 47 9
905 1142 13 2
905 1195 31 5
909 1078 31 4
915 941 16 5
918 1116 28 10
923 1168 43 6
926 929 16 2
930 931 15 4
930 932 42 3
930 933 14 5
930 934 14 6
930 935 40 9
930 936 5 4
930 937 38 9
930 945 43 1
930 952 13 8
930 954 12 3
930 977 50 9
930 978 39 2
930 1001 13 5
930 1030 25 8
930 1035 33 8
930 1060 38 7
930 1061 50 4
930 1195 30 5
931 932 10 2
931 938 44 10
931 939 26 5
931 1000 9 10
931 1035 44 8
931 1114 1 6
931 1115 33 1
931 1155 30 2
931 1195 29 7
932 940 35 4
932 941 45 10
932 942 17 1
932 943 3 2
932 944 17 2
932 1088 40 2
932 1141 32 1
932 1142 48 5
932 1157 31 7
935 1040 50 8
936 1066 17 5
937 1022 11 3
943 1078 23 5
945 946 31 7
945 947 25 9
945 948 2 5
945 949 33 10
945 951 1 5
945 954 1 8
945 975 41 8
945 979 12 1
945 1004 2 10
945 1005 3 3
945 1030 16 6
945 1039 5 1
945 1061 2 1
945 1063 7 10
945 1087 4 2
945 1111 39 10
945 1112 30 2
945 1140 42 5
945 1155 35 4
945 1195 31 10
946 1123 18 6
948 1126 13 9
949 1095 43 9
950 951 41 3
950 952 7 3
950 953 11 6
950 954 27 7
950 955 23 2
950 956 44 10
950 977 43 3
950 1005 20 3
950 1036 32 4
950 1086 23 2
951 952 8 8
951 953 29 1
951 954 27 1
951 957 10 1
951 958 9 1
951 959 23 2
951 960 35 2
951 961 33 4
951 962 41 2
951 1030 8 10
951 1037 20 1
951 1063 5 4
951 1142 28 6
951 1157 19 8
952 953 2 5
952 954 37 1
952 963 48 10
952 964 28 10
952 978 28 7
952 1085 37 8
952 1110 11 9
952 1195 12 3
953 954 11 7
953 965 43 7
953 966 2 3
953 967 38 5
953 1004 17 1
953 1030 23 6
953 1141 7 1
954 968 48 2
954 969 38 4
954 970 30 6
954 971 22 2
954 972 36 9
954 973 17 9
954 974 28 7
954 1061 22 10
954 1115 8 1
954 1162 4 8
954 1195 14 5
956 1171 39 10
959 1137 35 1
963 1010 4 1
968 1056 22 2
975 976 48 10
975 977 5 3
975 978 48 8
975 979 4 5
975 980 7 2
975 981 38 9
975 982 17 5
975 1039 3 8
975 1063 45 9
975 1089 47 5
975 1159 44 5
976 977 47 8
976 978 25 5
976 979 16 2
976 983 34 2
976 984 45 3
976 985 36 4
976 986 43 6
976 987 22 5
976 988 7 1
976 989 19 1
976 990 18 9
976 1030 42 2
977 978 13 4
977 979 47 2
977 991 36 9
977 992 2 3
977 993 29 8
977 994 21 4
977 1000 30 1
977 1036 35 7
977 1060 48 10
977 1113 17 2
977 1195 1 5
978 979 16 10
978 995 17 5
978 996 43 9
978 1030 23 4
978 1140 3 4
979 997 26 10
979 998 11 6
979 999 14 9
979 1003 4 3
979 1086 15 4
979 1114 34 10
979 1140 21 1
979 1161 26 4
979 1195 43 9
993 1190 28 7
998 1071 33 3
1000 1001 15 7
1000 1002 6 4
1000 1003 36 6
1000 1004 21 2
1000 1005 33 7
1000 1006 28 10
1000 1007 49 1
1000 1008 22 4
1000 1009 17 6
1000 1036 26 8
1000 1195 39 10
1001 1002 22 10
1001 1003 2 1
1001 1004 25 5
1001 1005 22 2
1001 1010 8 4
1001 1011 44 3
1001 1012 50 6
1001 1013 27 4
1001 1014 34 6
1001 1015 50 8
1001 1016 14 6
1001 1030 49 5
1001 1140 15 4
1002 1003 47 7
1002 1004 42 6
1002 1005 35 1
1002 1017 17 8
1002 1036 25 4
1002 1064 1 3
1002 1142 18 4
1002 1158 41 7
1003 1004 48 5
1003 1005 34 2
1003 1018 14 1
1003 1030 22 1
1003 1062 10 7
1003 1111 18 5
1003 1112 46 10
1003 1161 11 2
1004 1005 36 1
1004 1019 32 8
1004 1020 35 10
1004 1021 4 3
1004 1022 5 7
1004 1023 48 7
1004 1024 10 4
1004 1025 44 10
1004 1085 22 9
1004 1195 49 10
1005 1026 42 4
1005 1027 22 1
1005 1028 34 1
1005 1029 1 7
1005 1087 32 2
1017 1128 3 1
1030 1031 14 5
1030 1032 26 5
1030 1033 45 4
1030 1034 38 3
1030 1035 16 10
1030 1036 11 3
1030 1063 26 6
1030 1064 40 6
1030 1087 37 10
1030 1110 17 6
1030 1115 48 8
1030 1140 11 4
1030 1142 24 8
1030 1156 20 2
1030 1160 6 2
1030 1195 6 8
1032 1124 20 6
1035 1036 12 10
1035 1037 48 2
1035 1038 7 8
1035 1039 50 5
1035 1040 17 3
1035 1041 2 6
1035 1088 25 9
1035 1140 47 9
1036 1037 48 6
1036 1038 2 5
1036 1039 29 2
1036 1042 46 6
1036 1043 6 3
1036 1044 8 7
1036 1045 6 10
1036 1046 8 4
1036 1047 17 3
1036 1048 3 7
1036 1060 31 3
1036 1085 1 2
1036 1111 46 2
1036 1161 14 2
1037 1038 43 2
1037 1039 1 3
1037 1049 8 7
1037 1159 17 7
1038 1039 40 4
1038 1050 1 1
1038 1051 6 10
1038 1052 39 7
1038 1053 35 1
1038 1054 32 2
1038 1063 20 1
1038 1110 4 9
1038 1195 46 4
1039 1055 41 9
1039 1056 2 1
1039 1057 18 2
1039 1058 50 2
1039 1059 29 9
1039 1141 13 9
1039 1195 47 6
1043 1108 3 3
1060 1061 11 4
1060 1062 47 6
1060 1063 3 6
1060 1064 41 2
1060 1065 1 7
1060 1066 27 8
1060 1067 50 7
1060 1068 46 6
1060 1069 12 5
1060 1070 21 2
1060 1071 3 1
1060 1072 31 4
1060 1088 44 2
1060 1112 43 8
1060 1161 15 4
1061 1062 7 1
1061 1063 15 10
1061 1064 28 6
1061 1073 22 8
1061 1074 15 3
1061 1075 32 9
1061 1112 23 7
1061 1195 37 9
1062 1063 18 7
1062 1064 34 8
1062 1076 10 4
1062 1077 4 1
1062 1078 48 3
1062 1079 4 1
1062 1142 16 5
1062 1195 13 9
1063 1064 7 3
1063 1080 46 6
1063 1081 42 10
1063 1086 4 5
1063 1141 2 8
1063 1155 21 5
1064 1082 26 2
1064 1083 8 10
1064 1084 9 7
1066 1166 25 7
1067 1091 30 8
1069 1183 4 4
1070 1124 48 10
1072 1095 35 1
1075 1106 31 10
1085 1086 18 5
1085 1087 42 10
1085 1088 8 1
1085 1089 32 1
1085 1090 4 9
1085 1091 22 4
1085 1115 43 7
1085 1142 5 8
1085 1162 1 9
1086 1087 33 2
1086 1088 39 6
1086 1089 26 1
1086 1092 11 4
1086 1093 29 3
1086 1094 46 7
1086 1095 40 4
1086 1096 1 5
1086 1195 4 10
1087 1088 24 4
1087 1089 17 9
1087 1097 34 2
1087 1098 2 8
1087 1099 14 4
1087 1100 29 10
1087 1101 26 4
1087 1102 10 6
1087 1142 19 5
1088 1089 16 9
1088 1103 27 10
1088 1104 29 5
1088 1105 17 6
1088 1106 35 10
1088 1107 11 8
1088 1108 14 2
1088 1115 49 5
1088 1156 4 7
1089 1109 35 6
1089 1195 11 10
1096 1118 17 3
1096 1134 48 3
1105 1199 48 3
1110 1111 36 7
1110 1112 38 3
1110 1113 12 9
1110 1114 21 2
1110 1115 38 1
1110 1116 22 3
1110 1117 39 4
1110 1118 9 3
1110 1119 22 5
1110 1120 23 2
1110 1121 13 2
1111 1112 38 2
1111 1113 45 1
1111 1114 34 3
1111 1115 24 10
1111 1122 27 5
1111 1123 50 7
1111 1124 4 3
1111 1161 23 1
1112 1113 3 6
1112 1114 28 4
1112 1115 46 5
1112 1125 21 2
1112 1126 8 2
1112 1127 34 7
1112 1128 45 2
1112 1129 21 1
1112 1130 28 7
1112 1140 9 10
1112 1195 20 8
1113 1114 17 4
1113 1115 13 2
1113 1131 39 3
1113 1132 18 9
1113 1140 22 10
1114 1115 14 5
1114 1133 8 5
1114 1134 17 1
1114 1135 8 1
1114 1136 9 6
1114 1155 31 8
1115 1137 48 5
1115 1138 28 10
1115 1139 35 2
1123 1143 16 10
1134 1164 34 3
1140 1141 23 2
1140 1142 40 4
1140 1143 9 7
1140 1195 2 1
1141 1142 31 9
1141 1144 16 6
1141 1145 17 7
1141 1146 27 4
1141 1147 13 3
1141 1148 38 9
1141 1149 31 4
1141 1150 16 4
1141 1160 29 3
1141 1161 12 5
1142 1151 43 5
1142 1152 35 6
1142 1153 13 1
1142 1154 18 8
1154 1170 39 2
1155 1156 50 2
1155 1157 43 3
1155 1158 18 5
1155 1159 24 1
1155 1160 4 9
1155 1161 42 7
1155 1162 2 5
1155 1163 43 2
1155 1164 14 4
1155 1165 44 8
1155 1166 7 1
1156 1157 43 10
1156 1158 11 1
1156 1159 36 6
1156 1160 44 6
1156 1161 38 7
1156 1162 25 2
1156 1167 29 2
1156 1168 7 6
1156 1169 39 10
1157 1158 38 6
1157 1159 44 10
1157 1160 48 6
1157 1161 23 7
1157 1162 7 8
1157 1170 1 7
1157 1171 16 9
1157 1172 41 8
1157 1173 24 4
1157 1174 24 5
1158 1159 7 8
1158 1160 22 1
1158 1161 4 1
1158 1162 16 10
1158 1175 46 9
1158 1176 6 5
1158 1177 25 3
1158 1178 7 3
1159 1160 30 10
1159 1161 22 2
1159 1162 14 10
1159 1179 46 10
1159 1180 13 4
1159 1181 18 2
1159 1182 47 10
1159 1195 47 7
1160 267 33 5
1160 1161 46 4
1160 1162 8 2
1160 1183 2 3
1160 1184 30 2
1160 1185 36 7
1161 1162 15 3
1161 1186 21 7
1161 1187 19 7
1161 1188 11 10
1161 1189 1 8
1161 1190 18 6
1161 1191 46 10
1161 1192 12 5
1162 1070 47 6
1162 1193 14 4
1162 1194 12 6
1162 1195 41 1
1195 1196 34 9
1195 1197 43 2
1195 1198 7 9
1195 1199 16 4

0 53 13
1 1066 57
2 128 12
3 71 32
4 768 29
5 449 56
6 272 16
7 372 23
8 961 20
9 382 20
10 957 34
11 712 92
12 429 17
13 1051 50
14 2 23
15 503 34
16 269 28
17 946 32
18 941 33
19 917 7
20 31 3
21 407 17
22 224 15
23 1186 11
24 12 32
25 280 14
26 928 24
27 299 46
28 466 69
29 416 31
30 1198 24
31 893 10
32 306 34
33 234 27
34 55 81
35 998 73
36 593 17
37 434 58
38 240 53
39 549 21
40 394 13
41 98 21
42 233 20
43 1182 37
44 243 13
45 441 22
46 731 24
47 155 6
48 276 30
49 1019 23
50 433 17
51 926 25
52 244 53
53 640 11
54 25 13
55 21 29
56 1184 15
57 558 33
58 644 26
59 334 14
60 830 6
61 886 19
62 690 16
63 408 16
64 837 20
65 316 36
66 767 20
67 827 46
68 633 37
69 1116 81
70 41 19
71 1077 20
72 494 11
73 824 47
74 964 7
75 913 44
76 776 21
77 33 26
78 799 57
79 358 14
80 371 19
81 69 18
82 765 53
83 373 27
84 440 3
85 890 22
86 72 25
87 127 49
88 111 21
89 217 35
90 753 11
91 65 20
92 333 19
93 68 15
94 607 87
95 398 43
96 279 41
97 766 22
98 899 17
99 129 37
100 95 22
101 777 32
102 544 57
103 335 18
104 735 4
105 289 27
106 792 29
107 171 17
108 1119 18
109 1176 5
110 104 15
111 246 25
112 490 113
113 970 19
114 1040 23
115 420 3
116 195 6
117 172 4
118 346 12
119 90 53
120 1127 31
121 1199 21
122 405 13
123 673 23
124 148 17
125 914 6
126 80 34
127 1128 14
128 439 17
129 687 10
130 1106 53
131 168 17
132 888 11
133 419 33
134 415 29
135 573 48
136 1170 37
137 603 5
138 672 27
139 1139 25
140 838 28
141 887 3
142 1034 26
143 27 34
144 710 44
145 110 5
146 942 5
147 798 30
148 658 24
149 194 46
150 87 15
151 613 14
152 1042 51
153 189 2
154 678 12
155 317 19
156 559 11
157 132 7
158 614 19
159 178 12
160 24 37
161 1190 28
162 550 16
163 431 14
164 1167 10
165 442 23
166 702 19
167 493 36
168 30 13
169 1018 16
170 197 21
171 990 40
172 757 23
173 1183 3
174 184 12
175 684 28
176 579 18
177 602 32
178 774 8
179 686 9
180 739 25
181 844 3
182 1169 15
183 694 2
184 315 17
185 1107 5
186 337 22
187 188 24
188 183 24
189 530 9
190 1137 26
191 1014 49
192 40 21
193 1120 12
194 515 11
195 54 15
196 709 30
197 944 36
198 707 24
199 1100 41
200 180 39
201 751 29
202 714 12
203 187 7
204 636 40
205 186 56
206 380 41
207 39 18
208 804 40
209 1144 5
210 1032 30
211 554 17
212 58 6
213 85 40
214 387 12
215 853 56
216 546 50
217 423 42
218 1047 49
219 120 20
220 109 14
221 701 19
222 916 17
223 929 23
224 274 29
225 879 5
226 609 14
227 557 34
228 910 10
229 138 16
230 839 10
231 258 17
232 216 56
233 706 18
234 37 26
235 911 27
236 1074 8
237 1011 18
238 29 9
239 202 15
240 249 24
241 790 64
242 1046 5
243 819 27
244 278 12
245 894 47
246 96 2
247 170 2
248 524 13
249 444 17
250 643 5
251 521 25
252 889 12
253 1059 28
254 1148 26
255 1099 6
256 763 19
257 1090 2
258 851 25
259 1006 9
260 1180 21
261 616 53
262 1132 13
263 858 11
264 963 21
265 797 14
266 345 20
267 156 23
268 1151 17
269 383 6
270 1044 4
271 814 14
272 150 15
273 648 40
274 1136 22
275 1171 40
276 1083 29
277 882 26
278 1053 17
279 1138 73
280 44 45
281 1094 34
282 744 19
283 1153 4
284 296 19
285 575 30
286 645 16
287 1092 42
288 793 27
289 1055 29
290 605 25
291 34 20
292 381 36
293 1131 19
294 336 19
295 854 22
296 330 12
297 583 54
298 16 22
299 1026 10
300 577 20
301 1079 1
302 218 9
303 646 28
304 453 2
305 355 40
306 284 73
307 740 17
308 934 4
309 703 63
310 215 45
311 1103 15
312 859 40
313 97 5
314 662 21
315 414 21
316 4 2
317 457 19
318 507 84
319 364 9
320 1147 6
321 103 28
322 828 17
323 1102 34
324 203 30
325 422 22
326 955 45
327 361 55
328 529 31
329 283 52
330 794 14
331 969 21
332 1013 44
333 860 11
334 1023 45
335 601 34
336 618 5
337 651 18
338 135 9
339 473 15
340 226 31
341 22 31
342 880 44
343 206 11
344 305 16
345 1181 20
346 711 17
347 791 5
348 635 32
349 772 31
350 519 32
351 679 21
352 1118 13
353 960 23
354 924 9
355 721 49
356 704 17
357 438 29
358 566 38
359 747 4
360 610 15
361 199 26
362 290 42
363 526 29
364 59 94
365 638 16
366 691 41
367 363 15
368 857 17
369 122 21
370 359 21
371 478 13
372 443 28
373 43 19
374 677 13
375 1146 41
376 94 12
377 868 32
378 322 34
379 207 10
380 402 23
381 606 48
382 831 8
383 514 32
384 1052 17
385 485 22
386 166 33
387 1124 70
388 487 19
389 220 15
390 386 5
391 343 20
392 527 5
393 153 22
394 1163 51
395 308 23
396 465 42
397 522 9
398 754 30
399 432 26
400 919 3
401 817 32
402 722 48
403 448 19
404 123 21
405 688 17
406 341 14
407 1021 26
408 891 16
409 650 73
410 940 20
411 1080 17
412 221 10
413 528 15
414 591 47
415 293 38
416 28 81
417 38 2
418 11 34
419 1043 4
420 534 43
421 424 32
422 228 46
423 1091 37
424 551 29
425 713 18
426 659 41
427 390 56
428 816 8
429 474 17
430 785 68
431 157 26
432 454 8
433 938 31
434 518 12
435 297 30
436 286 2
437 144 14
438 248 9
439 492 3
440 1149 108
441 1098 2
442 227 9
443 801 15
444 965 9
445 628 19
446 1084 3
447 836 45
448 1081 45
449 581 12
450 471 32
451 1135 4
452 540 44
453 121 40
454 657 18
455 661 25
456 759 64
457 136 18
458 1012 32
459 392 30
460 884 40
461 968 51
462 399 1
463 312 9
464 578 10
465 632 12
466 993 20
467 288 12
468 649 11
469 865 34
470 511 43
471 149 23
472 309 18
473 570 1
474 787 56
475 421 8
476 896 10
477 60 7
478 174 13
479 936 7
