1200 5273 480

0 25 200
1 50 500
2 75 800
3 100 1200
4 125 1700
5 150 2300
6 175 3000
7 200 3800
8 225 4600
9 250 5500

0 1500
1 1500
2 1500
3 1500
4 2000
5 1000
6 2000
7 1500
8 1500
9 2000
10 1500
11 2000
12 2000
13 1000
14 1000
15 1000
16 1500
17 2000
18 2000
19 1000
20 1500
21 1500
22 1500
23 1500
24 1000
25 1500
26 1000
27 1500
28 1000
29 2000
30 2000
31 1500
32 1000
33 2000
34 1500
35 2000
36 1000
37 2000
38 1500
39 2000
40 2000
41 1000
42 2000
43 2000
44 500
45 1500
46 1500
47 1500
48 2000
49 2000
50 1500
51 2000
52 2000
53 1000
54 1500
55 1000
56 2000
57 2000
58 1500
59 1000
60 1500
61 1500
62 2000
63 1500
64 2000
65 1500
66 1000
67 1500
68 1500
69 2000
70 1500
71 1500
72 1000
73 1000
74 2000
75 1500
76 1500
77 1500
78 1000
79 2000
80 1500
81 2000
82 1500
83 1500
84 1500
85 1500
86 2000
87 2000
88 2000
89 1000
90 1500
91 1500
92 1500
93 1500
94 1500
95 2000
96 1500
97 1500
98 2000
99 1000
100 2000
101 1500
102 2000
103 1500
104 2000
105 2000
106 2000
107 2000
108 2000
109 2000
110 1000
111 1000
112 1500
113 1500
114 2000
115 1500
116 1000
117 1500
118 1500
119 1500
120 2000
121 2000
122 2000
123 2000
124 1000
125 2000
126 1000
127 2000
128 1000
129 1500
130 1000
131 2000
132 1500
133 2000
134 1000
135 1000
136 2000
137 1500
138 2000
139 2000
140 1500
141 1500
142 1500
143 1000
144 1000
145 1000
146 1500
147 2000
148 1500
149 1500
150 2000
151 2000
152 2000
153 1000
154 1000
155 1500
156 2000
157 2000
158 1000
159 1500
160 1000
161 1500
162 1500
163 1500
164 1500
165 1500
166 1500
167 1500
168 1500
169 2000
170 2000
171 2000
172 2000
173 2000
174 1000
175 1000
176 2000
177 1000
178 2000
179 1500
180 1500
181 1500
182 2000
183 1000
184 1500
185 1000
186 1500
187 1000
188 2000
189 2000
190 1000
191 1500
192 1500
193 1500
194 1000
195 1500
196 2000
197 2000
198 2000
199 2000
200 2000
201 1000
202 2000
203 1000
204 2000
205 2000
206 1000
207 2000
208 2000
209 2000
210 2000
211 1500
212 500
213 1000
214 500
215 1500
216 1500
217 1000
218 2000
219 2000
220 1000
221 2000
222 2000
223 2000
224 2000
225 2000
226 2000
227 2000
228 1500
229 1500
230 1500
231 1500
232 1000
233 1500
234 2000
235 1000
236 2000
237 2000
238 2000
239 1000
240 2000
241 2000
242 1500
243 1500
244 1500
245 500
246 1500
247 2000
248 1500
249 1500
250 1000
251 1500
252 1500
253 1500
254 1500
255 1500
256 1500
257 1500
258 2000
259 2000
260 2000
261 1500
262 2000
263 1500
264 1500
265 2000
266 2000
267 1500
268 2000
269 2000
270 2000
271 2000
272 2000
273 2000
274 2000
275 2000
276 2000
277 1000
278 2000
279 1000
280 1000
281 1500
282 1500
283 500
284 500
285 1500
286 2000
287 1000
288 2000
289 1000
290 2000
291 1000
292 1500
293 1000
294 1000
295 1500
296 1000
297 1000
298 2000
299 1000
300 1500
301 1500
302 1500
303 1500
304 1500
305 1500
306 1000
307 2000
308 1500
309 2000
310 2000
311 1000
312 1000
313 2000
314 1000
315 1500
316 1000
317 2000
318 1000
319 1500
320 2000
321 2000
322 1500
323 1000
324 2000
325 2000
326 1000
327 2000
328 2000
329 1000
330 2000
331 1000
332 1000
333 1000
334 1500
335 1500
336 1000
337 2000
338 2000
339 2000
340 1500
341 1500
342 1500
343 1000
344 2000
345 2000
346 2000
347 2000
348 2000
349 2000
350 2000
351 1000
352 2000
353 2000
354 2000
355 1500
356 1500
357 1500
358 1500
359 2000
360 2000
361 2000
362 2000
363 1500
364 2000
365 2000
366 1000
367 1000
368 1500
369 2000
370 2000
371 2000
372 2000
373 1000
374 2000
375 1500
376 1500
377 1500
378 1500
379 1500
380 2000
381 1500
382 1000
383 2000
384 2000
385 1000
386 2000
387 2000
388 2000
389 1500
390 2000
391 2000
392 2000
393 2000
394 2000
395 1500
396 1500
397 2000
398 1500
399 1500
400 1500
401 1500
402 1500
403 1500
404 1500
405 1500
406 2000
407 2000
408 1000
409 2000
410 2000
411 2000
412 1500
413 2000
414 1000
415 2000
416 2000
417 1000
418 2000
419 1000
420 1500
421 1000
422 2000
423 2000
424 2000
425 1000
426 1500
427 1500
428 2000
429 2000
430 1500
431 1500
432 1000
433 1000
434 1500
435 1000
436 1500
437 2000
438 1000
439 2000
440 1500
441 1500
442 2000
443 2000
444 2000
445 2000
446 2000
447 1500
448 500
449 1500
450 1000
451 2000
452 2000
453 2000
454 2000
455 1500
456 1000
457 1500
458 1000
459 1000
460 1500
461 1500
462 1500
463 1500
464 2000
465 1000
466 1000
467 500
468 2000
469 2000
470 2000
471 2000
472 2000
473 2000
474 1000
475 1500
476 500
477 500
478 1500
479 1500
480 1000
481 1000
482 2000
483 1000
484 1000
485 2000
486 2000
487 1000
488 1000
489 2000
490 2000
491 2000
492 2000
493 1000
494 1000
495 2000
496 2000
497 1000
498 1000
499 1500
500 1500
501 1500
502 1500
503 1500
504 1000
505 1500
506 1500
507 2000
508 1500
509 2000
510 1000
511 1000
512 2000
513 1000
514 2000
515 1500
516 2000
517 2000
518 2000
519 1000
520 1000
521 1000
522 1500
523 500
524 1500
525 1500
526 1000
527 1000
528 2000
529 1500
530 1500
531 1500
532 1000
533 1000
534 2000
535 2000
536 2000
537 1000
538 1500
539 1500
540 1000
541 1000
542 2000
543 1500
544 500
545 1000
546 1500
547 500
548 1500
549 1500
550 1500
551 1500
552 2000
553 1500
554 2000
555 2000
556 1000
557 1500
558 2000
559 1000
560 1500
561 1500
562 1500
563 1500
564 1500
565 1500
566 2000
567 2000
568 1500
569 1000
570 1000
571 2000
572 2000
573 1000
574 2000
575 1000
576 2000
577 1500
578 1500
579 1000
580 1000
581 2000
582 2000
583 2000
584 2000
585 2000
586 1000
587 1500
588 2000
589 2000
590 1500
591 1500
592 1500
593 1500
594 1000
595 1500
596 2000
597 1000
598 2000
599 1500
600 2000
601 2000
602 2000
603 2000
604 1000
605 1500
606 2000
607 1000
608 2000
609 1500
610 2000
611 1500
612 500
613 500
614 1500
615 1000
616 2000
617 2000
618 1500
619 2000
620 1500
621 1000
622 1500
623 2000
624 2000
625 2000
626 2000
627 2000
628 1000
629 1500
630 1000
631 1000
632 1000
633 2000
634 1500
635 1500
636 2000
637 1000
638 2000
639 1000
640 1500
641 1500
642 1500
643 2000
644 1000
645 2000
646 1000
647 2000
648 2000
649 1000
650 1000
651 2000
652 1500
653 2000
654 1000
655 1500
656 1000
657 2000
658 2000
659 2000
660 1500
661 1000
662 1500
663 1500
664 1500
665 1500
666 2000
667 1000
668 1000
669 2000
670 1000
671 1500
672 2000
673 1000
674 2000
675 2000
676 1000
677 2000
678 1500
679 1500
680 2000
681 2000
682 1500
683 2000
684 1000
685 1500
686 2000
687 2000
688 1000
689 1000
690 1500
691 1500
692 2000
693 2000
694 1500
695 1500
696 1000
697 1500
698 1500
699 1500
700 1500
701 2000
702 2000
703 1000
704 2000
705 500
706 1500
707 2000
708 1000
709 2000
710 1000
711 2000
712 2000
713 1500
714 1000
715 1500
716 1500
717 2000
718 1000
719 2000
720 2000
721 2000
722 1500
723 1500
724 1000
725 1500
726 1500
727 1500
728 1500
729 1500
730 1500
731 2000
732 2000
733 2000
734 1000
735 2000
736 2000
737 1000
738 2000
739 2000
740 1000
741 2000
742 1000
743 2000
744 1500
745 2000
746 1500
747 2000
748 2000
749 2000
750 1000
751 2000
752 1500
753 1500
754 2000
755 1500
756 1500
757 1500
758 1500
759 1500
760 1500
761 1500
762 1500
763 1500
764 2000
765 1500
766 1500
767 1500
768 1000
769 1500
770 2000
771 1500
772 1500
773 2000
774 1000
775 2000
776 2000
777 1000
778 1000
779 1000
780 1000
781 2000
782 1500
783 2000
784 1500
785 2000
786 1500
787 1000
788 1500
789 2000
790 1000
791 1000
792 1000
793 2000
794 2000
795 1500
796 1500
797 1500
798 1000
799 1500
800 1000
801 2000
802 1500
803 2000
804 1000
805 2000
806 1000
807 2000
808 2000
809 2000
810 1500
811 1500
812 1000
813 1500
814 2000
815 2000
816 1500
817 2000
818 2000
819 2000
820 1000
821 1500
822 1500
823 1500
824 2000
825 2000
826 1500
827 2000
828 2000
829 2000
830 1500
831 1500
832 1500
833 1500
834 1500
835 1500
836 1500
837 2000
838 1500
839 2000
840 1000
841 2000
842 1000
843 2000
844 2000
845 1000
846 1500
847 2000
848 1500
849 2000
850 1000
851 2000
852 2000
853 2000
854 1500
855 2000
856 1000
857 2000
858 2000
859 1000
860 1500
861 1500
862 2000
863 2000
864 1500
865 1500
866 1500
867 1500
868 2000
869 2000
870 2000
871 1000
872 2000
873 2000
874 1000
875 2000
876 1500
877 1500
878 1000
879 2000
880 1500
881 1500
882 1500
883 1500
884 1500
885 1500
886 2000
887 2000
888 1500
889 1500
890 1500
891 1000
892 1000
893 2000
894 2000
895 2000
896 2000
897 1500
898 2000
899 1000
900 1000
901 1500
902 1500
903 2000
904 1000
905 2000
906 2000
907 2000
908 2000
909 2000
910 1500
911 1500
912 1000
913 1500
914 2000
915 1000
916 2000
917 1000
918 2000
919 2000
920 1500
921 1000
922 500
923 2000
924 1000
925 1500
926 2000
927 1000
928 1500
929 2000
930 1500
931 1500
932 2000
933 1500
934 1500
935 1500
936 1500
937 1500
938 1500
939 1500
940 1500
941 2000
942 1500
943 1500
944 1000
945 2000
946 2000
947 2000
948 1500
949 2000
950 1500
951 2000
952 2000
953 1500
954 2000
955 1000
956 1000
957 2000
958 2000
959 2000
960 2000
961 1000
962 1000
963 1000
964 1000
965 1500
966 2000
967 2000
968 1000
969 1000
970 1500
971 1500
972 1500
973 1500
974 2000
975 2000
976 1000
977 2000
978 2000
979 2000
980 1500
981 1500
982 2000
983 1500
984 1000
985 1000
986 2000
987 1000
988 1500
989 2000
990 1500
991 1000
992 1500
993 2000
994 2000
995 1500
996 1500
997 1500
998 1500
999 1500
1000 1500
1001 2000
1002 2000
1003 2000
1004 1000
1005 2000
1006 2000
1007 2000
1008 2000
1009 1500
1010 1500
1011 1000
1012 2000
1013 1500
1014 1000
1015 2000
1016 1500
1017 2000
1018 1500
1019 2000
1020 1000
1021 1500
1022 2000
1023 1000
1024 1500
1025 1000
1026 1500
1027 1500
1028 1500
1029 1500
1030 1500
1031 1500
1032 1500
1033 500
1034 1000
1035 1000
1036 1500
1037 1500
1038 2000
1039 2000
1040 1000
1041 2000
1042 1000
1043 2000
1044 1500
1045 1500
1046 1000
1047 1000
1048 2000
1049 2000
1050 2000
1051 1500
1052 1000
1053 1500
1054 1000
1055 2000
1056 1500
1057 1000
1058 1500
1059 1000
1060 2000
1061 2000
1062 1000
1063 2000
1064 1500
1065 1500
1066 2000
1067 1000
1068 2000
1069 1000
1070 1500
1071 1500
1072 1500
1073 1000
1074 1500
1075 1500
1076 1000
1077 1000
1078 2000
1079 2000
1080 1500
1081 2000
1082 2000
1083 2000
1084 2000
1085 1000
1086 2000
1087 1000
1088 1500
1089 1000
1090 2000
1091 1500
1092 2000
1093 2000
1094 2000
1095 1500
1096 2000
1097 1000
1098 2000
1099 2000
1100 1500
1101 1500
1102 1500
1103 1500
1104 1000
1105 1500
1106 1000
1107 2000
1108 1500
1109 1000
1110 2000
1111 1500
1112 1500
1113 2000
1114 1500
1115 1000
1116 1500
1117 2000
1118 2000
1119 2000
1120 1500
1121 1500
1122 1500
1123 1500
1124 1500
1125 1500
1126 1500
1127 2000
1128 1000
1129 1500
1130 2000
1131 2000
1132 2000
1133 2000
1134 2000
1135 1000
1136 1000
1137 2000
1138 2000
1139 2000
1140 2000
1141 2000
1142 1000
1143 2000
1144 1500
1145 2000
1146 2000
1147 1500
1148 1500
1149 2000
1150 2000
1151 2000
1152 1000
1153 1000
1154 2000
1155 1500
1156 1500
1157 1500
1158 1500
1159 1500
1160 1000
1161 2000
1162 1500
1163 2000
1164 1000
1165 1500
1166 2000
1167 1000
1168 2000
1169 1000
1170 2000
1171 2000
1172 1500
1173 2000
1174 2000
1175 1500
1176 1500
1177 1500
1178 1500
1179 1500
1180 2000
1181 2000
1182 1000
1183 2000
1184 2000
1185 1000
1186 2000
1187 1000
1188 1000
1189 2000
1190 1000
1191 1500
1192 2000
1193 1000
1194 2000
1195 2000
1196 1000
1197 2000
1198 2000
1199 2000

0 1 35 2
0 2 48 4
0 3 8 9
0 4 13 3
0 5 20 2
0 6 34 7
0 7 20 5
0 46 37 5
0 72 27 8
0 85 2 3
0 119 14 1
0 231 20 9
0 282 36 9
0 295 14 6
0 340 35 2
0 342 7 7
0 376 17 7
0 403 37 8
0 430 41 9
0 621 12 5
0 622 17 3
0 655 16 6
0 662 9 9
0 760 29 4
0 761 33 2
0 797 45 2
0 810 40 5
0 811 18 7
0 830 37 10
0 836 4 1
0 911 5 4
0 912 47 3
0 936 46 3
0 965 15 9
0 1032 46 2
0 1073 11 5
0 1155 43 10
1 2 26 6
1 3 8 7
1 8 44 6
1 9 11 5
1 60 46 7
1 61 20 4
1 71 44 9
1 92 10 5
1 193 7 10
1 217 31 9
1 231 2 8
1 302 35 10
1 335 50 6
1 379 45 7
1 403 23 6
1 434 25 7
1 500 13 10
1 550 33 5
1 594 28 9
1 662 11 9
1 685 32 3
1 690 36 7
1 696 21 4
1 796 46 9
1 881 43 4
1 930 47 10
1 939 50 4
1 965 48 6
1 990 40 8
1 1072 27 6
1 1103 43 10
1 1123 46 8
1 1126 7 5
1 1158 27 5
2 3 34 9
2 10 36 8
2 11 28 8
2 12 31 3
2 13 37 3
2 22 9 8
2 85 25 9
2 119 41 2
2 140 44 7
2 143 1 3
2 167 44 7
2 194 31 8
2 250 12 7
2 254 44 5
2 295 2 4
2 358 26 6
2 456 2 8
2 533 15 4
2 551 50 1
2 592 17 7
2 635 49 9
2 685 8 10
2 715 40 4
2 727 41 10
2 866 10 9
2 930 18 8
2 972 46 10
2 1065 37 9
2 1178 21 2
3 14 9 2
3 15 29 7
3 16 32 6
3 17 1 5
3 18 27 3
3 19 11 4
3 22 8 6
3 46 29 4
3 90 42 7
3 167 5 6
3 181 32 10
3 217 30 2
3 280 12 5
3 304 46 4
3 357 7 10
3 455 33 2
3 504 1 4
3 530 21 4
3 563 4 9
3 565 44 10
3 640 1 6
3 655 3 8
3 695 28 5
3 715 34 3
3 726 50 3
3 866 3 6
3 880 46 7
3 970 22 1
3 990 5 7
3 998 37 6
3 999 28 3
3 1027 48 8
3 1065 43 5
3 1103 18 9
3 1175 6 8
4 234 17 9
4 436 7 9
4 1013 29 1
5 771 15 8
6 371 44 4
6 897 39 3
6 1184 25 7
7 227 28 7
8 75 15 7
8 291 33 4
8 368 30 2
8 958 24 1
9 65 8 4
9 319 26 3
9 609 45 10
10 196 21 2
11 16 41 3
12 374 23 6
12 1061 4 3
13 16 16 1
13 149 43 3
14 705 26 5
14 740 32 4
16 1113 20 6
17 651 42 3
20 21 23 8
20 22 1 4
20 23 27 9
20 24 12 7
20 25 18 1
20 26 38 5
20 27 14 7
20 28 28 1
20 29 33 5
20 30 43 9
20 31 26 9
20 45 24 1
20 46 47 7
20 60 44 9
20 92 34 10
20 94 33 9
20 165 45 7
20 194 40 4
20 231 50 3
20 232 47 4
20 252 5 7
20 282 28 7
20 295 7 7
20 340 1 7
20 358 39 1
20 560 7 8
20 635 46 9
20 642 22 3
20 690 11 1
20 696 38 6
20 836 6 9
20 865 30 1
20 971 42 5
20 1065 12 1
20 1177 3 2
21 22 46 6
21 23 34 10
21 24 38 3
21 32 44 9
21 33 15 6
21 60 14 3
21 70 27 1
21 118 8 7
21 142 38 5
21 181 50 3
21 193 4 4
21 216 19 2
21 335 48 3
21 340 17 4
21 405 25 3
21 456 6 8
21 459 25 9
21 533 10 6
21 562 31 2
21 620 11 8
21 655 22 8
21 661 12 9
21 662 28 10
21 685 5 7
21 698 39 8
21 715 33 6
21 810 11 7
21 836 16 8
21 965 44 10
21 970 30 8
21 990 17 8
21 1025 45 8
21 1072 49 2
21 1101 12 9
22 23 40 2
22 24 16 8
22 34 15 3
22 35 26 2
22 36 25 8
22 37 8 8
22 38 5 4
22 85 42 5
22 253 12 1
22 281 9 7
22 304 21 8
22 335 12 6
22 355 30 7
22 377 25 10
22 379 50 7
22 431 2 2
22 531 15 4
22 551 18 1
22 594 46 10
22 622 12 4
22 641 42 5
22 685 18 5
22 730 11 3
22 795 47 4
22 865 20 3
22 884 45 7
22 885 37 10
22 1025 28 6
22 1065 24 5
22 1074 23 3
22 1121 22 9
22 1155 36 1
23 24 21 5
23 39 7 6
23 40 6 3
23 41 16 6
23 42 21 4
23 43 25 1
23 180 35 8
23 295 42 3
23 502 24 1
23 505 33 1
23 550 36 3
23 635 49 2
23 715 4 4
23 730 34 6
23 760 21 7
23 796 16 10
23 810 15 2
23 911 45 8
23 912 48 1
23 930 19 6
23 940 20 9
23 997 26 8
23 998 38 8
23 1125 22 2
24 44 13 5
24 71 24 10
24 119 7 1
24 167 5 8
24 217 21 9
24 404 8 2
24 434 4 6
24 592 38 10
24 655 7 5
24 690 37 7
24 762 37 3
24 930 33 3
24 938 41 1
24 965 49 7
24 1175 36 10
25 290 43 8
26 969 30 2
26 1077 18 1
27 1055 32 8
28 646 6 3
28 1087 37 8
29 272 24 6
30 1173 21 1
31 317 45 7
31 964 7 5
31 1057 40 9
32 235 7 1
32 955 6 9
34 600 48 5
36 856 6 7
37 578 6 4
37 1112 42 7
38 918 45 9
38 981 37 9
39 1132 33 10
40 854 50 9
40 1058 39 8
42 863 18 5
45 46 7 7
45 47 29 2
45 48 48 10
45 85 48 6
45 144 41 3
45 166 9 1
45 190 26 1
45 216 24 4
45 232 1 4
45 233 21 4
45 335 47 2
45 341 33 6
45 357 15 6
45 379 48 6
45 430 19 4
45 431 20 8
45 504 36 4
45 505 44 3
45 531 18 5
45 533 2 10
45 551 19 4
45 562 7 1
45 590 32 2
45 620 29 4
45 640 9 5
45 655 46 1
45 661 36 9
45 685 38 8
45 695 36 6
45 715 8 10
45 758 34 4
45 831 3 3
45 832 37 7
45 880 1 9
45 881 30 1
45 936 9 1
45 965 20 4
45 990 44 10
45 995 34 10
45 1027 24 3
45 1074 45 7
45 1125 47 8
45 1155 33 2
46 47 32 2
46 49 22 1
46 50 3 2
46 51 46 9
46 52 36 10
46 53 27 7
46 54 2 1
46 55 45 7
46 90 7 6
46 115 24 8
46 144 44 3
46 165 9 4
46 180 42 7
46 190 42 4
46 215 30 4
46 252 32 8
46 253 15 10
46 282 13 9
46 295 35 5
46 300 28 3
46 305 24 3
46 342 50 6
46 356 29 9
46 403 33 6
46 551 17 9
46 565 49 10
46 591 39 10
46 622 35 8
46 635 38 9
46 690 34 8
46 810 29 9
46 866 21 2
46 910 8 1
46 912 18 6
46 930 33 9
46 937 25 1
46 972 1 10
46 1065 35 9
46 1075 8 8
46 1100 21 3
46 1102 35 6
46 1124 23 2
46 1175 36 8
47 56 28 9
47 57 28 5
47 58 27 6
47 59 24 8
47 61 49 3
47 70 25 7
47 72 35 7
47 93 26 3
47 115 38 1
47 180 17 1
47 280 40 2
47 295 6 1
47 404 29 3
47 459 42 9
47 461 40 9
47 635 49 5
47 642 26 5
47 655 29 1
47 661 44 8
47 690 18 1
47 698 16 1
47 727 28 1
47 728 7 4
47 759 18 9
47 796 49 7
47 812 6 7
47 965 39 5
47 973 19 8
47 990 14 4
47 996 3 7
47 1025 19 6
47 1065 24 10
47 1155 39 6
47 1179 8 9
48 257 21 7
48 1009 14 1
49 292 42 1
49 453 42 4
50 160 40 4
50 1163 35 5
51 81 31 3
51 1058 2 10
51 1105 46 10
53 396 48 10
54 1083 1 1
56 802 8 2
57 211 14 4
57 398 43 6
58 276 45 2
58 553 45 3
60 61 47 4
60 62 19 3
60 63 7 6
60 64 9 3
60 65 48 1
60 66 15 1
60 72 6 5
60 85 36 6
60 119 43 3
60 141 48 8
60 165 22 4
60 181 1 8
60 194 15 6
60 230 1 3
60 253 16 7
60 295 16 1
60 305 46 8
60 306 32 3
60 335 6 7
60 341 20 10
60 357 7 7
60 358 11 7
60 375 9 2
60 405 41 7
60 430 17 10
60 461 33 6
60 501 10 4
60 505 28 10
60 550 32 5
60 551 26 4
60 560 27 1
60 622 46 2
60 635 13 8
60 640 5 6
60 655 28 3
60 685 29 1
60 690 5 1
60 696 21 2
60 758 37 1
60 797 22 9
60 810 48 9
60 832 18 10
60 867 29 2
60 883 22 7
60 884 18 10
60 930 39 8
60 965 5 8
60 973 6 8
60 990 29 9
60 995 26 1
60 1026 36 9
60 1065 12 5
60 1071 14 10
60 1075 34 2
60 1157 47 7
60 1178 39 6
61 67 21 2
61 68 12 8
61 69 46 1
61 72 18 9
61 85 30 1
61 91 10 5
61 92 22 3
61 118 25 6
61 140 39 10
61 181 19 3
61 193 37 1
61 215 38 10
61 217 3 1
61 230 30 9
61 250 24 1
61 280 22 5
61 341 12 7
61 404 43 10
61 430 44 3
61 463 26 9
61 531 36 1
61 532 27 9
61 560 17 10
61 590 20 5
61 595 35 9
61 622 14 7
61 635 34 3
61 640 34 7
61 655 18 8
61 660 22 10
61 663 11 4
61 690 14 3
61 697 25 6
61 716 14 8
61 728 16 7
61 729 30 8
61 761 26 6
61 795 23 6
61 812 33 4
61 830 46 5
61 866 16 6
61 912 36 4
61 930 40 4
61 935 38 2
61 940 47 1
61 970 25 6
61 990 30 2
61 999 40 5
61 1030 8 10
61 1065 34 7
61 1100 46 6
61 1123 50 2
61 1126 30 3
61 1155 9 2
61 1177 9 1
62 169 30 1
63 362 37 7
63 441 49 9
63 1145 7 3
67 961 24 4
67 966 18 10
68 914 21 2
69 256 10 5
70 71 2 7
70 72 48 6
70 73 35 1
70 74 36 8
70 75 14 8
70 76 22 9
70 77 37 1
70 78 7 9
70 85 40 5
70 90 19 8
70 92 19 2
70 115 12 8
70 140 22 1
70 181 11 5
70 191 4 3
70 230 35 5
70 252 6 6
70 280 36 4
70 304 11 1
70 335 15 3
70 340 3 5
70 341 10 10
70 357 43 4
70 462 32 1
70 502 23 6
70 503 26 1
70 531 35 4
70 551 16 7
70 561 20 10
70 635 36 9
70 655 11 3
70 663 9 4
70 664 7 5
70 685 23 7
70 696 28 1
70 758 48 1
70 811 24 2
70 813 21 10
70 865 4 4
70 867 31 7
70 885 34 8
70 911 4 2
70 930 49 10
70 936 42 1
70 965 44 5
70 971 32 8
70 999 49 1
70 1032 25 10
70 1065 34 6
70 1073 48 4
70 1102 27 5
70 1123 11 10
70 1157 17 7
70 1175 46 8
71 72 36 10
71 79 31 2
71 80 32 1
71 81 23 10
71 82 15 3
71 85 15 4
71 140 21 10
71 181 9 6
71 216 13 4
71 295 25 8
71 356 33 8
71 375 17 1
71 431 8 5
71 532 5 4
71 593 21 1
71 640 30 2
71 685 12 4
71 690 40 4
71 715 12 1
71 727 6 4
71 834 22 7
71 965 32 1
71 1065 7 10
71 1070 1 6
71 1103 2 2
71 1179 15 10
72 83 37 10
72 84 13 7
72 115 27 9
72 165 17 7
72 167 31 7
72 192 48 6
72 215 17 10
72 232 34 2
72 252 28 10
72 281 33 3
72 295 11 1
72 305 40 6
72 335 5 7
72 379 22 5
72 400 30 1
72 405 12 4
72 430 15 3
72 458 10 4
72 551 13 3
72 563 15 4
72 590 16 8
72 622 48 10
72 635 37 4
72 642 38 8
72 655 47 6
72 690 5 4
72 697 25 10
72 715 41 8
72 728 18 8
72 758 40 5
72 796 24 1
72 797 9 6
72 832 16 8
72 883 41 5
72 913 26 10
72 930 18 5
72 940 15 9
72 990 39 1
72 1000 10 2
72 1027 35 5
72 1121 11 5
72 1156 16 8
75 1198 33 7
76 451 12 8
76 842 2 1
76 1004 50 10
77 687 43 10
79 618 3 1
80 145 39 1
80 656 40 5
80 752 26 5
80 1113 38 9
81 682 46 5
82 489 41 1
82 721 3 2
83 120 44 3
84 733 4 7
84 841 27 1
85 86 45 10
85 87 22 7
85 88 38 10
85 89 35 7
85 90 47 8
85 94 25 10
85 117 35 7
85 119 10 1
85 141 41 8
85 142 23 2
85 165 7 4
85 166 24 10
85 181 33 1
85 192 10 8
85 194 3 7
85 217 42 10
85 231 43 10
85 232 43 6
85 252 22 8
85 253 7 6
85 280 44 6
85 295 49 8
85 301 37 4
85 302 25 3
85 335 23 5
85 340 36 2
85 355 46 10
85 375 2 6
85 377 4 10
85 403 10 9
85 404 15 10
85 433 42 7
85 434 50 9
85 456 13 5
85 460 50 8
85 501 17 4
85 531 50 2
85 533 12 1
85 550 3 3
85 551 24 7
85 562 17 2
85 565 26 8
85 592 17 6
85 594 39 1
85 621 44 3
85 622 45 8
85 635 35 6
85 640 31 7
85 641 8 10
85 655 40 8
85 663 3 4
85 685 23 3
85 690 33 5
85 697 24 8
85 698 38 2
85 715 31 8
85 716 50 10
85 727 15 4
85 730 34 8
85 760 6 5
85 761 14 8
85 795 38 4
85 796 25 7
85 812 19 9
85 813 7 4
85 831 31 9
85 832 28 2
85 866 3 4
85 867 26 8
85 880 17 10
85 881 32 6
85 913 5 3
85 930 31 7
85 935 6 7
85 937 21 6
85 965 38 8
85 970 23 3
85 971 9 7
85 990 39 6
85 995 37 7
85 998 18 4
85 1026 18 10
85 1031 6 9
85 1065 48 9
85 1072 1 10
85 1073 30 1
85 1100 31 1
85 1103 34 7
85 1122 3 9
85 1123 11 1
85 1156 2 5
85 1157 45 9
85 1175 42 3
85 1176 11 10
87 103 50 9
88 665 14 6
89 1196 18 1
90 91 49 6
90 92 35 6
90 93 48 2
90 94 32 2
90 95 1 4
90 96 33 4
90 97 2 5
90 98 36 6
90 99 5 3
90 143 30 2
90 180 16 10
90 181 49 3
90 378 36 6
90 401 20 8
90 430 7 2
90 433 34 7
90 561 12 10
90 563 8 1
90 591 12 6
90 621 25 10
90 696 49 7
90 725 11 3
90 762 39 4
90 795 24 10
90 812 41 2
90 865 6 8
90 866 1 4
90 911 48 3
90 930 38 5
90 965 27 3
90 971 23 1
90 1074 40 4
90 1156 30 10
91 92 12 8
91 93 43 9
91 94 49 4
91 100 9 7
91 101 43 10
91 102 15 10
91 103 42 7
91 104 21 2
91 230 44 2
91 252 19 10
91 295 41 10
91 342 15 10
91 358 26 10
91 379 15 4
91 460 24 5
91 530 31 9
91 551 26 5
91 621 43 7
91 635 21 2
91 640 44 4
91 642 26 10
91 685 38 8
91 912 39 3
91 939 46 10
91 1065 20 3
91 1126 17 6
91 1177 37 7
92 93 46 5
92 94 3 9
92 105 22 3
92 106 41 6
92 107 34 2
92 115 47 1
92 116 1 7
92 167 28 8
92 193 20 8
92 215 39 3
92 295 24 4
92 335 27 5
92 358 27 6
92 550 45 7
92 595 16 3
92 661 34 2
92 690 28 9
92 696 12 1
92 797 41 9
92 812 42 2
92 835 43 5
92 881 50 8
92 965 24 9
92 990 42 10
92 997 47 3
92 1030 32 8
92 1101 25 3
93 94 40 2
93 108 23 1
93 109 31 2
93 110 13 2
93 111 14 8
93 166 46 1
93 215 32 8
93 280 17 2
93 282 15 4
93 301 19 10
93 335 24 8
93 400 17 3
93 504 41 10
93 505 14 10
93 532 17 7
93 635 32 7
93 655 7 7
93 660 11 5
93 725 1 7
93 881 4 3
93 930 14 2
93 1000 2 2
93 1028 17 8
93 1065 19 8
93 1074 35 6
93 1100 50 6
93 1123 23 9
93 1158 39 2
94 112 29 1
94 113 35 9
94 114 6 1
94 142 24 1
94 233 23 6
94 252 14 7
94 303 41 2
94 341 16 9
94 459 22 6
94 655 49 2
94 685 31 6
94 690 46 7
94 716 31 5
94 755 8 3
94 832 9 9
94 938 45 9
94 971 45 9
94 990 7 7
94 1177 12 5
95 704 29 1
95 803 48 1
95 1162 28 1
96 428 47 10
96 1046 6 3
97 396 42 7
97 406 10 4
99 1037 38 7
100 392 14 2
101 1003 22 3
102 543 41 8
103 600 19 5
104 221 1 2
108 468 19 1
109 699 41 4
110 956 42 7
112 207 34 1
113 163 21 3
113 352 48 8
114 454 43 1
114 475 41 2
115 116 16 2
115 117 35 7
115 118 14 1
115 119 50 2
115 120 20 8
115 121 6 5
115 122 15 3
115 123 28 4
115 124 10 9
115 125 25 6
115 193 32 4
115 230 34 9
115 335 20 5
115 379 21 9
115 502 22 10
115 621 17 7
115 685 5 1
115 698 43 9
115 811 18 10
115 833 37 4
115 930 47 1
115 937 48 8
115 965 31 3
115 971 14 8
115 997 49 10
115 1065 42 7
116 117 35 4
116 118 30 10
116 119 32 7
116 126 39 7
116 180 47 8
116 216 37 7
116 341 1 2
116 355 10 3
116 458 7 7
116 532 31 4
116 562 6 7
116 635 21 4
116 642 15 6
116 690 4 2
116 715 2 3
116 716 46 8
116 727 5 7
116 795 35 8
116 882 10 2
116 885 38 4
116 912 34 8
116 990 1 6
116 1029 14 8
116 1075 22 6
116 1125 11 7
117 118 37 10
117 119 11 8
117 127 4 9
117 128 48 8
117 129 16 4
117 130 9 1
117 165 29 9
117 254 23 8
117 280 19 1
117 305 1 2
117 335 43 10
117 342 48 5
117 402 14 6
117 460 25 7
117 550 44 4
117 551 50 3
117 563 10 2
117 594 40 6
117 640 9 9
117 655 20 6
117 698 7 10
117 867 44 3
117 930 42 10
117 965 45 7
117 970 26 7
117 1027 27 5
117 1156 12 4
117 1179 27 6
118 119 45 4
118 131 21 4
118 132 5 10
118 133 7 9
118 134 9 8
118 135 11 7
118 144 19 9
118 194 13 4
118 217 44 8
118 231 34 4
118 252 33 1
118 295 32 4
118 305 41 7
118 357 29 4
118 376 16 9
118 621 18 5
118 635 47 9
118 655 10 10
118 664 16 1
118 759 38 10
118 760 10 6
118 797 17 2
118 811 35 8
118 831 13 3
118 910 31 7
118 936 33 8
118 999 8 9
118 1074 34 7
118 1125 22 7
118 1178 11 8
119 136 31 6
119 137 17 7
119 138 20 9
119 139 48 8
119 141 36 3
119 166 1 5
119 181 28 7
119 280 18 3
119 295 35 3
119 404 27 4
119 430 20 10
119 531 13 9
119 591 20 9
119 661 9 1
119 685 23 7
119 729 25 2
119 865 32 4
119 990 26 9
119 1065 18 9
119 1102 7 3
119 1103 19 3
119 1155 14 9
120 479 2 8
121 148 43 3
121 350 28 7
122 423 37 4
122 988 14 6
122 1129 35 10
124 465 17 7
125 428 48 9
125 694 26 3
126 746 29 9
127 786 27 5
128 211 3 6
129 869 5 1
131 828 30 5
132 681 42 3
133 197 46 6
135 363 2 2
137 347 14 1
140 141 7 9
140 142 36 8
140 143 22 2
140 144 25 3
140 145 28 9
140 146 50 4
140 147 47 7
140 148 33 3
140 230 10 2
140 251 15 6
140 280 49 7
140 295 18 7
140 355 42 3
140 356 50 5
140 378 43 3
140 400 22 4
140 590 13 2
140 635 10 9
140 640 28 4
140 685 20 8
140 833 16 1
140 866 46 1
140 885 35 9
140 965 10 5
140 990 8 7
140 1000 34 8
140 1070 32 7
140 1155 7 10
141 142 49 5
141 143 23 7
141 144 30 1
141 149 15 9
141 150 8 6
141 151 38 4
141 152 14 10
141 153 2 7
141 154 41 10
141 180 23 10
141 215 34 1
141 251 39 4
141 305 9 4
141 340 13 7
141 456 3 7
141 459 4 2
141 503 28 4
141 530 12 4
141 532 9 7
141 563 9 7
141 661 36 2
141 697 36 6
141 715 19 2
141 727 3 1
141 796 42 2
141 834 48 8
141 910 22 4
141 936 26 4
141 940 5 8
141 970 49 9
141 1065 22 3
141 1070 45 10
141 1103 41 3
141 1121 16 2
141 1157 18 10
142 143 50 10
142 144 26 2
142 155 4 6
142 156 47 8
142 157 4 2
142 158 44 4
142 159 25 6
142 160 44 5
142 161 50 3
142 191 22 3
142 193 7 10
142 305 32 3
142 404 42 2
142 622 45 4
142 640 43 5
142 655 27 7
142 690 13 2
142 698 47 4
142 716 22 1
142 756 19 8
142 930 47 2
142 1026 43 4
143 144 39 4
143 162 4 1
143 165 38 4
143 180 35 6
143 217 27 6
143 233 43 2
143 335 32 6
143 377 30 6
143 431 41 6
143 620 42 8
143 729 7 8
143 813 2 4
143 865 43 2
143 930 32 1
143 970 23 9
143 990 28 1
143 995 16 6
143 1065 12 7
143 1101 6 1
143 1125 22 1
143 1175 17 10
144 163 8 6
144 164 3 2
144 165 15 4
144 295 27 7
144 335 1 7
144 340 29 6
144 430 10 9
144 501 15 9
144 550 28 1
144 563 30 5
144 591 4 3
144 635 7 3
144 655 11 4
144 660 19 1
144 690 23 9
144 755 45 7
144 810 41 4
144 883 21 2
144 913 48 7
144 965 8 5
144 1025 42 8
144 1177 18 2
146 274 32 3
146 348 15 6
148 259 35 3
148 576 45 7
149 875 45 2
149 1131 15 8
152 242 9 5
155 979 9 5
156 919 48 10
157 1130 11 7
159 872 22 7
160 559 18 3
161 202 1 5
161 1140 15 9
162 702 24 6
163 383 35 5
164 268 46 7
164 528 21 1
165 166 45 5
165 167 49 1
165 168 20 4
165 169 47 2
165 170 18 3
165 171 43 5
165 172 33 6
165 173 47 9
165 231 36 8
165 232 25 6
165 295 50 9
165 303 10 10
165 356 7 1
165 377 42 5
165 400 48 5
165 430 39 5
165 459 4 4
165 504 47 5
165 620 34 9
165 635 30 2
165 641 48 10
165 655 4 2
165 660 8 7
165 685 18 7
165 695 43 9
165 716 2 5
165 727 6 9
165 760 8 2
165 797 11 6
165 811 6 5
165 831 10 9
165 832 14 9
165 935 22 6
165 936 19 7
165 965 42 6
165 971 28 7
165 990 6 4
165 1000 12 9
165 1029 34 2
165 1065 27 9
166 167 4 2
166 174 22 1
166 175 43 2
166 176 21 3
166 177 6 8
166 180 23 1
166 192 13 10
166 254 1 10
166 280 5 3
166 282 25 4
166 306 32 2
166 335 46 4
166 341 38 3
166 430 6 4
166 458 27 5
166 504 5 7
166 532 13 9
166 550 37 9
166 561 13 5
166 563 32 10
166 591 22 3
166 655 7 6
166 690 6 3
166 725 47 9
166 885 9 4
166 913 41 7
166 930 9 1
166 965 11 9
166 972 41 9
166 1065 27 5
166 1070 9 8
166 1122 17 5
166 1123 2 1
166 1156 20 9
166 1158 25 1
166 1176 43 5
167 178 15 3
167 179 36 6
167 180 45 10
167 193 49 8
167 215 39 2
167 217 20 6
167 254 22 2
167 295 32 7
167 335 25 5
167 341 31 4
167 356 6 5
167 378 40 2
167 405 44 6
167 530 43 7
167 551 41 1
167 590 37 1
167 620 5 2
167 635 22 9
167 640 12 1
167 662 11 7
167 685 1 7
167 690 34 2
167 695 20 4
167 797 48 3
167 812 18 8
167 866 20 8
167 867 23 6
167 884 46 8
167 912 28 4
167 930 23 5
167 990 13 1
167 1000 26 8
167 1031 5 5
167 1101 30 3
167 1102 3 7
167 1175 13 5
168 279 22 3
168 764 36 8
168 857 1 9
168 1090 1 4
169 1172 9 3
169 1184 35 6
170 609 16 8
171 602 27 3
173 228 42 6
173 264 8 4
175 521 3 5
178 941 15 4
179 482 36 7
179 732 43 3
179 942 25 8
180 181 28 1
180 182 15 8
180 183 39 9
180 194 23 7
180 217 18 3
180 230 42 3
180 232 40 4
180 255 20 7
180 282 13 3
180 295 16 10
180 340 18 5
180 341 17 4
180 356 25 1
180 376 46 4
180 401 45 10
180 457 5 6
180 459 1 4
180 504 19 3
180 533 40 4
180 551 15 5
180 564 22 9
180 593 37 7
180 594 14 3
180 641 15 4
180 655 34 3
180 690 2 9
180 698 16 3
180 726 8 3
180 730 28 6
180 760 25 7
180 795 9 5
180 813 38 9
180 834 30 7
180 865 32 3
180 910 28 7
180 930 34 7
180 970 50 6
180 973 44 2
180 995 17 3
180 1029 46 5
180 1032 3 2
180 1065 15 4
180 1075 5 3
180 1100 14 8
180 1158 26 3
180 1175 23 5
181 184 34 4
181 185 15 10
181 186 46 7
181 187 43 5
181 188 39 9
181 189 36 1
181 191 13 3
181 216 3 8
181 295 20 10
181 300 9 4
181 304 46 2
181 335 24 3
181 355 41 2
181 376 27 1
181 400 24 8
181 433 31 9
181 502 47 10
181 532 1 4
181 562 19 5
181 622 14 7
181 635 16 7
181 642 49 7
181 655 34 6
181 660 15 1
181 664 2 10
181 685 42 4
181 690 25 3
181 696 50 3
181 715 30 6
181 716 28 10
181 759 13 3
181 796 30 9
181 811 45 10
181 834 31 2
181 881 39 8
181 910 13 2
181 930 38 5
181 935 17 3
181 936 24 4
181 965 1 10
181 990 10 6
181 999 43 10
181 1065 2 7
181 1074 35 6
181 1102 36 8
181 1120 29 6
181 1124 10 10
181 1155 13 2
181 1178 9 7
183 1115 50 3
184 733 13 2
184 1018 20 2
185 1111 35 9
186 868 35 6
186 948 20 4
187 969 40 4
187 1091 1 1
189 752 21 3
190 191 26 6
190 192 19 10
190 193 32 9
190 194 7 1
190 195 6 9
190 282 5 3
190 300 30 3
190 404 28 4
190 433 44 4
190 563 20 2
190 640 49 8
190 655 40 10
190 690 14 3
190 695 5 2
190 715 29 1
190 726 47 8
190 759 34 8
190 795 7 5
190 835 47 7
190 996 50 6
190 1124 37 9
190 1155 5 2
191 192 7 2
191 193 15 9
191 194 32 6
191 196 23 6
191 197 47 3
191 198 43 3
191 254 14 8
191 295 10 8
191 306 17 8
191 335 10 2
191 357 27 4
191 375 19 7
191 378 29 10
191 401 33 8
191 502 47 8
191 550 22 1
191 551 5 4
191 622 3 9
191 640 26 7
191 655 20 8
191 660 30 8
191 661 19 9
191 725 23 4
191 813 22 8
191 866 19 3
191 913 15 8
191 940 5 6
191 973 44 10
191 1025 26 6
191 1100 16 4
192 193 49 3
192 194 38 8
192 199 8 5
192 200 39 8
192 201 41 8
192 202 13 5
192 203 39 8
192 215 31 4
192 231 24 10
192 233 7 5
192 280 15 7
192 342 17 9
192 357 1 3
192 530 6 9
192 635 37 6
192 685 21 10
192 690 21 4
192 716 49 2
192 756 28 10
192 813 26 1
192 831 31 2
192 937 48 6
192 965 9 4
192 970 35 4
192 990 22 2
192 1177 25 3
193 194 50 6
193 204 20 8
193 205 24 1
193 206 13 7
193 207 28 8
193 208 17 3
193 209 27 2
193 210 36 6
193 211 2 2
193 217 23 1
193 255 7 9
193 341 7 6
193 461 29 3
193 532 14 7
193 595 8 10
193 696 41 1
193 795 24 3
193 930 23 3
193 997 11 10
193 1027 10 10
193 1065 10 2
194 212 9 4
194 213 6 2
194 214 32 7
194 295 21 8
194 335 1 2
194 431 50 8
194 457 29 7
194 500 6 3
194 565 50 3
194 591 21 4
194 621 8 1
194 635 18 8
194 882 14 10
194 930 11 5
194 965 8 8
194 990 49 10
194 1065 14 7
194 1070 39 9
194 1072 46 5
194 1102 23 6
194 1121 44 8
194 1155 6 2
194 1178 43 3
195 723 20 9
195 1118 23 3
196 416 27 8
197 681 40 7
197 848 8 7
199 605 15 5
199 809 24 1
200 700 46 8
201 878 16 4
201 1089 50 4
202 822 39 3
203 538 4 3
203 823 40 1
204 665 21 10
204 739 45 1
207 819 44 5
207 829 19 1
208 744 33 7
209 838 40 9
211 566 25 7
213 848 45 4
214 604 36 10
215 216 33 6
215 217 19 7
215 218 5 10
215 219 44 1
215 220 14 7
215 254 29 9
215 280 29 4
215 300 32 7
215 342 44 9
215 377 15 7
215 403 46 10
215 433 37 6
215 533 8 1
215 550 16 6
215 560 39 4
215 564 15 3
215 592 43 6
215 641 13 5
215 642 1 3
215 696 35 7
215 698 16 1
215 730 12 5
215 760 46 7
215 835 44 7
215 867 3 2
215 936 26 4
215 965 33 10
215 970 15 7
215 973 3 3
215 990 6 5
215 1028 40 10
215 1065 22 10
215 1071 13 10
215 1075 20 5
215 1100 9 1
215 1103 15 8
215 1121 8 2
215 1158 25 10
216 217 46 6
216 221 22 8
216 222 10 9
216 223 14 3
216 224 16 8
216 225 12 3
216 226 12 6
216 227 30 9
216 230 35 3
216 253 23 2
216 295 38 6
216 306 15 5
216 335 26 1
216 378 41 6
216 402 39 1
216 432 5 8
216 463 7 4
216 500 15 3
216 594 2 10
216 622 28 10
216 635 35 2
216 655 11 6
216 664 12 3
216 685 4 6
216 690 39 8
216 728 9 9
216 762 20 8
216 811 50 5
216 812 15 6
216 867 48 3
216 884 10 9
216 885 48 9
216 911 1 9
216 930 16 7
216 935 3 1
216 965 29 1
216 990 43 7
216 996 17 10
216 1026 24 1
216 1156 39 6
216 1175 12 2
216 1177 35 4
217 228 19 9
217 229 12 9
217 295 18 6
217 341 45 9
217 355 33 5
217 358 16 9
217 462 19 6
217 500 6 9
217 533 43 4
217 550 4 6
217 620 40 3
217 660 37 10
217 690 28 10
217 715 5 10
217 716 8 9
217 795 9 4
217 796 48 7
217 832 18 3
217 911 49 9
217 997 29 1
217 1122 44 4
218 298 16 8
218 319 32 6
219 363 18 10
220 308 25 1
221 699 26 2
221 1163 42 5
222 980 38 10
223 243 2 9
225 1064 32 2
226 1192 17 2
227 395 42 4
228 717 22 6
229 410 13 7
230 231 40 6
230 232 26 8
230 233 13 2
230 234 25 3
230 280 17 6
230 295 34 10
230 300 37 1
230 305 32 7
230 335 50 2
230 358 24 7
230 432 13 4
230 561 34 4
230 620 9 1
230 655 50 5
230 690 14 9
230 697 23 2
230 832 41 4
230 865 23 5
230 913 13 2
230 972 12 2
230 990 42 9
230 1032 47 1
230 1175 32 8
230 1178 29 8
231 232 27 10
231 233 42 10
231 235 13 5
231 236 36 10
231 237 38 3
231 238 2 5
231 239 18 10
231 240 25 5
231 241 4 3
231 295 32 4
231 335 11 4
231 402 15 7
231 430 22 6
231 503 38 2
231 533 1 4
231 550 9 5
231 565 27 1
231 591 37 2
231 594 5 7
231 620 26 7
231 635 46 1
231 655 21 5
231 664 25 7
231 685 32 7
231 690 19 2
231 698 11 1
231 726 48 10
231 796 39 2
231 811 27 9
231 881 29 4
231 930 27 10
231 965 12 6
231 973 47 8
231 1065 11 8
231 1157 28 1
232 233 18 4
232 242 34 3
232 243 20 9
232 244 39 7
232 245 43 2
232 246 38 6
232 282 21 1
232 341 35 5
232 357 45 4
232 375 14 6
232 378 32 3
232 401 42 8
232 457 35 4
232 551 16 3
232 635 10 9
232 640 43 2
232 641 7 6
232 685 18 4
232 716 42 5
232 761 25 4
232 795 19 1
232 811 5 8
232 830 27 5
232 865 42 1
232 880 40 1
232 912 4 1
232 930 23 7
232 938 8 5
232 940 48 10
232 965 22 7
232 999 29 1
232 1027 4 6
232 1065 22 9
232 1075 27 9
232 1123 21 5
232 1155 23 2
233 247 10 2
233 248 22 6
233 249 34 5
233 252 31 5
233 254 6 2
233 340 33 5
233 459 41 8
233 502 2 2
233 530 29 1
233 661 15 4
233 715 16 5
233 726 10 10
233 761 37 2
233 990 2 6
233 1000 11 6
233 1071 42 10
233 1101 44 6
233 1103 5 6
233 1124 39 1
234 399 19 6
235 267 34 7
235 559 43 7
236 397 17 4
236 574 48 10
238 659 26 5
241 781 41 9
244 276 37 9
244 1135 4 3
245 448 20 7
246 868 44 9
248 323 18 2
248 354 1 8
248 783 34 10
248 1099 36 4
249 687 19 10
250 251 34 8
250 252 5 1
250 253 24 4
250 254 2 2
250 255 19 6
250 256 39 1
250 257 3 10
250 281 12 9
250 500 45 7
250 530 36 1
250 551 43 6
250 563 29 5
250 620 8 9
250 621 46 9
250 661 13 7
250 725 36 9
250 729 1 2
250 834 6 6
250 930 39 5
250 965 26 3
250 1027 33 9
250 1065 46 3
250 1103 20 8
251 252 15 2
251 253 41 10
251 254 6 9
251 255 4 2
251 258 10 7
251 259 7 6
251 260 45 6
251 295 12 6
251 301 48 6
251 340 33 3
251 434 5 4
251 591 30 4
251 594 25 7
251 635 40 10
251 661 37 5
251 698 18 9
251 812 24 2
251 866 39 5
251 880 23 5
251 884 14 10
251 939 45 3
251 973 8 3
251 995 31 10
251 1158 19 3
251 1176 17 5
252 253 29 9
252 254 24 6
252 255 21 3
252 261 34 5
252 262 9 6
252 263 34 8
252 264 33 6
252 265 31 6
252 266 44 9
252 457 47 6
252 503 41 6
252 640 48 8
252 641 25 5
252 685 29 6
252 715 34 5
252 796 38 2
252 910 15 4
252 970 44 10
252 1100 28 4
253 254 27 6
253 255 20 8
253 267 33 7
253 268 37 3
253 269 19 5
253 295 29 10
253 335 21 10
253 341 2 5
253 357 8 5
253 376 21 8
253 405 49 5
253 434 1 5
253 563 20 1
253 635 39 10
253 655 19 4
253 690 32 5
253 795 25 10
253 990 31 6
253 1028 8 5
253 1074 34 4
253 1126 40 10
253 1155 19 5
253 1178 7 6
254 255 11 1
254 270 43 3
254 271 15 7
254 272 43 6
254 273 48 10
254 305 41 8
254 355 42 2
254 463 36 8
254 533 36 8
254 685 13 2
254 759 30 1
254 867 32 1
254 911 19 2
254 940 14 10
254 1073 24 3
255 274 2 5
255 275 24 10
255 276 1 9
255 277 16 8
255 278 20 4
255 279 1 5
255 282 26 9
255 335 1 10
255 400 32 3
255 551 49 1
255 655 29 3
255 690 38 6
255 697 16 9
255 715 34 3
255 757 17 6
255 811 16 7
255 836 42 1
255 930 38 7
255 965 41 3
255 990 17 10
255 1065 39 8
255 1126 24 9
256 475 14 5
258 278 20 2
258 700 40 10
258 1058 19 3
260 285 50 4
261 625 8 5
263 1086 32 8
264 279 13 3
264 359 45 6
264 646 24 6
265 360 42 10
267 627 48 8
267 837 7 1
267 1152 2 5
268 837 35 5
269 324 25 6
269 746 32 3
269 1159 22 2
270 587 34 5
270 770 2 9
272 441 16 1
276 864 27 1
276 1016 27 6
278 1117 37 8
279 656 39 9
280 281 18 1
280 282 20 6
280 283 8 2
280 284 13 2
280 285 35 4
280 295 41 7
280 341 5 10
280 378 1 10
280 431 2 3
280 458 3 4
280 460 25 10
280 533 41 6
280 550 8 6
280 561 3 6
280 591 25 6
280 622 31 7
280 640 27 10
280 641 7 1
280 662 16 9
280 697 7 9
280 698 45 8
280 716 28 10
280 796 2 2
280 830 38 10
280 834 32 5
280 865 28 6
280 910 38 2
280 913 24 9
280 965 49 2
280 972 26 4
280 990 20 2
280 997 43 10
280 1032 24 5
280 1065 3 9
280 1103 47 5
280 1126 2 6
281 282 3 9
281 286 34 8
281 287 20 7
281 288 36 3
281 289 43 1
281 295 24 6
281 306 3 5
281 335 46 8
281 356 28 9
281 376 50 10
281 401 44 3
281 433 42 4
281 500 19 6
281 591 30 1
281 655 35 6
281 685 6 1
281 715 8 3
281 726 35 3
281 759 7 7
281 796 49 5
281 811 25 7
281 883 28 4
281 884 41 3
281 930 40 2
281 990 20 4
281 998 1 3
281 1025 20 7
281 1065 46 7
281 1074 4 6
281 1100 20 10
281 1156 34 4
282 290 18 1
282 291 6 9
282 292 33 8
282 293 23 2
282 294 32 3
282 304 27 2
282 335 38 8
282 340 28 3
282 357 26 2
282 401 38 7
282 502 44 4
282 530 25 8
282 561 33 1
282 635 22 10
282 655 28 9
282 662 22 3
282 690 7 9
282 728 7 7
282 757 45 5
282 813 39 5
282 866 12 7
282 937 28 8
282 938 10 5
282 965 48 9
282 971 25 3
282 1075 42 3
282 1121 6 10
282 1176 29 6
282 1179 7 8
289 710 35 9
290 439 10 3
290 478 36 8
290 826 23 5
290 1024 49 7
292 630 33 4
295 296 24 4
295 297 22 1
295 298 19 8
295 299 32 6
295 300 28 10
295 301 28 7
295 335 39 5
295 341 11 7
295 342 21 6
295 355 36 9
295 376 24 8
295 405 26 6
295 432 24 9
295 434 9 9
295 458 26 1
295 459 9 7
295 500 41 2
295 503 18 6
295 530 25 8
295 533 48 7
295 550 48 4
295 561 34 2
295 564 45 2
295 591 38 1
295 593 44 8
295 620 32 7
295 621 36 1
295 635 43 7
295 640 2 7
295 641 20 10
295 655 33 5
295 661 4 5
295 662 40 7
295 685 6 1
295 690 5 1
295 695 9 5
295 697 34 1
295 716 48 3
295 726 10 2
295 729 38 3
295 760 22 1
295 795 19 9
295 797 18 5
295 811 3 4
295 812 38 6
295 831 43 7
295 834 3 8
295 865 20 3
295 866 25 7
295 882 1 3
295 884 9 4
295 911 49 2
295 912 13 8
295 930 48 1
295 935 44 3
295 965 38 9
295 970 46 7
295 971 1 6
295 990 26 3
295 998 18 4
295 1000 12 5
295 1030 33 9
295 1032 4 9
295 1065 48 1
295 1072 32 3
295 1074 45 9
295 1100 49 9
295 1102 17 7
295 1120 17 10
295 1122 5 4
295 1155 23 3
295 1158 49 7
295 1177 11 3
295 1178 49 3
298 801 11 8
300 301 34 1
300 302 24 6
300 303 46 8
300 304 45 8
300 305 50 1
300 306 28 5
300 307 4 10
300 308 1 5
300 309 45 6
300 533 2 9
300 550 49 8
300 621 44 8
300 690 19 3
300 755 9 6
300 867 10 6
300 911 8 8
300 930 22 10
300 1032 36 10
300 1073 15 5
300 1177 49 3
301 302 25 3
301 303 45 5
301 304 20 10
301 305 49 6
301 306 24 2
301 310 18 3
301 311 28 5
301 312 39 5
301 341 8 8
301 379 16 5
301 430 15 5
301 460 16 3
301 551 39 6
301 563 29 2
301 594 1 3
301 813 12 2
301 832 2 6
301 885 47 6
301 910 12 4
301 930 21 2
301 990 46 4
301 1101 24 10
301 1103 45 3
302 303 5 10
302 304 19 10
302 305 17 4
302 306 7 5
302 313 15 7
302 314 49 4
302 315 40 8
302 316 11 8
302 457 20 1
302 530 4 10
302 715 20 2
302 726 6 2
302 811 43 6
302 972 5 1
302 998 29 10
302 1065 10 5
302 1120 12 4
302 1157 25 3
303 304 15 7
303 305 1 6
303 306 42 3
303 317 45 4
303 318 9 4
303 319 31 8
303 320 36 6
303 321 29 2
303 322 3 9
303 323 43 5
303 375 40 7
303 635 35 2
303 690 16 3
303 760 21 2
303 797 9 3
303 881 44 9
303 965 25 7
303 971 6 3
303 995 23 7
303 1122 24 2
303 1156 27 5
304 305 17 10
304 306 28 8
304 324 14 8
304 325 49 5
304 326 42 2
304 327 14 4
304 328 27 5
304 335 43 2
304 564 37 9
304 591 26 6
304 620 13 10
304 635 4 7
304 716 21 8
304 726 32 1
304 938 22 1
304 1032 33 3
305 306 17 5
305 329 5 4
305 330 45 6
305 331 10 6
305 332 8 2
305 333 27 9
305 340 17 6
305 355 11 6
305 400 12 1
305 662 35 8
305 795 38 5
305 867 5 5
305 990 9 2
305 1065 31 9
305 1070 6 4
306 334 33 1
306 335 19 6
306 357 29 6
306 431 35 6
306 501 4 3
306 502 26 6
306 640 45 6
306 655 6 4
306 663 41 4
306 685 41 10
306 696 20 3
306 833 10 7
306 936 36 6
306 1179 25 5
307 825 43 4
308 1011 12 1
308 1195 7 10
313 766 1 1
315 1138 27 2
319 511 33 3
320 765 35 5
320 1041 1 10
321 1021 33 5
322 508 8 10
322 712 3 2
322 718 10 4
328 524 45 1
328 1159 41 9
332 992 26 5
334 701 36 6
335 336 23 1
335 337 12 4
335 338 46 6
335 339 42 6
335 340 1 8
335 355 42 9
335 356 18 4
335 379 23 4
335 403 31 1
335 404 14 3
335 432 46 10
335 459 45 6
335 462 37 6
335 504 38 3
335 531 42 5
335 532 7 5
335 550 33 5
335 551 21 10
335 564 16 4
335 565 43 10
335 591 33 10
335 595 17 8
335 620 43 1
335 621 50 7
335 635 46 5
335 640 8 2
335 641 7 8
335 655 24 9
335 662 26 9
335 663 37 1
335 685 29 3
335 690 11 7
335 695 8 8
335 696 48 2
335 715 5 5
335 725 23 6
335 728 15 8
335 755 16 10
335 759 27 4
335 795 7 6
335 797 5 5
335 810 18 5
335 832 3 9
335 835 38 5
335 865 39 4
335 866 8 1
335 880 14 10
335 912 35 2
335 913 43 5
335 930 1 10
335 939 21 2
335 940 30 4
335 965 26 2
335 972 36 7
335 973 3 10
335 990 7 8
335 995 23 5
335 999 19 2
335 1026 15 1
335 1027 12 7
335 1065 16 3
335 1071 25 9
335 1073 17 9
335 1103 1 8
335 1120 46 8
335 1122 23 2
335 1155 47 2
335 1157 21 4
335 1178 30 2
335 1179 32 7
338 941 44 9
338 1140 23 6
340 341 26 5
340 342 15 6
340 343 7 8
340 344 28 1
340 345 18 3
340 346 3 10
340 347 23 3
340 356 25 2
340 375 29 8
340 377 25 2
340 401 18 2
340 405 10 4
340 563 50 7
340 591 43 3
340 635 23 6
340 640 48 10
340 664 27 1
340 685 34 1
340 695 44 8
340 727 47 3
340 797 21 9
340 832 41 1
340 866 21 7
340 884 15 6
340 911 29 1
340 930 4 3
340 973 6 2
340 996 44 7
340 998 16 2
340 1031 21 8
340 1065 34 10
340 1103 50 2
340 1176 8 1
341 342 18 7
341 348 23 6
341 349 13 1
341 431 5 1
341 456 24 4
341 500 3 6
341 531 50 7
341 551 3 6
341 592 3 6
341 621 49 1
341 622 19 4
341 635 25 3
341 685 15 10
341 690 6 8
341 716 34 8
341 726 21 1
341 757 26 9
341 758 3 2
341 797 10 4
341 810 4 10
341 811 5 9
341 831 23 4
341 866 4 1
341 883 49 9
341 930 3 6
341 937 14 10
341 970 5 2
341 1032 45 4
341 1065 17 7
341 1120 28 1
341 1124 4 3
341 1158 39 9
342 350 30 8
342 351 10 3
342 352 50 8
342 353 10 1
342 354 24 2
342 356 8 4
342 433 34 10
342 455 17 10
342 500 12 2
342 551 41 8
342 562 41 1
342 640 44 5
342 655 3 9
342 662 13 5
342 690 30 9
342 716 4 10
342 912 47 8
342 937 15 8
342 965 49 1
342 990 12 2
342 1071 30 3
342 1075 7 9
342 1101 1 7
342 1157 26 8
342 1179 34 6
349 1134 22 8
350 413 19 5
350 1195 27 6
355 356 39 9
355 357 14 3
355 358 10 1
355 359 8 5
355 360 26 10
355 361 50 7
355 362 28 10
355 363 32 4
355 402 37 8
355 434 36 5
355 550 5 4
355 563 40 7
355 661 20 2
355 795 9 4
355 882 26 9
355 965 11 4
355 971 16 9
355 997 24 3
355 1027 49 3
355 1157 36 7
356 357 5 6
356 358 27 3
356 364 24 7
356 365 35 6
356 366 36 7
356 367 19 10
356 368 6 10
356 369 32 9
356 378 15 7
356 379 12 5
356 461 24 2
356 505 46 9
356 532 44 3
356 593 1 9
356 620 26 4
356 635 36 3
356 640 2 10
356 642 47 8
356 655 43 7
356 663 16 7
356 698 1 4
356 812 47 3
356 813 1 6
356 865 43 2
356 881 2 1
356 910 17 2
356 912 28 4
356 930 12 6
356 1120 36 6
356 1179 47 9
357 358 4 2
357 370 45 10
357 371 27 4
357 563 26 5
357 685 1 3
357 690 26 6
357 716 14 10
357 757 32 4
357 760 41 1
357 833 47 8
357 930 38 7
357 940 23 10
357 972 50 9
357 990 23 5
357 1065 21 8
357 1071 40 1
357 1075 11 8
357 1101 28 10
357 1155 1 4
358 372 19 1
358 373 37 10
358 374 27 7
358 432 8 10
358 455 50 1
358 501 14 4
358 533 8 6
358 551 37 7
358 594 46 10
358 620 37 10
358 635 32 7
358 655 39 8
358 685 27 5
358 690 44 9
358 695 35 1
358 715 36 6
358 725 9 9
358 727 22 2
358 796 42 3
358 834 11 2
358 938 19 6
358 965 1 1
358 998 15 10
358 1031 42 9
358 1065 27 1
358 1103 23 8
358 1126 1 8
358 1175 8 6
360 658 13 4
360 782 36 1
360 1010 45 9
364 784 8 3
365 1117 25 8
365 1148 27 6
368 824 45 4
370 427 40 6
371 861 7 1
374 577 11 3
375 376 20 10
375 377 13 9
375 378 38 2
375 379 29 7
375 380 46 6
375 381 30 4
375 382 5 4
375 459 12 1
375 504 42 5
375 622 41 2
375 635 50 6
375 690 23 10
375 729 42 2
375 835 10 7
375 881 1 9
375 913 33 8
375 937 47 2
375 1065 20 3
375 1073 33 1
376 377 6 2
376 378 8 2
376 379 32 4
376 383 6 9
376 384 38 8
376 385 42 6
376 400 47 1
376 505 29 1
376 531 28 9
376 550 21 1
376 620 30 1
376 660 18 3
376 695 15 3
376 697 41 1
376 715 10 8
376 796 13 3
376 881 33 8
376 910 5 1
376 930 7 5
376 971 22 2
376 1102 46 5
376 1156 2 9
377 378 42 3
377 379 49 4
377 386 30 1
377 387 30 2
377 388 33 7
377 389 28 9
377 390 38 2
377 400 47 5
377 433 5 5
377 456 7 1
377 532 34 10
377 565 43 2
377 635 9 5
377 655 18 1
377 685 22 1
377 813 25 7
377 865 40 5
377 990 44 7
377 996 6 7
377 1029 15 1
377 1065 41 10
377 1120 39 4
377 1121 40 7
377 1177 23 3
378 379 35 7
378 391 38 9
378 392 21 4
378 393 29 6
378 394 33 10
378 395 29 7
378 551 27 7
378 560 46 6
378 590 42 2
378 593 28 7
378 655 3 1
378 685 49 9
378 757 12 10
378 758 26 6
378 811 2 10
378 834 20 3
378 965 22 2
378 1027 25 2
378 1070 23 4
379 396 46 6
379 397 6 5
379 398 38 1
379 399 40 5
379 432 2 4
379 640 11 4
379 641 23 1
379 661 41 3
379 690 7 9
379 715 47 5
379 726 4 8
379 866 34 3
379 930 39 2
379 935 27 10
379 972 8 4
379 990 14 6
379 997 3 4
379 1102 18 4
379 1156 9 7
379 1179 16 5
380 1051 16 8
381 633 15 2
384 611 27 1
384 678 2 8
389 429 34 9
389 602 1 1
390 548 8 10
394 528 39 1
394 1058 16 3
395 1009 7 10
396 536 37 6
398 428 34 6
400 401 6 6
400 402 42 2
400 403 1 5
400 404 31 10
400 405 23 2
400 406 4 10
400 407 7 4
400 500 34 7
400 531 3 5
400 563 34 9
400 622 41 10
400 685 22 8
400 698 6 5
400 866 44 1
400 972 20 3
400 1070 46 1
400 1103 37 5
401 402 30 1
401 403 38 7
401 404 48 7
401 405 25 1
401 408 7 9
401 409 48 1
401 410 17 7
401 411 47 7
401 412 44 7
401 413 1 8
401 414 20 4
401 431 17 10
401 463 6 9
401 551 36 9
401 685 44 3
401 690 42 3
401 725 4 6
401 812 32 1
401 881 38 2
401 990 47 1
401 995 16 2
401 1126 17 8
402 403 40 7
402 404 4 2
402 405 6 5
402 415 28 2
402 460 45 9
402 635 49 4
402 642 17 6
402 660 36 10
402 698 22 8
402 756 40 3
402 760 46 5
402 965 44 8
402 1065 37 1
402 1074 29 4
402 1120 35 7
403 404 2 10
403 405 21 6
403 416 23 3
403 417 42 9
403 418 50 9
403 419 36 5
403 420 1 2
403 421 19 7
403 533 43 4
403 561 8 6
403 620 18 1
403 635 24 3
403 641 23 6
403 655 44 6
403 662 12 10
403 690 19 10
403 716 8 8
403 812 30 6
403 911 17 6
403 935 22 4
403 990 47 10
403 1025 42 4
403 1065 35 10
403 1176 22 4
404 405 26 7
404 422 39 9
404 423 9 5
404 424 40 10
404 434 25 1
404 551 36 8
404 590 6 10
404 595 11 9
404 715 32 4
404 797 14 1
404 835 44 6
404 836 41 1
404 930 18 5
404 995 13 5
404 1179 45 6
405 425 22 2
405 426 44 5
405 427 16 5
405 428 47 7
405 429 13 7
405 504 15 6
405 655 11 4
405 727 24 10
405 796 8 4
405 867 15 10
405 883 12 9
405 913 32 9
405 936 41 10
405 972 43 10
405 1029 29 8
405 1101 7 2
405 1155 5 2
405 1157 26 8
407 583 28 10
407 769 24 3
410 907 25 1
410 925 9 9
411 887 34 6
412 626 47 7
413 538 36 2
415 440 18 4
416 515 42 2
420 451 26 1
423 1091 45 1
426 746 29 1
426 926 26 5
426 1151 11 2
427 785 40 6
428 1016 47 2
430 431 39 3
430 432 2 5
430 433 42 8
430 434 35 6
430 435 10 9
430 436 1 6
430 437 33 1
430 438 9 7
430 439 49 1
430 440 9 10
430 441 11 7
430 550 3 5
430 565 25 4
430 590 37 8
430 620 20 3
430 635 25 2
430 642 48 3
430 690 34 3
430 697 22 1
430 728 15 6
430 796 20 9
430 833 44 6
430 912 19 10
430 965 37 6
430 973 9 7
430 990 4 6
430 1029 31 6
430 1102 29 9
430 1123 12 1
430 1126 21 4
430 1157 37 2
431 432 23 10
431 433 33 4
431 434 27 10
431 442 33 4
431 443 30 4
431 444 31 8
431 445 8 10
431 446 3 4
431 530 15 2
431 564 12 1
431 621 27 6
431 685 42 8
431 716 29 9
431 725 22 1
431 810 30 9
431 883 10 6
431 885 5 5
431 939 42 9
431 971 31 1
431 990 20 6
431 996 49 6
431 998 36 9
431 1065 44 3
431 1070 30 1
431 1156 4 5
431 1177 9 4
431 1178 33 2
432 433 14 6
432 434 8 1
432 447 27 6
432 448 37 6
432 655 24 9
432 662 22 3
432 690 18 1
432 758 24 2
432 811 17 6
432 865 30 6
432 866 25 8
432 930 22 5
432 937 4 5
432 965 27 2
432 1025 1 3
432 1101 45 5
433 24 34 4
433 434 12 10
433 449 31 6
433 462 30 6
433 642 33 4
433 664 33 3
433 836 26 6
433 912 37 5
433 930 32 6
434 450 23 5
434 451 7 1
434 452 13 7
434 453 45 7
434 454 12 8
434 463 22 10
434 501 31 5
434 504 34 2
434 531 2 4
434 551 23 8
434 592 21 8
434 685 18 6
434 696 11 8
434 715 14 9
434 757 33 6
434 795 1 3
434 1065 24 3
434 1075 22 10
436 1147 46 2
437 539 29 1
439 473 13 3
439 606 25 10
443 1080 39 9
445 776 17 7
446 1181 45 9
447 687 50 10
447 969 34 7
449 844 11 7
451 772 41 10
451 949 48 9
455 456 36 9
455 457 28 1
455 458 16 4
455 459 29 1
455 460 3 2
455 461 45 2
455 462 47 9
455 463 36 5
455 464 9 7
455 465 4 4
455 466 50 5
455 551 7 8
455 685 30 9
455 728 43 10
455 796 23 7
455 811 35 9
455 883 42 3
455 912 34 9
455 990 15 8
455 1073 25 6
456 457 24 1
456 458 49 8
456 459 12 1
456 460 44 9
456 461 7 3
456 462 10 4
456 463 26 2
456 467 10 1
456 562 10 1
456 592 16 10
456 727 50 10
456 939 2 2
456 1031 15 3
456 1101 1 7
457 458 35 10
457 459 3 6
457 460 7 1
457 461 32 5
457 462 10 9
457 463 22 9
457 468 43 9
457 469 13 8
457 470 21 7
457 471 28 1
457 472 8 10
457 473 20 3
457 474 25 8
457 532 7 9
457 551 25 7
457 715 30 10
457 813 4 4
457 865 9 1
457 965 24 5
457 1071 45 5
457 1103 10 5
458 459 40 7
458 460 26 9
458 461 20 7
458 462 24 3
458 463 34 1
458 475 11 7
458 476 34 5
458 477 15 6
458 478 19 7
458 635 22 5
458 698 25 6
458 759 5 6
458 866 35 9
458 930 37 1
458 940 17 6
458 1065 1 9
459 460 6 8
459 461 50 2
459 462 14 7
459 463 18 10
459 479 37 3
459 504 27 10
459 690 13 8
459 911 23 5
459 930 21 1
459 995 15 7
460 461 31 1
460 462 35 3
460 463 49 7
460 480 15 8
460 481 22 1
460 482 46 6
460 565 21 8
460 620 2 10
460 622 19 10
460 655 2 6
460 685 23 5
460 965 31 4
460 972 48 1
460 1065 24 2
461 462 5 8
461 463 50 6
461 483 30 8
461 484 3 8
461 485 37 9
461 486 12 5
461 715 34 5
461 760 14 8
461 832 28 9
461 835 23 4
461 885 19 2
461 970 22 5
461 1179 32 4
462 463 4 3
462 487 50 4
462 488 12 10
462 489 49 8
462 490 45 4
462 491 45 7
462 492 49 9
462 493 16 7
462 494 20 1
462 504 34 2
462 635 31 1
462 641 40 7
462 642 50 5
462 660 42 9
462 690 26 5
462 695 4 10
462 990 27 1
462 1121 4 6
462 1155 13 4
462 1158 14 1
463 495 46 6
463 496 22 1
463 497 21 2
463 498 33 4
463 499 48 3
463 530 22 1
463 590 26 2
463 655 47 3
463 662 1 8
463 795 31 5
463 1000 4 8
463 1124 37 9
463 1175 26 9
464 1107 8 9
467 964 14 8
468 752 31 7
469 1116 14 9
469 1165 26 3
470 679 40 9
472 602 43 3
472 1099 10 1
473 629 39 3
478 575 29 8
479 722 2 1
479 748 44 2
483 840 50 9
484 678 11 6
485 1039 48 2
485 1114 26 6
489 1045 23 10
492 941 17 6
495 706 50 3
497 543 47 5
498 988 19 5
499 704 41 10
499 863 21 2
499 891 15 8
500 501 34 9
500 502 26 3
500 503 15 2
500 504 39 4
500 505 37 3
500 506 27 4
500 507 11 3
500 595 22 2
500 661 7 2
500 690 36 9
500 728 24 5
500 937 30 3
500 971 49 9
500 998 36 8
500 1027 1 4
500 1065 37 1
500 1120 28 2
501 502 33 3
501 503 26 5
501 504 24 5
501 505 10 4
501 508 25 4
501 509 17 2
501 510 26 6
501 551 30 1
501 590 48 9
501 635 24 10
501 655 1 10
501 685 12 3
501 690 30 9
501 695 22 6
501 725 43 9
501 965 6 8
501 1073 5 3
501 1123 6 6
501 1158 22 9
502 503 17 8
502 504 2 3
502 505 28 5
502 511 5 8
502 512 22 3
502 513 35 9
502 514 38 9
502 515 50 1
502 516 22 3
502 517 42 5
502 533 10 8
502 563 1 2
502 685 21 9
502 756 19 10
502 761 20 2
502 796 19 9
502 867 40 3
502 912 41 4
502 930 29 2
502 1065 38 3
502 1074 6 4
502 1178 22 5
503 504 28 1
503 505 49 2
503 518 22 8
503 519 46 6
503 520 24 7
503 521 21 6
503 522 13 10
503 621 19 5
503 622 3 4
503 655 38 9
503 695 24 4
503 796 2 4
503 810 49 9
503 930 22 2
503 996 22 7
504 505 28 6
504 523 42 6
504 524 32 5
504 561 10 6
504 640 45 4
504 716 35 7
504 882 34 6
504 965 27 5
504 971 45 4
504 990 43 5
504 1030 2 9
504 1102 28 6
504 1155 41 2
505 525 45 3
505 526 33 2
505 527 14 10
505 528 35 2
505 529 34 4
505 530 9 5
505 550 36 2
505 641 49 2
505 661 39 9
505 716 9 7
505 811 32 1
505 831 40 5
505 835 21 3
505 866 34 3
505 884 31 3
505 910 9 7
505 939 34 4
505 990 36 2
505 1102 18 9
506 574 36 2
506 947 39 8
506 1046 38 9
507 554 34 8
508 879 9 6
509 920 33 7
512 764 19 1
515 658 49 10
517 1144 17 3
518 981 28 1
522 598 20 6
522 794 20 8
522 852 19 6
523 963 20 9
525 653 4 5
526 1162 21 3
529 855 14 6
530 531 2 9
530 532 5 4
530 533 19 2
530 534 46 7
530 535 36 9
530 536 7 6
530 537 21 5
530 565 32 6
530 592 9 5
530 635 29 4
530 661 20 9
530 685 48 5
530 690 28 2
530 715 10 1
530 830 43 5
530 866 32 7
530 913 42 3
530 930 44 5
530 990 41 5
530 999 22 9
530 1071 22 10
530 1100 22 8
530 1124 47 9
530 1177 22 9
530 1178 6 2
531 532 28 10
531 533 7 7
531 538 50 10
531 539 15 8
531 540 26 4
531 541 6 10
531 542 7 7
531 562 31 7
531 620 4 8
531 622 42 7
531 635 1 2
531 685 46 2
531 729 19 4
531 797 26 6
531 832 4 6
531 965 1 2
531 971 5 4
531 1157 22 4
532 533 33 9
532 543 16 7
532 544 33 1
532 655 47 10
532 661 4 3
532 695 10 2
532 698 24 1
532 811 46 8
532 812 31 10
532 866 50 10
532 880 36 3
532 910 10 8
532 936 46 10
532 938 4 9
532 973 3 7
532 1026 20 3
532 1065 18 8
532 1155 33 1
533 545 42 4
533 546 15 7
533 547 22 8
533 548 23 2
533 549 28 3
533 550 35 6
533 551 39 9
533 594 5 10
533 641 20 1
533 655 37 10
533 729 34 7
533 758 18 7
533 762 27 10
533 796 50 5
533 880 2 4
533 930 12 2
533 965 48 7
533 1000 19 8
533 1027 41 10
533 1074 28 1
533 1102 50 10
533 1121 16 10
534 1166 1 9
536 814 2 10
539 567 49 7
539 991 25 6
540 548 50 2
542 893 8 2
543 946 50 5
545 629 25 4
546 571 20 5
548 645 28 3
548 863 17 4
548 1034 35 8
549 794 31 9
550 551 22 10
550 552 6 6
550 553 44 3
550 590 49 10
550 620 10 10
550 635 2 10
550 640 36 7
550 655 15 4
550 662 30 3
550 685 17 6
550 690 32 6
550 698 17 6
550 716 10 4
550 757 15 6
550 762 25 4
550 832 36 3
550 866 9 3
550 884 45 8
550 912 8 4
550 930 48 5
550 965 45 7
550 971 5 8
550 990 25 8
550 1026 22 5
550 1065 36 8
550 1101 7 9
550 1124 36 9
551 554 14 1
551 555 47 2
551 556 11 10
551 557 12 1
551 558 50 4
551 559 10 9
551 560 29 1
551 592 50 5
551 620 27 9
551 642 31 7
551 655 35 3
551 662 16 3
551 685 3 6
551 690 1 1
551 725 36 10
551 729 18 3
551 795 13 9
551 796 40 2
551 810 3 4
551 813 31 6
551 831 30 9
551 865 38 4
551 885 35 1
551 912 37 7
551 930 9 6
551 939 10 9
551 965 13 4
551 973 30 1
551 990 40 1
551 996 40 1
551 1000 29 6
551 1032 46 6
551 1065 9 8
551 1075 40 1
551 1100 1 8
551 1122 48 4
551 1156 4 5
551 1157 8 6
551 1176 25 9
551 1179 12 5
553 583 5 2
553 677 19 3
557 638 26 6
558 799 42 8
560 561 18 3
560 562 31 9
560 563 50 9
560 564 26 7
560 565 26 3
560 566 47 4
560 641 37 8
560 695 20 1
560 715 24 1
560 716 30 3
560 833 41 3
560 867 38 4
560 930 25 5
560 965 42 7
561 562 15 10
561 563 10 2
561 564 19 3
561 565 32 4
561 567 7 5
561 568 3 8
561 569 8 2
561 594 36 6
561 621 21 1
561 795 23 4
561 831 32 2
561 866 24 1
561 883 25 10
561 911 38 8
561 937 19 5
561 990 40 4
561 1029 10 6
561 1177 5 5
562 563 40 9
562 564 2 8
562 565 11 7
562 570 12 3
562 571 6 10
562 572 49 10
562 573 19 6
562 620 45 5
562 664 49 5
562 696 43 4
562 725 40 5
562 965 38 6
562 972 31 1
562 995 5 7
562 1065 34 1
562 1071 18 6
562 1125 8 7
563 564 22 9
563 565 12 3
563 574 45 10
563 575 40 9
563 576 19 8
563 655 18 10
563 663 42 4
563 685 43 1
563 690 40 1
563 940 4 3
563 971 25 8
563 997 3 3
563 1157 3 10
563 1158 45 1
564 565 40 1
564 577 29 10
564 578 49 1
564 579 40 10
564 580 44 5
564 581 12 7
564 582 43 8
564 583 2 4
564 584 13 8
564 594 18 6
564 755 24 6
564 762 4 2
564 795 46 6
564 812 14 5
564 911 14 1
564 1075 32 7
564 1102 23 10
564 1103 11 2
565 585 9 10
565 586 40 2
565 587 16 5
565 588 42 1
565 589 43 8
565 635 5 1
565 641 15 4
565 655 20 4
565 690 14 7
565 729 24 8
565 811 38 4
565 882 26 3
565 930 41 5
565 990 22 7
565 1030 19 1
565 1120 49 2
565 1175 48 1
568 974 19 7
570 1034 11 7
570 1051 8 2
576 495 29 7
576 950 26 2
576 1036 18 10
576 1184 4 5
578 804 48 8
578 1082 42 9
579 612 50 5
581 953 50 1
581 1111 6 8
583 843 27 6
587 902 14 2
588 1088 11 9
590 591 8 4
590 592 28 2
590 593 16 10
590 594 36 4
590 595 43 7
590 596 50 5
590 635 20 5
590 655 48 5
590 690 3 10
590 716 12 9
590 755 11 9
590 813 42 6
590 866 49 6
590 912 12 10
590 965 3 2
590 996 26 10
590 1158 24 8
591 592 41 10
591 593 20 7
591 594 1 2
591 595 4 10
591 597 5 5
591 598 24 4
591 599 26 9
591 600 24 5
591 635 39 7
591 655 13 1
591 663 43 7
591 685 39 2
591 726 17 9
591 727 26 2
591 813 24 2
591 936 26 7
591 990 34 2
591 1101 4 5
591 1126 31 10
592 593 35 7
592 594 47 2
592 595 35 2
592 601 26 6
592 602 5 8
592 603 17 7
592 795 36 4
592 796 18 4
592 830 39 9
592 930 31 6
592 965 16 8
592 970 36 2
592 1065 48 7
593 594 44 3
593 595 7 1
593 604 8 2
593 605 20 10
593 606 36 2
593 607 19 3
593 608 23 7
593 609 24 8
593 610 42 1
593 611 29 10
593 620 48 10
593 642 12 8
593 660 6 8
593 695 48 6
593 762 36 9
593 832 10 8
593 866 40 10
593 1027 29 8
593 1071 40 4
593 1072 43 10
593 1157 3 1
593 1175 4 3
594 595 4 10
594 612 48 8
594 613 43 5
594 614 34 1
594 685 33 5
594 696 9 9
594 885 34 5
594 913 43 8
594 972 3 6
594 1065 5 2
595 615 23 3
595 616 39 10
595 617 24 10
595 618 16 8
595 619 1 5
595 620 39 1
595 641 46 1
595 690 42 10
595 716 30 3
595 880 33 3
595 930 26 4
595 938 25 6
595 999 27 6
595 1101 43 5
595 1122 28 10
595 1175 39 7
596 826 14 10
599 647 31 7
599 905 39 1
600 1108 8 3
602 802 12 7
602 821 32 7
603 1148 49 9
609 742 21 2
614 619 38 1
617 719 24 2
617 877 48 10
617 1056 5 8
618 1083 9 9
619 653 4 5
619 694 3 4
620 621 32 1
620 622 42 5
620 623 47 6
620 624 46 5
620 625 28 5
620 626 39 7
620 627 29 2
620 628 32 4
620 655 7 1
620 685 8 9
620 690 43 9
620 695 46 6
620 757 23 7
620 796 7 9
620 831 35 6
620 882 30 7
620 930 49 10
620 935 12 3
620 965 41 1
620 990 5 6
620 1000 49 5
620 1030 42 5
620 1065 46 7
620 1071 13 7
620 1122 5 1
620 1126 33 4
620 1156 2 2
620 1176 50 3
621 622 38 1
621 629 50 2
621 635 18 2
621 640 19 3
621 655 7 8
621 664 20 5
621 716 14 9
621 812 39 3
621 836 45 1
621 913 36 4
621 930 31 8
621 965 23 3
621 972 19 3
621 973 21 10
621 998 7 3
621 1065 21 6
621 1155 4 3
622 630 26 3
622 631 25 4
622 632 50 5
622 633 50 8
622 634 36 10
622 635 14 9
622 641 10 7
622 685 1 7
622 690 22 9
622 696 15 1
622 715 5 6
622 725 5 4
622 729 46 3
622 756 26 10
622 797 42 8
622 812 14 6
622 866 38 1
622 867 38 10
622 883 23 4
622 910 30 4
622 938 9 10
622 1071 35 1
622 1102 17 3
622 1103 23 3
622 1176 7 9
634 807 20 8
635 636 42 8
635 637 50 7
635 638 14 8
635 639 37 6
635 641 5 4
635 642 5 7
635 655 18 3
635 660 20 5
635 661 39 1
635 685 48 7
635 690 27 3
635 696 50 8
635 698 14 8
635 715 27 10
635 725 33 5
635 727 46 7
635 757 49 9
635 762 46 6
635 795 26 3
635 796 47 8
635 812 32 7
635 813 15 2
635 835 2 5
635 836 21 9
635 865 47 6
635 880 30 9
635 881 7 5
635 912 10 9
635 913 23 3
635 930 39 10
635 936 14 3
635 939 12 2
635 965 36 8
635 971 19 1
635 972 12 4
635 990 25 5
635 998 4 7
635 999 19 10
635 1027 16 8
635 1032 43 6
635 1065 4 5
635 1070 9 2
635 1072 21 9
635 1103 45 1
635 1122 5 6
635 1125 33 4
635 1158 22 5
635 1175 22 10
635 1179 10 1
639 821 19 4
640 641 9 10
640 642 36 8
640 643 18 4
640 644 36 8
640 645 50 6
640 663 7 8
640 685 30 7
640 696 39 9
640 715 9 5
640 716 31 5
640 759 12 3
640 833 25 1
640 867 9 8
640 880 19 5
640 882 10 7
640 911 27 8
640 965 47 7
640 990 37 9
640 998 17 1
640 1065 3 3
640 1176 48 2
641 642 33 3
641 646 50 2
641 647 30 9
641 648 24 7
641 649 42 10
641 655 20 8
641 685 25 7
641 690 41 10
641 696 29 9
641 730 40 6
641 758 24 2
641 795 47 5
641 797 6 4
641 813 32 3
641 832 48 5
641 910 40 3
641 930 1 8
641 939 41 6
641 971 19 2
641 990 6 3
641 997 34 9
641 1075 32 3
641 1123 8 7
641 1156 32 6
642 650 46 10
642 651 29 9
642 652 7 1
642 653 21 3
642 654 9 8
642 655 13 1
642 660 5 4
642 726 10 7
642 811 44 4
642 867 13 2
642 930 27 4
642 965 31 9
642 970 29 9
642 1029 12 7
642 1031 31 3
642 1071 31 3
642 1100 38 9
642 1101 6 4
642 1123 21 3
642 1156 32 9
643 721 26 9
645 978 32 1
645 1022 12 3
647 861 9 8
652 1195 46 8
653 781 6 2
655 656 3 2
655 657 38 1
655 658 50 10
655 659 45 10
655 661 47 10
655 662 20 4
655 685 5 1
655 690 14 10
655 695 19 6
655 698 4 8
655 715 48 9
655 716 32 1
655 726 2 9
655 727 40 4
655 756 41 4
655 761 20 9
655 797 32 4
655 811 29 6
655 812 6 5
655 831 11 6
655 833 30 10
655 865 45 5
655 867 33 8
655 883 36 4
655 884 23 8
655 911 24 9
655 930 44 8
655 935 10 6
655 936 11 4
655 965 46 3
655 970 46 9
655 990 3 7
655 999 17 2
655 1000 45 5
655 1025 48 9
655 1028 48 4
655 1065 9 10
655 1070 32 8
655 1072 45 4
655 1102 41 5
655 1103 19 4
655 1124 32 3
655 1125 22 8
655 1155 42 10
655 1157 26 8
655 1175 2 3
655 1179 23 6
656 737 11 4
660 661 11 2
660 662 17 5
660 663 7 4
660 664 4 7
660 665 29 4
660 666 33 1
660 667 19 9
660 668 28 9
660 669 34 10
660 690 31 5
660 728 24 9
660 759 47 2
660 762 4 9
660 797 30 2
660 810 25 3
660 880 38 9
660 911 43 1
660 940 33 5
660 1032 1 9
660 1065 36 1
660 1071 3 5
661 662 36 4
661 663 36 9
661 664 28 6
661 670 33 2
661 671 22 5
661 685 39 5
661 716 5 4
661 796 24 2
661 865 1 8
661 912 43 7
661 935 32 4
661 965 24 7
661 972 45 4
661 1176 10 5
661 1177 22 6
662 663 26 7
662 664 43 2
662 672 13 6
662 673 25 5
662 674 25 2
662 675 47 6
662 676 41 6
662 677 7 8
662 832 2 5
662 833 32 8
662 867 39 8
662 884 44 10
662 965 31 2
662 990 23 9
662 996 9 4
662 1032 17 7
662 1120 13 10
662 1156 31 5
662 1158 7 9
663 664 7 9
663 678 20 9
663 679 49 8
663 680 7 9
663 681 37 6
663 690 40 9
663 715 42 3
663 971 7 9
663 990 46 1
663 999 24 6
663 1122 4 1
664 682 36 10
664 683 42 6
664 684 43 5
664 685 18 7
664 695 2 2
664 698 27 3
664 726 24 2
664 813 14 5
664 930 6 3
664 1065 2 1
664 1070 14 1
664 1100 23 2
664 1103 10 5
670 1009 11 5
671 1038 15 10
672 807 31 2
673 1056 24 1
680 801 2 6
680 989 29 8
681 1199 45 4
682 703 14 4
683 897 34 4
685 686 44 5
685 687 22 7
685 688 31 6
685 689 40 6
685 690 3 5
685 697 8 6
685 698 50 6
685 715 20 5
685 729 50 6
685 730 36 4
685 757 11 7
685 759 47 6
685 795 42 7
685 810 4 6
685 812 2 7
685 830 12 1
685 836 12 6
685 865 45 4
685 867 27 9
685 883 20 8
685 885 34 10
685 911 29 7
685 930 24 6
685 935 2 9
685 938 16 1
685 965 38 6
685 971 43 6
685 973 13 6
685 990 11 10
685 999 48 10
685 1000 18 5
685 1027 45 5
685 1028 17 8
685 1065 28 4
685 1070 37 3
685 1071 12 5
685 1100 9 1
685 1122 36 9
685 1124 29 3
685 1157 23 1
685 1176 24 1
685 1177 17 3
690 691 21 10
690 692 34 6
690 693 26 8
690 694 45 2
690 696 17 9
690 698 41 1
690 715 41 1
690 725 36 9
690 728 36 4
690 756 49 1
690 762 24 2
690 797 9 5
690 811 42 7
690 813 5 7
690 834 28 6
690 835 50 4
690 867 39 1
690 880 40 9
690 881 49 10
690 910 45 1
690 913 32 4
690 930 41 10
690 938 44 8
690 940 35 8
690 965 3 5
690 971 41 10
690 972 43 10
690 990 36 5
690 998 30 10
690 999 1 7
690 1025 14 2
690 1031 16 6
690 1065 17 9
690 1074 45 9
690 1075 27 4
690 1101 7 7
690 1125 2 7
690 1126 35 2
690 1155 11 10
690 1156 40 6
690 1175 4 3
690 1179 20 4
691 793 32 5
695 696 37 7
695 697 9 4
695 698 32 1
695 699 23 6
695 700 18 7
695 701 41 5
695 702 21 8
695 703 18 6
695 704 44 9
695 761 41 1
695 797 9 8
695 811 4 6
695 836 25 3
695 882 11 3
695 937 7 8
695 965 13 9
695 1072 6 2
695 1156 40 9
696 697 7 10
696 698 23 5
696 705 26 9
696 706 11 4
696 715 3 5
696 725 22 4
696 865 5 3
696 935 21 4
696 990 28 10
696 1065 40 1
696 1101 46 3
696 1126 46 4
696 1156 6 3
697 698 14 6
697 707 9 2
697 708 26 3
697 709 42 9
697 710 21 6
697 725 2 8
697 832 17 3
697 866 49 8
697 881 47 4
697 930 41 1
697 990 39 5
697 1025 6 2
697 1026 7 1
697 1071 38 4
697 1100 33 5
697 1121 39 3
697 1175 35 1
697 1176 45 2
698 711 32 2
698 712 10 7
698 713 38 3
698 714 23 3
698 716 1 10
698 756 38 4
698 797 31 3
698 813 32 3
698 910 50 9
698 911 17 9
698 972 8 6
698 999 26 6
698 1000 15 5
700 1051 3 6
700 1149 22 3
707 1131 28 7
709 876 20 9
709 948 4 2
713 907 46 9
713 1133 35 7
714 988 34 4
715 716 40 5
715 717 33 10
715 718 48 6
715 719 28 9
715 720 2 5
715 726 34 9
715 730 30 3
715 796 20 1
715 797 13 7
715 812 5 9
715 883 1 3
715 939 3 10
715 965 32 4
715 973 29 7
715 997 4 7
715 999 49 3
715 1101 39 7
716 721 44 7
716 722 8 10
716 723 26 3
716 724 43 10
716 756 45 8
716 761 11 1
716 830 27 3
716 836 18 7
716 865 11 3
716 867 48 6
716 912 47 9
716 913 34 10
716 930 28 3
716 940 50 8
716 965 26 5
716 973 36 4
716 990 39 4
716 1025 13 2
716 1028 46 5
716 1065 14 10
716 1072 43 9
716 1073 5 8
716 1120 2 3
716 1124 28 9
716 1156 24 7
716 1157 36 7
716 1175 28 3
716 1179 47 5
718 1036 9 9
721 928 20 9
722 1039 1 1
723 1008 41 10
725 726 3 8
725 727 24 6
725 728 40 9
725 729 42 9
725 730 24 6
725 731 44 4
725 732 29 4
725 733 21 6
725 734 14 1
725 735 23 8
725 810 25 2
725 865 16 5
725 965 39 7
725 1065 47 10
725 1074 49 1
725 1122 14 6
726 727 2 9
726 728 39 3
726 729 30 6
726 730 35 2
726 736 8 10
726 737 3 10
726 738 48 9
726 739 11 5
726 795 45 2
726 796 41 2
726 832 31 8
726 930 2 1
726 973 39 8
726 1103 22 1
726 1175 41 10
727 728 24 8
727 729 42 1
727 730 42 1
727 740 9 1
727 741 6 2
727 742 13 4
727 755 7 6
727 757 23 8
727 939 22 6
727 965 26 10
727 1065 6 3
728 729 8 7
728 730 30 4
728 743 19 8
728 812 29 1
728 911 39 5
728 913 24 10
728 938 34 8
728 990 28 2
728 998 32 6
728 999 47 3
728 1156 19 4
729 730 27 4
729 744 37 2
729 745 26 7
729 746 13 9
729 747 42 4
729 748 5 2
729 749 44 6
729 750 33 4
729 751 25 9
729 830 24 7
729 867 14 9
729 882 19 3
729 1027 33 2
729 1030 32 9
729 1122 47 9
729 1156 18 6
730 752 40 9
730 753 31 10
730 754 38 5
730 880 36 9
730 930 7 4
730 972 22 2
730 990 3 4
730 1073 30 5
730 1100 5 1
730 1179 38 2
734 1190 42 10
735 1037 26 3
738 846 22 10
741 983 11 2
747 893 49 9
750 864 30 2
751 942 17 2
753 825 28 4
753 888 31 10
755 756 30 1
755 757 39 4
755 758 49 3
755 759 25 3
755 760 42 4
755 761 22 10
755 762 47 5
755 763 5 9
755 764 11 9
755 765 8 2
755 766 38 9
755 767 16 1
755 768 6 3
755 769 7 9
755 830 41 2
755 973 40 5
755 1029 34 2
755 1101 34 3
756 757 38 10
756 758 25 7
756 759 6 7
756 760 7 3
756 761 23 3
756 762 48 5
756 770 6 6
756 771 49 10
756 772 10 4
756 773 22 3
756 865 36 4
756 938 13 10
756 997 48 9
756 1070 28 7
756 1100 29 2
757 758 48 8
757 759 46 7
757 760 14 1
757 761 49 3
757 762 25 2
757 774 40 1
757 775 26 3
757 776 34 8
757 777 12 8
757 778 28 1
757 912 16 2
757 970 50 2
757 1123 9 5
758 759 29 5
758 760 47 2
758 761 42 7
758 762 3 4
758 779 8 3
758 780 4 5
758 781 3 1
758 811 24 9
758 866 17 2
758 930 28 9
758 990 31 3
758 1065 24 2
758 1155 49 2
758 1157 3 9
758 1177 37 5
759 760 48 9
759 761 28 5
759 762 44 6
759 782 28 10
759 783 42 4
759 797 19 8
759 811 22 10
759 884 47 7
759 938 38 1
759 997 31 4
760 761 45 8
760 762 49 2
760 784 15 5
760 785 24 10
760 786 14 6
760 787 46 3
760 881 43 2
760 965 36 1
760 1032 40 9
760 1065 19 9
760 1123 29 1
760 1176 7 6
761 762 6 8
761 788 2 9
761 789 4 8
761 790 37 8
761 791 13 7
761 965 40 4
761 990 27 8
761 1075 5 6
762 792 45 10
762 793 3 6
762 794 12 2
762 795 46 9
762 836 24 2
762 912 50 9
762 930 23 7
763 814 13 10
763 955 21 7
764 1010 4 9
767 1131 48 6
771 775 27 2
775 954 37 7
782 1011 8 4
785 803 23 9
787 806 3 4
787 901 17 3
788 849 22 10
792 1167 20 5
795 796 13 6
795 797 14 5
795 798 26 9
795 799 38 2
795 800 2 5
795 801 26 8
795 836 25 7
795 885 9 9
795 938 9 4
795 965 46 10
795 990 5 8
795 996 24 9
795 999 35 1
795 1071 22 3
795 1072 43 8
795 1102 15 10
795 1120 24 6
795 1158 28 7
796 797 49 2
796 802 27 3
796 803 14 2
796 804 40 2
796 805 50 9
796 806 49 7
796 807 35 9
796 808 40 4
796 866 39 10
796 913 26 1
796 930 37 2
796 935 38 6
796 965 49 5
796 971 20 4
796 1031 25 5
796 1100 48 8
796 1155 37 2
796 1176 15 6
797 809 4 7
797 811 49 10
797 813 38 9
797 834 9 4
797 867 42 3
797 882 38 1
797 913 11 4
797 971 15 1
797 990 45 5
797 1030 19 10
797 1065 1 3
797 1125 24 7
797 1178 4 3
803 823 1 2
807 858 34 5
808 986 39 4
808 1192 26 7
809 931 28 9
810 811 31 5
810 812 35 10
810 813 18 7
810 814 35 5
810 815 23 10
810 816 28 7
810 912 2 5
810 937 11 4
810 939 11 10
810 965 42 4
810 1065 20 6
811 812 32 4
811 813 7 10
811 817 38 6
811 818 16 6
811 819 28 10
811 820 10 1
811 913 4 4
811 930 46 7
811 990 31 6
811 1025 26 7
811 1027 14 10
811 1075 17 8
811 1157 5 2
811 1178 25 6
812 813 41 3
812 821 28 10
812 822 41 7
812 973 48 5
812 990 25 5
812 998 23 5
812 1000 29 8
812 1075 11 3
812 1102 29 3
812 1120 30 7
812 1125 50 5
812 1157 3 5
812 1178 30 1
813 823 31 1
813 824 6 10
813 825 22 7
813 826 34 5
813 827 47 3
813 828 14 7
813 829 43 7
813 830 9 3
813 834 7 8
813 865 2 8
813 866 13 7
813 880 16 9
813 883 40 2
813 930 26 10
813 1065 9 4
813 1103 38 2
814 1147 19 5
816 863 8 5
816 1159 32 8
822 921 39 7
822 979 21 10
823 1162 45 8
824 896 42 8
826 1013 47 10
829 1048 28 3
830 831 11 3
830 832 50 2
830 833 26 10
830 834 40 3
830 835 40 7
830 836 14 10
830 837 2 1
830 865 48 6
830 883 18 7
830 1072 41 8
831 832 28 4
831 833 22 4
831 834 20 6
831 835 40 8
831 836 47 1
831 838 28 9
831 839 37 6
831 840 42 5
831 865 4 7
831 911 37 9
831 912 7 4
831 930 23 1
831 1025 19 2
831 1102 2 3
831 1120 7 6
831 1156 32 8
832 833 20 1
832 834 36 1
832 835 30 6
832 836 45 1
832 841 2 5
832 842 30 8
832 843 3 10
832 844 15 6
832 845 26 8
832 846 42 7
832 965 41 3
832 1032 16 5
833 834 41 3
833 835 39 7
833 836 4 4
833 847 46 8
833 848 15 9
833 849 2 1
833 850 30 6
833 851 14 3
833 852 48 9
833 1073 37 9
833 1126 28 10
833 1155 41 5
834 835 32 9
834 836 39 8
834 853 14 2
834 854 16 2
834 855 28 8
834 940 16 2
834 972 13 3
834 1065 27 7
834 1176 17 2
834 1179 10 6
835 836 22 6
835 856 23 10
835 857 14 3
835 858 13 5
835 859 9 1
835 860 3 6
835 881 46 3
835 939 7 1
835 971 35 6
835 990 26 7
836 861 6 10
836 862 25 7
836 863 16 5
836 864 2 4
836 930 38 8
836 965 27 7
836 990 15 1
836 996 5 7
836 999 3 10
836 1065 47 4
836 1102 42 6
838 1011 27 9
847 934 14 2
854 949 39 6
860 979 41 9
861 1163 13 10
861 1197 21 6
862 1017 25 9
864 1114 49 7
865 866 22 2
865 867 9 7
865 868 10 9
865 881 8 7
865 883 2 1
865 911 14 3
865 912 35 4
865 972 22 5
865 1100 17 6
865 1155 47 10
865 1176 23 6
866 867 35 8
866 869 19 3
866 870 39 3
866 871 19 3
866 872 2 3
866 873 21 6
866 874 15 6
866 930 50 4
866 937 30 5
866 965 31 2
866 990 23 1
866 995 31 6
866 999 25 5
866 1065 24 9
866 1070 4 3
866 1122 20 5
867 875 21 3
867 876 50 5
867 877 15 8
867 878 43 10
867 879 14 3
867 935 12 9
867 965 24 3
867 972 48 7
867 1025 42 8
867 1030 42 6
867 1065 17 6
867 1075 22 10
867 1103 12 1
867 1155 46 9
868 1137 1 10
875 992 44 2
875 1113 17 8
880 881 11 5
880 882 41 5
880 883 47 4
880 884 46 7
880 885 26 5
880 886 6 10
880 887 14 3
880 888 27 5
880 889 46 1
880 890 13 3
880 891 20 10
880 912 38 1
880 965 22 8
880 997 22 2
880 1026 46 2
880 1032 10 1
880 1065 35 2
880 1122 10 5
880 1123 43 6
880 1157 6 6
881 882 35 7
881 883 15 5
881 884 16 1
881 885 41 8
881 892 40 4
881 893 33 10
881 894 42 8
881 895 23 10
881 896 38 6
881 910 43 6
881 936 45 9
881 990 43 3
881 1177 13 1
882 883 47 9
882 884 48 3
882 885 13 8
882 897 23 3
882 898 30 9
882 899 43 7
882 900 28 8
882 901 13 6
882 902 47 10
882 930 40 8
882 995 36 1
882 1157 44 1
883 884 26 6
883 885 21 7
883 903 37 9
883 939 23 1
883 965 4 10
883 971 45 7
883 990 7 10
883 1071 22 6
883 1074 33 10
883 1101 13 2
884 885 16 9
884 904 26 9
884 905 5 1
884 906 47 4
884 930 42 5
884 1065 21 5
884 1101 44 10
884 1177 10 3
885 907 45 8
885 908 16 1
885 909 46 10
885 973 20 2
886 1078 4 5
887 926 32 5
887 1134 26 3
888 925 13 1
888 1131 24 7
889 1166 25 1
890 1181 46 3
895 1078 8 6
900 1059 11 3
901 1092 41 3
902 1041 30 3
903 982 26 1
905 1053 2 1
905 1199 11 5
910 911 8 6
910 912 21 4
910 913 13 9
910 914 42 7
910 915 35 3
910 916 2 4
910 917 44 4
910 918 31 6
910 930 21 1
910 965 19 2
910 990 44 2
910 999 47 1
910 1100 8 8
910 1155 11 10
911 912 45 2
911 913 27 4
911 919 16 10
911 920 50 8
911 936 40 5
911 965 16 1
911 990 9 8
911 1073 42 2
911 1075 50 3
911 1123 41 10
911 1156 46 7
912 913 49 7
912 921 37 3
912 922 10 3
912 930 15 2
912 972 37 9
912 996 28 2
912 1031 15 9
912 1065 18 7
913 923 32 3
913 924 18 7
913 925 41 5
913 926 47 3
913 927 24 1
913 928 7 3
913 929 21 8
913 938 41 7
913 971 27 8
913 1026 8 1
913 1065 23 2
913 1121 49 3
913 1175 42 7
913 1177 25 4
916 1084 42 1
924 1059 44 6
930 931 43 4
930 932 10 8
930 933 23 2
930 934 24 9
930 938 22 9
930 940 16 3
930 965 32 4
930 972 47 6
930 990 27 9
930 997 5 8
930 1000 19 10
930 1025 27 7
930 1026 27 2
930 1065 26 1
930 1070 25 6
930 1074 24 4
930 1103 44 2
930 1121 13 6
930 1124 2 4
930 1156 32 5
930 1157 41 3
930 1178 30 6
931 1099 15 5
933 1183 14 5
935 936 18 7
935 937 41 2
935 938 8 6
935 939 34 4
935 940 32 4
935 941 20 8
935 942 40 9
935 943 13 10
935 944 20 8
935 1071 47 4
935 1158 22 9
936 937 18 4
936 938 23 7
936 939 11 5
936 940 45 7
936 945 2 3
936 946 11 10
936 947 11 5
936 948 10 4
936 949 40 2
936 950 3 7
936 965 38 9
936 990 46 1
936 1065 14 5
936 1121 50 4
936 1157 34 9
936 1178 40 1
937 938 40 6
937 939 47 5
937 940 21 9
937 951 42 1
937 952 16 6
937 953 42 8
937 954 22 8
937 955 49 1
937 1100 45 10
938 939 5 6
938 940 45 10
938 956 18 7
938 957 22 8
938 972 25 7
938 996 46 6
938 998 5 1
938 1025 10 10
938 1065 17 1
938 1071 43 2
938 1103 21 10
939 940 18 4
939 958 9 2
939 965 29 5
939 972 30 5
939 1124 16 7
940 959 9 2
940 960 32 10
940 961 1 7
940 962 31 7
940 963 19 1
940 964 30 10
940 990 38 5
940 1029 28 9
940 1176 38 1
943 979 27 3
955 961 14 7
965 966 4 4
965 967 8 10
965 968 22 10
965 969 42 7
965 970 18 9
965 973 15 5
965 990 46 2
965 998 2 1
965 999 29 2
965 1030 6 7
965 1032 16 10
965 1065 28 1
965 1072 43 2
965 1074 19 7
965 1101 10 5
965 1102 43 9
965 1120 25 7
965 1125 2 3
965 1156 38 5
965 1157 37 3
965 1177 21 1
965 1179 27 10
970 971 30 2
970 972 28 6
970 973 43 1
970 974 18 3
970 975 50 4
970 976 9 8
970 977 39 4
970 978 11 3
970 990 31 10
970 1028 1 4
970 1126 22 4
971 972 38 9
971 973 6 10
971 979 26 9
971 980 15 1
971 981 8 7
971 982 2 9
971 995 27 7
971 1000 5 3
971 1028 49 3
971 1103 22 5
971 1120 37 7
971 1156 28 5
971 1175 36 8
971 1178 26 2
972 973 40 6
972 983 35 7
972 984 6 9
972 985 8 1
972 986 41 7
972 1158 10 6
973 987 44 3
973 988 39 7
973 989 43 9
973 1065 36 1
973 1075 12 1
973 1103 49 6
982 989 1 3
982 1131 29 5
990 991 23 2
990 992 17 7
990 993 44 3
990 994 18 6
990 996 21 6
990 1000 36 3
990 1029 42 5
990 1031 33 1
990 1065 6 10
990 1072 27 2
990 1073 50 4
990 1101 9 6
990 1103 16 7
990 1121 29 3
990 1123 26 6
990 1155 9 6
990 1156 45 3
990 1175 36 2
990 1179 38 9
995 996 14 6
995 997 40 8
995 998 23 9
995 999 10 9
995 1000 43 5
995 1001 28 5
995 1002 34 4
995 1003 47 3
995 1004 12 3
995 1029 16 10
995 1074 18 2
995 1126 9 1
995 1176 12 8
995 1177 24 8
996 997 6 3
996 998 39 7
996 999 27 2
996 1000 23 2
996 1005 27 3
996 1006 16 10
996 1007 34 7
996 1008 24 8
996 1031 50 8
996 1065 40 9
997 998 31 2
997 999 47 10
997 1000 3 6
997 1009 36 2
997 1010 35 5
997 1011 33 7
997 1012 35 1
997 1155 34 8
997 1157 49 7
998 999 34 4
998 1000 5 7
998 1013 44 8
998 1014 5 7
998 1015 26 5
998 1016 7 4
998 1017 23 5
998 1100 9 7
999 1000 23 9
999 1018 2 5
999 1019 50 6
999 1020 3 1
999 1065 32 1
999 1121 24 2
1000 1021 30 6
1000 1022 17 7
1000 1023 16 10
1000 1024 49 10
1000 1070 18 4
1000 1100 40 9
1003 1039 40 5
1005 1191 24 6
1010 1043 15 4
1010 1055 1 7
1011 1016 21 4
1018 1199 32 3
1025 1026 9 2
1025 1027 38 3
1025 1028 40 4
1025 1029 32 6
1025 1030 26 9
1025 1031 18 2
1025 1032 50 6
1025 1033 38 7
1025 1034 1 7
1025 1126 13 7
1026 1027 7 1
1026 1028 3 9
1026 1029 37 3
1026 1030 27 5
1026 1031 15 9
1026 1032 32 6
1026 1035 42 10
1026 1036 40 8
1026 1037 45 6
1026 1038 48 10
1026 1072 6 3
1026 1123 8 2
1026 1179 21 1
1027 1028 24 7
1027 1029 16 7
1027 1030 23 2
1027 1031 11 5
1027 1032 46 7
1027 1039 4 2
1027 1040 18 10
1027 1041 28 8
1027 1042 15 6
1027 1043 47 8
1027 1065 42 1
1027 1176 15 9
1028 1029 8 7
1028 1030 50 1
1028 1031 42 5
1028 1032 15 4
1028 1044 27 10
1028 1045 30 3
1028 1046 26 2
1028 1047 6 10
1028 1048 26 5
1028 1156 12 5
1029 1030 12 3
1029 1031 2 3
1029 1032 10 2
1029 1049 43 5
1029 1050 10 7
1029 1051 45 1
1029 1065 36 2
1029 1156 23 4
1030 1031 33 2
1030 1032 36 2
1030 1052 43 8
1030 1053 12 1
1030 1054 35 9
1030 1055 10 6
1030 1056 23 6
1030 1057 31 2
1030 1058 30 6
1030 1100 32 1
1031 1032 14 9
1031 1059 21 8
1031 1060 20 10
1031 1061 23 7
1031 1100 30 10
1032 1062 16 4
1032 1063 42 8
1032 1064 16 10
1032 1072 12 4
1044 1092 31 6
1048 1189 4 5
1053 1114 43 7
1064 1067 46 7
1065 1066 24 8
1065 1067 50 5
1065 1068 22 6
1065 1069 15 4
1065 1070 14 8
1065 1075 22 2
1065 1100 44 6
1065 1103 38 1
1065 1120 1 9
1065 1123 47 9
1065 1158 47 6
1065 1177 36 7
1065 1179 16 6
1066 1150 26 7
1070 1071 19 5
1070 1072 1 9
1070 1073 38 1
1070 1074 36 5
1070 1075 19 4
1070 1076 45 5
1070 1077 23 2
1070 1078 38 4
1070 1079 38 2
1070 1080 43 7
1071 1072 8 8
1071 1073 24 4
1071 1074 33 5
1071 1075 38 7
1071 1081 41 9
1071 1082 14 4
1071 1083 35 3
1071 1084 8 1
1071 1085 4 1
1071 1155 33 6
1071 1175 19 7
1072 1073 36 9
1072 1074 41 9
1072 1075 4 6
1072 1086 38 4
1072 1087 16 4
1072 1088 29 8
1072 1089 27 5
1072 1090 5 8
1072 1100 40 9
1073 1074 23 4
1073 1075 29 7
1073 1091 24 8
1073 1103 9 10
1074 1075 6 3
1074 1092 13 8
1074 1093 27 2
1074 1094 18 4
1074 1095 41 3
1074 1156 20 9
1075 1096 26 4
1075 1097 27 9
1075 1098 5 9
1075 1099 19 3
1075 1121 37 6
1075 1124 27 5
1075 1177 31 2
1080 1112 3 5
1089 1196 44 1
1092 1132 37 10
1095 1127 37 6
1100 1101 2 3
1100 1102 8 2
1100 1103 32 6
1100 1104 6 10
1100 1105 27 5
1100 1106 42 7
1100 1107 46 9
1100 1108 10 4
1101 1102 27 4
1101 1103 15 2
1101 1109 7 2
1101 1110 40 8
1101 1111 27 2
1101 1120 21 6
1101 1121 12 1
1101 1179 13 2
1102 1103 41 8
1102 1112 2 3
1102 1113 22 2
1102 1114 28 7
1102 1115 27 10
1102 1116 41 5
1102 1117 14 6
1102 1118 31 5
1102 1155 36 2
1103 1119 36 4
1103 1156 19 3
1118 1189 7 8
1120 1121 6 5
1120 1122 27 8
1120 1123 14 7
1120 1124 44 9
1120 1125 4 10
1120 1126 8 2
1120 1127 22 10
1120 1128 10 9
1120 1129 24 2
1120 1130 15 10
1120 1131 50 2
1120 1132 35 2
1120 1157 10 10
1121 1122 29 4
1121 1123 16 10
1121 1124 36 3
1121 1125 44 5
1121 1126 44 8
1121 1133 23 10
1121 1134 20 4
1121 1135 24 7
1121 1136 2 10
1121 1137 31 5
1121 1138 25 5
1121 1139 49 6
1122 1123 26 6
1122 1124 28 4
1122 1125 25 8
1122 1126 32 3
1122 1140 31 7
1122 1141 36 7
1123 1124 24 5
1123 1125 13 7
1123 1126 3 10
1123 1142 31 1
1123 1143 30 3
1123 1144 40 1
1124 1125 10 5
1124 1126 2 3
1124 1145 43 3
1124 1146 6 3
1124 1147 6 9
1124 1155 37 6
1124 1176 20 1
1124 1179 48 7
1125 1126 4 5
1125 1148 43 3
1125 1149 5 8
1125 1150 21 2
1125 1151 30 5
1126 1152 37 1
1126 1153 32 9
1126 1154 38 4
1155 1156 7 10
1155 1157 8 2
1155 1158 14 8
1155 1159 7 1
1155 1160 11 4
1155 1161 20 4
1155 1162 29 2
1156 1157 8 4
1156 1158 42 2
1156 1163 41 3
1156 1164 6 5
1156 1165 1 7
1156 1178 24 3
1157 1158 46 1
1157 1166 30 3
1157 1167 2 7
1157 1168 41 4
1157 1169 34 1
1157 1170 13 2
1157 1171 14 10
1157 1172 26 9
1158 1173 17 3
1158 1174 47 3
1158 1178 13 5
1175 1176 36 1
1175 1177 17 8
1175 1178 16 4
1175 1179 44 7
1175 1180 15 1
1175 1181 42 10
1175 1182 44 6
1176 1177 41 6
1176 1178 12 9
1176 1179 24 5
1176 1183 14 8
1176 1184 8 7
1177 1178 7 10
1177 1179 2 1
1177 1185 35 4
1177 1186 32 7
1177 1187 18 8
1177 1188 43 9
1177 1189 13 6
1177 1190 22 3
1177 1191 5 10
1178 1179 2 2
1178 1192 19 3
1178 1193 18 4
1178 1194 9 10
1178 1195 24 2
1179 1196 4 10
1179 1197 23 4
1179 1198 22 10
1179 1199 11 2

0 576 57
1 1181 60
2 558 20
3 188 22
4 781 20
5 1022 9
6 397 12
7 391 14
8 240 10
9 125 39
10 909 24
11 923 10
12 1099 19
13 986 56
14 512 26
15 37 23
16 745 16
17 328 31
18 442 18
19 139 21
20 105 8
21 446 15
22 170 11
23 627 38
24 721 46
25 855 12
26 960 16
27 951 28
28 406 6
29 364 9
30 1093 15
31 1192 35
32 1170 9
33 875 88
34 1138 31
35 127 10
36 626 44
37 803 40
38 507 23
39 274 16
40 273 20
41 88 16
42 514 26
43 79 17
44 1137 11
45 872 13
46 958 10
47 346 1
48 290 71
49 952 6
50 669 13
51 388 22
52 353 6
53 1197 30
54 598 22
55 1194 3
56 967 3
57 658 78
58 638 27
59 1096 12
60 416 33
61 384 16
62 172 8
63 717 22
64 320 20
65 1133 16
66 182 9
67 908 10
68 108 16
69 905 33
70 453 19
71 29 39
72 415 20
73 325 24
74 221 25
75 491 23
76 825 50
77 785 60
78 1171 4
79 979 80
80 1143 14
81 659 26
82 1118 37
83 371 42
84 643 22
85 369 16
86 347 16
87 1180 7
88 849 9
89 107 22
90 1039 62
91 1084 28
92 957 12
93 584 7
94 1184 27
95 666 14
96 1060 7
97 801 21
98 238 17
99 1063 23
100 589 11
101 156 22
102 4 38
103 1119 14
104 1055 28
105 743 4
106 1003 70
107 35 12
108 843 10
109 1132 62
110 147 32
111 469 19
112 606 22
113 439 22
114 648 10
115 485 76
116 209 47
117 681 109
118 852 25
119 199 13
120 219 41
121 330 31
122 645 29
123 349 14
124 1050 5
125 471 10
126 887 41
127 365 56
128 552 3
129 62 32
130 588 36
131 1134 16
132 677 16
133 807 69
134 1006 7
135 1066 16
136 914 22
137 272 43
138 672 10
139 496 12
140 258 37
141 313 10
142 171 22
143 815 10
144 169 33
145 555 13
146 886 7
147 868 37
148 1017 20
149 409 27
150 733 25
151 383 19
152 574 82
153 675 33
154 814 16
155 152 7
156 57 47
157 601 9
158 748 23
159 1007 24
160 702 11
161 208 25
162 49 39
163 52 16
164 178 18
165 1127 31
166 518 29
167 898 10
168 451 41
169 966 11
170 69 32
171 43 18
172 1098 2
173 819 50
174 445 15
175 344 18
176 151 27
177 418 20
178 472 32
179 268 49
180 131 35
181 617 44
182 704 69
183 6 76
184 428 93
185 473 25
186 1068 6
187 517 15
188 735 24
189 610 16
190 844 17
191 764 42
192 945 1
193 932 4
194 1015 9
195 773 13
196 260 48
197 173 43
198 566 40
199 18 16
200 993 16
201 709 42
202 352 28
203 338 34
204 989 51
205 1086 40
206 818 9
207 1094 10
208 197 83
209 712 7
210 423 56
211 1166 15
212 310 13
213 1141 20
214 386 20
215 271 11
216 394 20
217 387 14
218 619 24
219 359 37
220 411 52
221 444 15
222 893 43
223 374 27
224 150 3
225 227 43
226 372 5
227 9 41
228 720 1
229 692 22
230 30 29
231 657 23
232 123 17
233 581 20
234 809 18
235 1113 53
236 390 16
237 452 7
238 879 7
239 863 38
240 1012 10
241 1041 26
242 198 16
243 1195 42
244 470 35
245 895 11
246 407 26
247 100 6
248 121 28
249 858 17
250 1174 18
251 841 14
252 1146 2
253 1110 22
254 309 16
255 350 36
256 56 20
257 839 15
258 482 43
259 1005 12
260 468 57
261 608 8
262 919 21
263 946 19
264 1140 46
265 686 25
266 949 26
267 603 40
268 687 43
269 624 16
270 824 25
271 262 5
272 1008 23
273 736 6
274 602 58
275 926 39
276 1001 19
277 224 6
278 39 20
279 719 13
280 265 25
281 738 37
282 749 17
283 1154 16
284 270 38
285 392 19
286 370 39
287 413 30
288 870 22
289 354 17
290 492 36
291 48 24
292 86 31
293 327 5
294 1173 15
295 837 27
296 693 8
297 324 11
298 422 18
299 817 21
300 528 36
301 954 22
302 226 9
303 225 23
304 437 24
305 241 28
306 1131 95
307 317 52
308 259 22
309 1117 43
310 903 21
311 490 16
312 74 24
313 380 44
314 680 21
315 994 11
316 1079 17
317 853 5
318 307 14
319 947 20
320 701 40
321 133 28
322 647 37
323 269 39
324 286 8
325 651 21
326 977 27
327 751 18
328 1168 10
329 929 11
330 1048 38
331 266 16
332 120 34
333 1139 34
334 775 56
335 851 5
336 731 25
337 278 28
338 237 17
339 362 15
340 222 12
341 337 8
342 918 27
343 857 8
344 770 6
345 122 67
346 1043 42
347 653 21
348 200 43
349 754 12
350 805 20
351 223 6
352 536 17
353 17 15
354 625 21
355 829 42
356 982 26
357 288 22
358 1151 15
359 907 42
360 583 36
361 104 13
362 789 3
363 739 34
364 1199 24
365 106 19
366 1130 7
367 1002 13
368 196 37
369 516 8
370 234 16
371 114 35
372 1082 26
373 633 37
374 567 28
375 207 27
376 1078 33
377 202 35
378 495 48
379 1163 61
380 98 15
381 51 45
382 1019 31
383 321 43
384 1038 24
385 509 17
386 1081 13
387 464 7
388 11 47
389 1150 22
390 747 21
391 959 5
392 1145 23
393 596 28
394 585 6
395 636 27
396 535 19
397 360 40
398 489 28
399 674 16
400 102 24
401 873 9
402 210 25
403 12 36
404 941 36
405 793 14
406 776 31
407 542 6
408 707 9
409 176 9
410 974 25
411 828 17
412 410 36
413 64 7
414 1092 71
415 1161 5
416 81 58
417 808 64
418 975 30
419 623 22
420 393 10
421 862 25
422 87 26
423 683 44
424 345 11
425 236 35
426 1198 23
427 534 25
428 298 10
429 600 22
430 339 15
431 42 9
432 275 11
433 429 24
434 1083 15
435 869 8
436 847 22
437 424 13
438 894 10
439 896 17
440 348 17
441 1061 13
442 189 39
443 1186 8
444 916 10
445 1149 18
446 1189 7
447 783 21
448 1183 16
449 1090 5
450 571 13
451 204 57
452 572 19
453 616 21
454 247 3
455 1049 24
456 906 14
457 40 47
458 454 16
459 276 88
460 138 6
461 1107 14
462 95 41
463 157 6
464 978 28
465 136 8
466 554 21
467 443 43
468 741 7
469 827 14
470 33 4
471 711 22
472 794 20
473 361 32
474 109 39
475 486 7
476 582 28
477 732 23
478 218 36
479 205 16
