6           5
13          3
24          4
27          1
46          4
61          5
72          4
81          3
116         4
122         4
131         2
142         5
143         4
144         4
148         4
165         5
181         5
190         4
194         4
197         4
204         3
216         5
217         4
232         4
241         1
245         1
250         4
254         5
268         4
276         4
280         4
303         5
306         4
335         5
340         5
342         5
365         3
377         5
405         4
430         4
432         4
433         4
456         4
457         4
458         4
459         4
475         1
502         4
504         4
532         4
533         4
551         5
554         2
557         1
564         4
568         0
574         4
583         2
594         4
602         4
620         5
621         5
640         5
646         2
651         2
658         3
661         4
681         5
690         5
696         5
700         3
704         3
725         5
729         5
775         3
776         2
785         4
788         0
807         3
808         4
811         4
812         4
813         5
825         2
881         5
912         4
913         4
979         3
989         3
995         5
1011        3
1025        4
1039        5
1058        3
1073        4
1084        1
1112        0
1121        4
1131        4
1132        4
1158        5
1181        3
