1           4
5           5
20          5
25          4
29          4
30          4
35          3
51          4
61          5
62          4
65          2
85          5
87          3
134         4
146         4
147         5
149         3
169         2
175         4
177         4
201         4
205         2
226         5
227         5
233         4
262         4
272         4
275         4
279         3
295         4
300         5
315         4
325         4
326         4
361         5
362         5
377         4
391         4
393         4
422         1
423         2
464         3
465         3
480         4
481         4
485         4
487         4
525         4
529         5
553         4
558         4
612         5
613         4
618         3
631         4
632         4
645         5
651         4
678         3
698         5
715         5
730         4
736         4
743         1
753         3
754         4
755         4
756         5
766         5
775         4
795         4
797         4
814         4
833         4
861         5
862         4
876         4
877         4
895         3
922         4
925         4
953         3
956         1
962         5
979         3
995         4
997         4
1015        4
1017        4
1049        4
1051        3
1056        4
1061        4
1068        3
1088        3
1120        4
1141        6
1148        4
1151        3
1168        4
1186        4
