0           5
1           5
37          1
50          1
57          2
80          4
84          4
89          4
94          4
109         2
116         5
131         4
133         5
153         3
155         4
156         5
161         1
180         5
184         4
193         4
199         3
210         5
212         4
248         4
270         4
291         5
292         4
295         4
324         2
340         4
341         4
348         3
349         3
363         5
388         2
394         5
397         3
398         4
400         3
421         5
423         4
453         0
457         4
459         0
466         5
467         4
479         1
484         1
491         4
493         4
495         4
503         2
510         5
522         5
524         4
563         5
572         2
582         4
583         3
608         4
633         2
655         4
670         4
684         3
685         3
691         3
695         4
725         3
746         2
757         4
770         4
787         5
799         0
802         5
834         2
858         5
876         5
891         5
903         5
905         4
915         2
937         5
952         3
962         4
977         5
996         4
1025        4
1030        4
1043        5
1047        4
1091        4
1093        5
1116        4
1119        4
1142        4
1161        4
1163        4
1179        5
1192        6
