0           4
45          5
55          5
56          4
60          4
78          5
105         4
107         5
133         4
134         5
142         4
152         0
161         1
177         4
236         3
242         3
245         4
274         4
278         5
290         2
291         0
296         4
314         3
333         4
343         2
359         4
373         4
389         4
390         2
394         3
409         4
411         4
416         4
445         5
458         2
460         3
467         4
470         4
495         5
497         5
515         4
518         1
526         4
527         1
538         4
556         4
557         5
570         5
577         4
582         4
586         3
597         4
615         1
617         3
625         5
640         4
641         4
650         4
656         3
657         3
666         4
669         4
683         2
688         4
697         4
700         3
714         4
724         4
751         4
767         4
804         4
835         5
847         3
872         4
883         4
894         4
920         1
934         4
940         4
952         5
970         0
984         5
991         2
993         4
1002        4
1017        4
1019        1
1029        1
1031        4
1032        4
1034        5
1053        1
1056        4
1070        2
1076        0
1080        5
1090        4
1103        3
1109        5
1110        3
1118        4
1119        5
1184        3
1187        4
