0           5
9           0
10          5
17          4
19          4
29          3
49          4
52          4
64          3
75          4
76          5
78          4
81          3
96          1
103         3
106         4
111         4
150         5
153         4
158         4
165         4
167         3
178         4
195         5
197         4
198         4
206         3
228         3
243         3
257         4
258         4
259         5
263         5
286         4
312         3
315         5
331         3
336         3
358         3
370         4
381         4
395         5
407         4
415         3
430         5
433         4
437         2
485         5
522         3
565         5
567         5
581         3
600         5
645         4
647         5
661         4
662         5
680         4
681         4
682         5
759         4
776         3
812         4
814         4
820         3
851         4
867         4
887         2
896         3
898         4
907         2
911         4
925         4
931         4
932         4
933         4
941         0
947         2
986         4
987         4
1025        5
1030        5
1043        4
1056        5
1075        4
1089        4
1094        5
1097        3
1142        4
1159        2
1174        3
1175        4
1177        5
