7           4
10          5
11          3
18          3
44          3
45          4
47          4
50          4
55          4
59          4
76          5
102         4
118         4
149         2
160         5
164         4
210         5
228         2
237         4
239         4
244         3
260         4
264         4
267         4
290         3
301         5
303         4
316         3
329         4
381         3
390         3
434         4
436         4
449         4
451         4
466         4
470         4
490         5
507         4
523         0
535         5
538         4
539         4
562         5
580         5
583         4
585         5
586         5
589         3
595         5
606         3
607         3
617         3
621         4
625         4
637         1
639         1
650         4
655         5
665         4
680         4
682         5
712         4
723         1
727         4
759         4
761         5
765         4
775         5
785         4
790         3
805         4
809         4
817         2
824         3
853         4
870         4
872         4
875         4
900         4
932         5
954         5
957         2
973         1
975         4
978         4
998         3
1001        4
1002        4
1007        3
1030        5
1037        4
1089        4
1092        3
1116        4
1124        4
1138        3
1140        4
1149        4
1162        4
1163        4
