13          3
17          5
30          5
56          3
74          4
86          4
106         5
115         4
120         4
122         4
180         5
198         5
200         4
221         3
227         4
231         5
273         3
277         3
286         5
288         4
289         6
296         5
305         5
309         4
334         4
365         5
368         3
377         4
378         4
383         3
396         4
398         5
400         5
402         4
437         4
440         5
443         4
475         5
478         1
482         4
486         4
511         3
521         4
539         5
561         5
564         4
600         5
619         1
624         4
635         4
636         4
639         4
648         4
682         4
699         4
751         5
758         3
790         2
812         3
816         4
819         4
833         1
861         5
892         4
893         4
931         5
940         4
946         4
951         4
952         4
953         4
964         2
974         4
999         4
1007        5
1008        4
1030        4
1032        5
1052        4
1063        5
1066        4
1074        5
1083        5
1086        2
1106        3
1120        4
1127        3
1137        4
1143        2
1167        4
1168        4
1194        3
1198        3
