1.000000,0.009901,0.034103,1.000000,0.784674,0.473214,0.032258,0.563574,0.000000,0.563574,0.615385,0.057143,0.050847,0.037383,0.031447,0.019213,0.019779,0.023747,0.040902,3
0.666667,0.386139,0.365187,0.000000,0.720341,0.187500,0.645161,0.062298,0.230769,0.062298,0.153846,0.057143,0.084746,0.074766,0.075472,0.104094,0.126828,0.166557,0.199855,5
0.666667,0.940594,0.854352,0.000000,0.789404,0.357143,0.129032,0.026894,0.153846,0.026894,0.153846,0.057143,0.152542,0.158879,0.157233,0.524094,0.525653,0.508107,0.505422,5
1.000000,0.019802,0.022380,1.000000,0.179186,0.383929,0.064516,0.158468,0.000000,0.158468,0.230769,0.142857,0.203390,0.140187,0.138365,0.129921,0.130185,0.111366,0.077747,3
1.000000,0.019802,0.035524,1.000000,0.865090,0.473214,0.419355,0.292426,0.000000,0.292426,0.307692,0.085714,0.101695,0.065421,0.056604,0.077795,0.083313,0.076318,0.053326,4
0.333333,0.534653,0.465364,0.000000,0.741911,0.151786,0.645161,0.043915,0.230769,0.043915,0.076923,0.000000,0.000000,0.000000,0.012579,0.084724,0.095301,0.110711,0.135812,4
1.000000,0.029703,0.054352,1.000000,0.902176,0.901786,0.516129,0.382298,0.000000,0.382298,0.384615,0.057143,0.050847,0.046729,0.037736,0.029449,0.042556,0.056420,0.041542,5
0.333333,0.168317,0.178330,0.000000,0.791485,0.017857,0.225806,0.157617,0.307692,0.157617,0.230769,0.000000,0.000000,0.000000,0.000000,0.004094,0.006234,0.010154,0.014516,4
0.666667,0.257426,0.242984,0.000000,0.625166,0.401786,0.032258,0.157957,0.230769,0.157957,0.230769,0.085714,0.118644,0.093458,0.094340,0.069134,0.077439,0.099656,0.134275,4
0.333333,0.198020,0.166252,0.000000,0.544939,0.044643,0.225806,0.103489,0.230769,0.103489,0.153846,0.000000,0.000000,0.056075,0.044025,0.062362,0.066531,0.090485,0.109897,4
1.000000,0.049505,0.045471,1.000000,0.842763,0.651786,0.516129,0.609872,0.000000,0.609872,0.615385,0.085714,0.118644,0.084112,0.088050,0.038268,0.038240,0.038896,0.075186,5
0.333333,0.257426,0.244405,0.000000,0.811731,0.258929,0.645161,0.045277,0.153846,0.045277,0.076923,0.000000,0.016949,0.009346,0.037736,0.066457,0.069408,0.082869,0.101955,5
0.666667,0.237624,0.231972,0.000000,0.823084,0.133929,0.129032,0.315064,0.307692,0.315064,0.384615,0.114286,0.152542,0.130841,0.113208,0.084409,0.086550,0.088765,0.175946,4
1.000000,0.039604,0.025577,1.000000,0.368969,0.375000,0.096774,0.538383,0.000000,0.538383,0.538462,0.085714,0.067797,0.046729,0.037736,0.021102,0.020738,0.025794,0.040987,3
0.333333,0.168317,0.161634,0.000000,0.688931,0.232143,0.387097,0.088511,0.153846,0.088511,0.153846,0.000000,0.016949,0.018692,0.031447,0.035906,0.037521,0.041844,0.053966,4
0.666667,0.316832,0.270693,0.000000,0.510691,0.142857,0.129032,0.041021,0.153846,0.041021,0.153846,0.114286,0.152542,0.130841,0.150943,0.255433,0.259290,0.283492,0.276962,5
1.000000,0.009901,0.030551,1.000000,0.701987,0.464286,0.064516,0.389617,0.000000,0.389617,0.384615,0.057143,0.050847,0.037383,0.031447,0.028976,0.037641,0.054864,0.040902,3
1.000000,0.019802,0.026998,1.000000,0.423273,0.419643,0.483871,0.304851,0.000000,0.304851,0.307692,0.057143,0.067797,0.074766,0.088050,0.086142,0.095780,0.114969,0.083938,3
0.666667,0.405941,0.381172,0.000000,0.920908,0.044643,0.129032,0.043745,0.153846,0.043745,0.153846,0.057143,0.101695,0.102804,0.088050,0.135906,0.151283,0.192434,0.215737,5
0.333333,0.306931,0.307282,0.000000,0.705203,0.125000,0.096774,0.083404,0.230769,0.083404,0.153846,0.000000,0.000000,0.000000,0.000000,0.046929,0.054184,0.054946,0.064128,4
1.000000,0.029703,0.057549,1.000000,1.000000,1.000000,0.580645,0.230128,0.000000,0.230128,0.230769,0.085714,0.135593,0.093458,0.075472,0.128189,0.130784,0.108172,0.076467,6
1.000000,0.029703,0.048668,1.000000,0.611164,0.562500,0.129032,0.527319,0.000000,0.527319,0.615385,0.028571,0.050847,0.037383,0.031447,0.020000,0.020139,0.027596,0.040987,5
0.666667,0.217822,0.246181,0.000000,0.867739,0.160714,0.806452,0.105021,0.153846,0.105021,0.230769,0.028571,0.084746,0.102804,0.113208,0.175591,0.206665,0.226171,0.201691,5
0.666667,0.227723,0.173712,0.000000,0.813623,0.000000,0.096774,0.215660,0.153846,0.215660,0.307692,0.000000,0.084746,0.074766,0.069182,0.080157,0.089067,0.129135,0.115917,4
1.000000,0.029703,0.036945,1.000000,0.045979,0.410714,0.000000,0.375149,0.000000,0.375149,0.461538,0.085714,0.118644,0.084112,0.069182,0.039843,0.045433,0.063544,0.056315,4
0.666667,0.980198,0.919005,0.000000,0.916935,0.000000,0.129032,0.002213,0.076923,0.002213,0.076923,1.000000,1.000000,1.000000,1.000000,1.000000,1.000000,1.000000,1.000000,5
1.000000,0.019802,0.035879,1.000000,0.887228,0.616071,0.129032,0.164936,0.000000,0.164936,0.230769,0.028571,0.033898,0.028037,0.031447,0.093701,0.076600,0.058877,0.040902,3
0.333333,0.287129,0.268917,0.000000,0.878146,0.232143,0.258065,0.067234,0.230769,0.067234,0.076923,0.000000,0.000000,0.000000,0.000000,0.021417,0.020379,0.022764,0.019853,4
0.333333,0.336634,0.296270,0.000000,0.585430,0.258929,0.000000,0.065702,0.153846,0.065702,0.076923,0.000000,0.000000,0.000000,0.012579,0.088504,0.087629,0.084016,0.072709,4
1.000000,0.019802,0.032682,1.000000,0.648061,0.419643,0.419355,0.347404,0.000000,0.347404,0.384615,0.085714,0.084746,0.065421,0.056604,0.042047,0.044234,0.056010,0.041201,3
0.666667,0.198020,0.186146,0.000000,0.770104,0.339286,0.290323,0.076085,0.153846,0.076085,0.153846,0.057143,0.118644,0.084112,0.081761,0.178583,0.161592,0.130937,0.099436,4
0.666667,0.247525,0.276732,0.000000,0.584106,0.116071,0.032258,0.081532,0.153846,0.081532,0.153846,0.057143,0.101695,0.074766,0.069182,0.140157,0.165668,0.175974,0.167407,5
0.666667,0.287129,0.307993,0.000000,0.855818,0.062500,0.645161,0.083234,0.153846,0.083234,0.076923,0.028571,0.050847,0.037383,0.031447,0.032441,0.034404,0.053390,0.067842,5
0.333333,0.217822,0.256128,0.000000,0.731504,0.125000,0.451613,0.095660,0.230769,0.095660,0.076923,0.000000,0.000000,0.000000,0.000000,0.018268,0.021697,0.027432,0.030399,4
1.000000,0.029703,0.050799,1.000000,0.384484,0.678571,0.161290,0.176340,0.000000,0.176340,0.230769,0.057143,0.101695,0.102804,0.106918,0.106457,0.089067,0.071978,0.065281,4
0.666667,0.306931,0.278863,0.000000,0.777673,0.401786,0.129032,0.116596,0.076923,0.116596,0.230769,0.228571,0.271186,0.233645,0.257862,0.226929,0.227523,0.223387,0.206515,5
0.333333,0.287129,0.226998,0.000000,0.658467,0.071429,0.129032,0.084936,0.153846,0.084936,0.153846,0.028571,0.033898,0.046729,0.050314,0.101102,0.101415,0.117098,0.130006,4
0.333333,1.000000,0.980462,0.000000,0.848250,0.232143,0.193548,0.010553,0.153846,0.010553,0.076923,0.114286,0.355932,0.364486,0.446541,0.841417,0.822704,0.831313,0.859448,5
0.000000,0.000000,0.016696,0.000000,0.848250,0.232143,0.193548,0.092255,0.230769,0.092255,0.153846,0.000000,0.000000,0.000000,0.000000,0.000000,0.000000,0.000000,0.000000,1
0.333333,0.376238,0.338544,0.000000,0.641438,0.053571,0.161290,0.067234,0.153846,0.067234,0.076923,0.000000,0.000000,0.000000,0.000000,0.013228,0.014025,0.013675,0.019255,4
1.000000,0.019802,0.039076,1.000000,0.805866,0.616071,0.258065,0.531574,0.000000,0.531574,0.538462,0.085714,0.067797,0.056075,0.044025,0.020157,0.022057,0.027841,0.040987,4
0.333333,0.029703,0.045826,0.000000,0.625922,0.303571,0.935484,0.273191,0.384615,0.273191,0.307692,0.000000,0.000000,0.000000,0.000000,0.000000,0.000000,0.000000,0.000000,3
1.000000,0.019802,0.040497,1.000000,0.978430,0.598214,0.129032,0.681532,0.000000,0.681532,0.769231,0.057143,0.067797,0.056075,0.044025,0.021732,0.021937,0.022846,0.043549,4
1.000000,0.049505,0.065009,1.000000,0.852412,0.982143,0.032258,0.373957,0.000000,0.373957,0.461538,0.142857,0.169492,0.130841,0.113208,0.054173,0.064972,0.091959,0.085347,5
0.666667,0.207921,0.233748,0.000000,0.911637,0.223214,0.677419,0.087660,0.153846,0.087660,0.076923,0.028571,0.050847,0.093458,0.100629,0.134961,0.130544,0.113167,0.130561,5
0.333333,0.217822,0.225222,0.000000,0.660927,0.321429,0.129032,0.097021,0.153846,0.097021,0.153846,0.000000,0.033898,0.046729,0.037736,0.077323,0.093503,0.107517,0.080395,4
0.333333,0.376238,0.331083,0.000000,0.889309,0.285714,0.645161,0.045277,0.153846,0.045277,0.076923,0.200000,0.186441,0.158879,0.157233,0.096693,0.099497,0.113822,0.155367,5
0.666667,0.009901,0.022025,0.000000,0.660738,0.419643,0.290323,0.588426,0.307692,0.588426,0.615385,0.000000,0.000000,0.000000,0.000000,0.000000,0.000000,0.000000,0.000000,1
1.000000,0.029703,0.032327,1.000000,0.580322,0.571429,0.064516,0.179234,0.000000,0.179234,0.307692,0.028571,0.050847,0.046729,0.037736,0.094488,0.076960,0.059368,0.042567,4
0.666667,0.247525,0.242629,0.000000,0.585052,0.160714,0.000000,0.116085,0.230769,0.116085,0.153846,0.057143,0.067797,0.056075,0.050314,0.041417,0.043635,0.053308,0.085304,4
0.333333,0.257426,0.257904,0.000000,0.909934,0.116071,0.000000,0.140766,0.230769,0.140766,0.230769,0.028571,0.033898,0.028037,0.025157,0.022205,0.027092,0.041025,0.046537,4
0.666667,0.207921,0.180462,0.000000,0.757616,0.383929,0.677419,0.306894,0.076923,0.306894,0.307692,0.114286,0.152542,0.112150,0.088050,0.059055,0.073723,0.109892,0.100888,4
1.000000,0.029703,0.061101,1.000000,0.762725,0.910714,0.225806,0.482213,0.000000,0.482213,0.461538,0.028571,0.067797,0.093458,0.069182,0.023150,0.023256,0.039142,0.040902,4
0.333333,0.405941,0.323623,0.000000,0.788647,0.133929,0.129032,0.046979,0.153846,0.046979,0.153846,0.000000,0.033898,0.046729,0.056604,0.164252,0.191681,0.204717,0.212236,4
0.333333,0.277228,0.233748,0.000000,0.835005,0.089286,0.419355,0.083404,0.230769,0.083404,0.153846,0.000000,0.000000,0.000000,0.000000,0.010394,0.010549,0.011218,0.014858,4
0.666667,0.287129,0.306572,0.000000,0.968023,0.392857,0.612903,0.044255,0.153846,0.044255,0.076923,0.200000,0.220339,0.186916,0.163522,0.276063,0.252937,0.258025,0.260567,5
1.000000,0.009901,0.024512,1.000000,0.672091,0.375000,0.516129,0.582809,0.000000,0.582809,0.615385,0.057143,0.050847,0.037383,0.031447,0.019528,0.020379,0.022437,0.040902,3
1.000000,0.009901,0.013499,1.000000,0.750047,0.241071,0.580645,0.092596,0.000000,0.092596,0.153846,0.314286,0.440678,0.364486,0.339623,0.129606,0.133181,0.116689,0.081291,2
0.333333,0.019802,0.039787,0.000000,0.699527,0.258929,0.516129,0.129872,0.153846,0.129872,0.153846,0.028571,0.033898,0.028037,0.018868,0.014016,0.014865,0.019080,0.025788,3
0.333333,0.326733,0.299822,0.000000,0.532450,0.214286,0.161290,0.067915,0.153846,0.067915,0.153846,0.000000,0.050847,0.009346,0.044025,0.060157,0.058499,0.054700,0.055333,4
0.333333,0.297030,0.276377,0.000000,0.712204,0.026786,0.129032,0.176340,0.230769,0.176340,0.230769,0.000000,0.000000,0.000000,0.000000,0.003937,0.003836,0.003521,0.004568,4
0.666667,0.009901,0.020249,0.000000,0.315421,0.410714,0.096774,0.415489,0.230769,0.415489,0.538462,0.028571,0.033898,0.028037,0.025157,0.014803,0.015344,0.016787,0.030570,1
0.333333,0.534653,0.548845,0.000000,0.803784,0.276786,0.483871,0.032170,0.153846,0.032170,0.076923,0.085714,0.186441,0.149533,0.132075,0.363307,0.359146,0.368572,0.361797,5
0.333333,0.207921,0.198224,0.000000,0.713718,0.187500,0.129032,0.177021,0.230769,0.177021,0.230769,0.000000,0.000000,0.000000,0.000000,0.000630,0.001079,0.000901,0.001025,4
0.333333,0.247525,0.235169,0.000000,0.699905,0.062500,0.677419,0.192851,0.230769,0.192851,0.307692,0.000000,0.000000,0.000000,0.000000,0.001417,0.001079,0.000737,0.000897,4
0.666667,0.623762,0.604618,0.000000,0.950426,0.169643,0.258065,0.007489,0.153846,0.007489,0.076923,0.171429,0.186441,0.233645,0.270440,0.556378,0.558259,0.576810,0.607762,5
0.333333,0.603960,0.482060,0.000000,0.642763,0.044643,0.935484,0.014979,0.153846,0.014979,0.076923,0.028571,0.101695,0.130841,0.144654,0.519055,0.493047,0.474615,0.446204,4
1.000000,0.019802,0.038011,1.000000,0.772564,0.571429,0.129032,0.562553,0.000000,0.562553,0.538462,0.057143,0.050847,0.037383,0.031447,0.019370,0.020019,0.022273,0.040944,4
0.333333,0.158416,0.179396,0.000000,0.743046,0.044643,0.161290,0.097362,0.307692,0.097362,0.153846,0.000000,0.000000,0.000000,0.000000,0.003780,0.004196,0.004340,0.009564,4
0.333333,0.207921,0.159147,0.000000,0.568590,0.267857,0.548387,0.077277,0.153846,0.077277,0.076923,0.000000,0.000000,0.009346,0.006289,0.006929,0.008991,0.014985,0.012937,4
0.333333,0.267327,0.265009,0.000000,0.758751,0.008929,0.290323,0.098894,0.230769,0.098894,0.153846,0.028571,0.016949,0.018692,0.018868,0.044409,0.051307,0.075827,0.091410,4
0.666667,0.039604,0.028064,0.000000,0.137748,0.044643,0.032258,0.796085,0.384615,0.796085,0.769231,0.028571,0.016949,0.009346,0.006289,0.001102,0.000719,0.000655,0.000427,2
1.000000,0.009901,0.032682,1.000000,0.868117,0.508929,0.096774,0.492596,0.000000,0.492596,0.538462,0.028571,0.050847,0.037383,0.031447,0.020157,0.021218,0.031117,0.040902,4
1.000000,0.029703,0.041918,1.000000,0.679281,0.375000,0.548387,0.348766,0.000000,0.348766,0.384615,0.057143,0.084746,0.056075,0.044025,0.040157,0.046392,0.058140,0.041072,4
0.666667,0.237624,0.182593,0.000000,0.805866,0.330357,0.225806,0.062128,0.076923,0.062128,0.076923,0.571429,0.644068,0.476636,0.509434,0.237323,0.219971,0.210285,0.218513,5
0.333333,0.306931,0.282771,0.000000,0.720719,0.160714,0.129032,0.109106,0.153846,0.109106,0.153846,0.000000,0.016949,0.009346,0.006289,0.016850,0.015464,0.015558,0.021604,4
0.333333,0.475248,0.471758,0.000000,0.755535,0.142857,0.161290,0.041532,0.153846,0.041532,0.076923,0.000000,0.033898,0.046729,0.056604,0.130394,0.124550,0.123158,0.133379,4
0.666667,0.415842,0.420604,0.000000,0.869631,0.000000,0.806452,0.014809,0.153846,0.014809,0.076923,0.114286,0.169492,0.186916,0.220126,0.286929,0.302086,0.366115,0.384340,5
1.000000,0.029703,0.044405,1.000000,0.856008,0.714286,0.290323,0.673702,0.000000,0.673702,0.692308,0.028571,0.033898,0.028037,0.025157,0.019528,0.019779,0.020390,0.040902,4
0.666667,0.247525,0.233748,0.000000,0.691958,0.321429,0.612903,0.063319,0.153846,0.063319,0.153846,0.057143,0.084746,0.102804,0.094340,0.166772,0.198873,0.212578,0.258432,5
0.333333,0.217822,0.213144,0.000000,0.771618,0.232143,0.096774,0.158638,0.307692,0.158638,0.230769,0.000000,0.000000,0.000000,0.000000,0.001417,0.002757,0.003849,0.007856,4
1.000000,0.049505,0.048313,1.000000,0.832545,0.535714,0.225806,0.636596,0.000000,0.636596,0.692308,0.114286,0.135593,0.102804,0.075472,0.020945,0.021817,0.021782,0.041841,5
1.000000,0.039604,0.055773,1.000000,0.615894,0.973214,0.612903,0.686298,0.000000,0.686298,0.769231,0.028571,0.033898,0.028037,0.025157,0.020000,0.020019,0.020799,0.040902,5
1.000000,0.029703,0.033393,1.000000,0.552696,0.526786,0.225806,0.902809,0.000000,0.902809,0.923077,0.028571,0.033898,0.028037,0.025157,0.018898,0.019180,0.019653,0.040902,2
1.000000,0.019802,0.031261,1.000000,0.756481,0.482143,0.419355,0.762383,0.000000,0.762383,0.769231,0.057143,0.050847,0.037383,0.031447,0.019055,0.019420,0.019898,0.040902,3
0.333333,0.376238,0.322913,0.000000,0.873794,0.071429,0.645161,0.095830,0.153846,0.095830,0.153846,0.000000,0.000000,0.009346,0.025157,0.076850,0.076960,0.078038,0.092434,4
1.000000,0.009901,0.024867,1.000000,0.774267,0.401786,0.129032,0.374809,0.000000,0.374809,0.461538,0.057143,0.050847,0.037383,0.037736,0.037953,0.052386,0.067720,0.050337,3
0.333333,0.267327,0.240853,0.000000,0.703690,0.026786,0.129032,0.080681,0.230769,0.080681,0.153846,0.000000,0.000000,0.018692,0.012579,0.043780,0.050827,0.048149,0.052771,4
1.000000,0.009901,0.018472,1.000000,0.787133,0.303571,0.129032,0.339234,0.000000,0.339234,0.461538,0.028571,0.033898,0.037383,0.031447,0.042047,0.059938,0.058140,0.040902,2
0.333333,0.188119,0.150266,0.000000,0.804163,0.026786,0.129032,0.098043,0.153846,0.098043,0.153846,0.000000,0.000000,0.000000,0.006289,0.032598,0.028171,0.025876,0.029075,4
0.333333,0.346535,0.336767,0.000000,0.858657,0.169643,0.161290,0.128000,0.230769,0.128000,0.153846,0.000000,0.000000,0.000000,0.000000,0.008504,0.008631,0.008680,0.007813,4
0.666667,0.029703,0.044405,0.000000,0.601892,0.267857,0.354839,0.645447,0.384615,0.645447,0.615385,0.000000,0.000000,0.000000,0.000000,0.000000,0.000000,0.000000,0.000000,3
1.000000,0.029703,0.035524,1.000000,0.248628,0.508929,0.096774,0.285787,0.000000,0.285787,0.307692,0.057143,0.084746,0.074766,0.062893,0.079370,0.089067,0.083934,0.081803,3
