1200 5279 480

0 25 200
1 50 500
2 75 800
3 100 1200
4 125 1700
5 150 2300
6 175 3000
7 200 3800
8 225 4600
9 250 5500

0 1500
1 1500
2 1500
3 1500
4 1500
5 1500
6 1000
7 1000
8 1000
9 1000
10 2000
11 2000
12 1000
13 1500
14 1500
15 2000
16 2000
17 2000
18 2000
19 2000
20 1500
21 1500
22 1500
23 1000
24 2000
25 1500
26 2000
27 1000
28 1000
29 1500
30 1000
31 2000
32 1000
33 2000
34 2000
35 1500
36 2000
37 500
38 500
39 500
40 1000
41 1500
42 1500
43 1000
44 500
45 1500
46 500
47 1000
48 2000
49 1000
50 2000
51 1500
52 2000
53 1000
54 2000
55 1500
56 1000
57 500
58 500
59 500
60 1500
61 1500
62 1500
63 1000
64 1000
65 1500
66 1500
67 1500
68 1500
69 2000
70 1000
71 2000
72 2000
73 1000
74 2000
75 1000
76 1000
77 2000
78 2000
79 1000
80 2000
81 1000
82 2000
83 1000
84 1500
85 2000
86 1000
87 1500
88 1500
89 1500
90 1500
91 2000
92 1000
93 1000
94 2000
95 2000
96 2000
97 2000
98 2000
99 1500
100 1500
101 1500
102 2000
103 1000
104 2000
105 1000
106 1500
107 1500
108 500
109 1500
110 2000
111 2000
112 1000
113 2000
114 2000
115 1000
116 1000
117 2000
118 1500
119 2000
120 1500
121 1500
122 2000
123 1500
124 1500
125 1000
126 1000
127 2000
128 1000
129 2000
130 1000
131 1500
132 1500
133 1500
134 500
135 1000
136 2000
137 2000
138 1000
139 2000
140 2000
141 1000
142 1500
143 1000
144 2000
145 1000
146 1000
147 2000
148 2000
149 2000
150 1500
151 1500
152 1500
153 1000
154 1500
155 1500
156 2000
157 1000
158 1500
159 1000
160 1500
161 1000
162 2000
163 2000
164 2000
165 1000
166 1000
167 2000
168 2000
169 1000
170 2000
171 1500
172 2000
173 2000
174 2000
175 1000
176 2000
177 1000
178 2000
179 2000
180 1000
181 1500
182 1000
183 1500
184 1500
185 1500
186 500
187 1000
188 1500
189 2000
190 2000
191 2000
192 500
193 500
194 1500
195 2000
196 1500
197 2000
198 2000
199 2000
200 2000
201 2000
202 2000
203 2000
204 2000
205 2000
206 2000
207 2000
208 1500
209 1000
210 1500
211 1000
212 1500
213 1500
214 1500
215 1500
216 1000
217 2000
218 500
219 2000
220 1000
221 2000
222 1000
223 1000
224 1000
225 2000
226 2000
227 2000
228 2000
229 2000
230 2000
231 1500
232 2000
233 2000
234 2000
235 1500
236 1500
237 1500
238 1000
239 2000
240 2000
241 1000
242 2000
243 2000
244 2000
245 2000
246 2000
247 2000
248 1000
249 2000
250 2000
251 2000
252 2000
253 500
254 1500
255 1500
256 1500
257 1500
258 1000
259 2000
260 1000
261 2000
262 2000
263 1000
264 2000
265 2000
266 1500
267 1500
268 1500
269 2000
270 1500
271 1000
272 1500
273 1500
274 2000
275 1000
276 1500
277 1500
278 2000
279 1000
280 500
281 1500
282 1000
283 2000
284 2000
285 1000
286 1000
287 1000
288 2000
289 1000
290 1500
291 1000
292 1000
293 1000
294 2000
295 2000
296 1000
297 1000
298 2000
299 1500
300 1500
301 1500
302 1500
303 1500
304 2000
305 2000
306 1000
307 2000
308 2000
309 1000
310 2000
311 2000
312 2000
313 1500
314 2000
315 2000
316 1500
317 1500
318 1500
319 2000
320 1500
321 1500
322 1500
323 1500
324 1000
325 2000
326 2000
327 1500
328 2000
329 1000
330 2000
331 1000
332 2000
333 2000
334 1000
335 2000
336 1500
337 2000
338 1000
339 1000
340 1500
341 1500
342 1500
343 2000
344 1500
345 1500
346 1000
347 2000
348 1500
349 1500
350 1000
351 2000
352 1500
353 1000
354 2000
355 1500
356 1500
357 2000
358 2000
359 1000
360 2000
361 2000
362 2000
363 1000
364 2000
365 1500
366 1500
367 1500
368 1500
369 1000
370 2000
371 2000
372 1000
373 2000
374 2000
375 1500
376 2000
377 2000
378 2000
379 2000
380 1500
381 1000
382 1000
383 1000
384 2000
385 1500
386 1000
387 1000
388 1500
389 2000
390 1500
391 1500
392 1500
393 2000
394 2000
395 1500
396 1000
397 2000
398 2000
399 1500
400 2000
401 2000
402 2000
403 2000
404 1500
405 1500
406 1500
407 2000
408 2000
409 2000
410 2000
411 2000
412 1000
413 2000
414 1500
415 1500
416 1500
417 2000
418 1000
419 1500
420 2000
421 1500
422 2000
423 1500
424 2000
425 1500
426 1500
427 1500
428 1500
429 1500
430 1500
431 2000
432 1500
433 2000
434 1500
435 2000
436 1000
437 1500
438 1000
439 2000
440 1000
441 1000
442 2000
443 2000
444 2000
445 2000
446 2000
447 2000
448 2000
449 2000
450 1000
451 1500
452 1000
453 1500
454 2000
455 1500
456 2000
457 2000
458 2000
459 1500
460 1500
461 1500
462 1500
463 2000
464 2000
465 1500
466 2000
467 1500
468 2000
469 1500
470 1000
471 1000
472 1500
473 1500
474 1500
475 500
476 500
477 1500
478 500
479 2000
480 1000
481 1000
482 1500
483 2000
484 1000
485 2000
486 1500
487 2000
488 2000
489 2000
490 1500
491 2000
492 2000
493 2000
494 2000
495 1500
496 1500
497 1500
498 1500
499 1000
500 1500
501 2000
502 1000
503 2000
504 2000
505 1000
506 2000
507 2000
508 2000
509 1000
510 2000
511 1500
512 2000
513 1000
514 2000
515 2000
516 1000
517 2000
518 2000
519 2000
520 1000
521 1500
522 1500
523 500
524 2000
525 1000
526 1500
527 500
528 500
529 2000
530 1500
531 1500
532 1000
533 1000
534 1000
535 1500
536 1500
537 1000
538 1500
539 1000
540 2000
541 1500
542 2000
543 1500
544 1000
545 2000
546 2000
547 2000
548 1000
549 500
550 1500
551 1500
552 1500
553 1500
554 2000
555 2000
556 2000
557 1500
558 2000
559 1000
560 2000
561 2000
562 1500
563 1500
564 1500
565 1000
566 1500
567 2000
568 2000
569 2000
570 1500
571 1000
572 1500
573 1500
574 1500
575 1000
576 1000
577 1500
578 1000
579 1500
580 1500
581 1500
582 1500
583 1000
584 2000
585 1500
586 1500
587 500
588 1000
589 1000
590 2000
591 1500
592 2000
593 1500
594 2000
595 2000
596 1500
597 2000
598 1000
599 2000
600 2000
601 1000
602 1500
603 2000
604 1500
605 500
606 1500
607 500
608 500
609 2000
610 2000
611 1000
612 2000
613 1000
614 2000
615 1500
616 1500
617 1500
618 1000
619 2000
620 2000
621 2000
622 2000
623 2000
624 2000
625 1500
626 2000
627 2000
628 1000
629 2000
630 2000
631 2000
632 1500
633 2000
634 1000
635 1500
636 1500
637 1000
638 2000
639 1500
640 1000
641 1000
642 2000
643 1500
644 1500
645 1000
646 1500
647 500
648 1000
649 1000
650 1500
651 2000
652 2000
653 1500
654 2000
655 1500
656 1500
657 1000
658 2000
659 1500
660 1000
661 1000
662 2000
663 1000
664 1000
665 1500
666 1500
667 1500
668 1500
669 1000
670 2000
671 1000
672 1500
673 2000
674 1000
675 1500
676 2000
677 1000
678 1500
679 1500
680 2000
681 1000
682 1500
683 1500
684 2000
685 1500
686 1000
687 1000
688 2000
689 1000
690 1000
691 1500
692 500
693 500
694 500
695 1500
696 1500
697 1500
698 1500
699 1000
700 1000
701 2000
702 1000
703 2000
704 2000
705 2000
706 1000
707 2000
708 1500
709 1500
710 1000
711 2000
712 2000
713 2000
714 1500
715 1500
716 1500
717 2000
718 1000
719 2000
720 1500
721 2000
722 1500
723 2000
724 1000
725 1500
726 1500
727 2000
728 2000
729 1500
730 1000
731 2000
732 2000
733 2000
734 1500
735 1500
736 1500
737 1500
738 1500
739 1500
740 1500
741 1500
742 1500
743 2000
744 1500
745 2000
746 1500
747 2000
748 1000
749 2000
750 1500
751 2000
752 2000
753 1000
754 2000
755 2000
756 1500
757 1500
758 2000
759 2000
760 2000
761 1000
762 2000
763 1500
764 1500
765 1000
766 2000
767 1000
768 1500
769 1000
770 1500
771 1500
772 2000
773 2000
774 1500
775 1500
776 2000
777 2000
778 2000
779 1000
780 1500
781 1500
782 1500
783 1500
784 1500
785 2000
786 2000
787 1500
788 2000
789 2000
790 1000
791 1500
792 2000
793 2000
794 1000
795 1000
796 2000
797 2000
798 1500
799 2000
800 1500
801 1500
802 1000
803 1500
804 1000
805 1500
806 1000
807 2000
808 2000
809 2000
810 1500
811 1500
812 1000
813 2000
814 2000
815 2000
816 1000
817 2000
818 2000
819 1500
820 2000
821 2000
822 500
823 1000
824 500
825 2000
826 2000
827 2000
828 2000
829 1000
830 1500
831 2000
832 1000
833 1000
834 2000
835 1000
836 1500
837 1500
838 1500
839 500
840 2000
841 2000
842 1500
843 2000
844 1500
845 1000
846 2000
847 2000
848 2000
849 1500
850 2000
851 1000
852 1000
853 1500
854 2000
855 1500
856 2000
857 1000
858 1000
859 2000
860 1500
861 1500
862 1500
863 1500
864 2000
865 2000
866 2000
867 1000
868 2000
869 1000
870 1500
871 2000
872 1500
873 2000
874 1000
875 1500
876 2000
877 2000
878 1500
879 2000
880 1500
881 1500
882 1500
883 1500
884 1500
885 1000
886 1000
887 2000
888 1000
889 1000
890 1500
891 2000
892 2000
893 2000
894 1000
895 2000
896 1000
897 2000
898 1500
899 2000
900 1000
901 2000
902 2000
903 2000
904 2000
905 1500
906 1500
907 1500
908 2000
909 2000
910 2000
911 2000
912 2000
913 2000
914 2000
915 1000
916 1000
917 2000
918 1000
919 2000
920 1500
921 1500
922 1500
923 2000
924 2000
925 1500
926 1500
927 1500
928 2000
929 2000
930 1000
931 2000
932 1000
933 1000
934 2000
935 1500
936 1500
937 1500
938 1000
939 2000
940 1000
941 2000
942 2000
943 2000
944 2000
945 2000
946 2000
947 1500
948 1500
949 2000
950 1500
951 1500
952 1500
953 2000
954 1000
955 1500
956 2000
957 2000
958 2000
959 1000
960 2000
961 2000
962 2000
963 2000
964 1000
965 1500
966 1500
967 1500
968 1500
969 1500
970 1500
971 1500
972 1500
973 1500
974 1500
975 1500
976 1500
977 1500
978 1000
979 1000
980 2000
981 2000
982 2000
983 1500
984 1500
985 2000
986 1000
987 2000
988 2000
989 2000
990 2000
991 1000
992 2000
993 1000
994 2000
995 2000
996 2000
997 1000
998 1000
999 1500
1000 1000
1001 1500
1002 1000
1003 2000
1004 2000
1005 2000
1006 2000
1007 1500
1008 1000
1009 1500
1010 2000
1011 1500
1012 2000
1013 1000
1014 2000
1015 1500
1016 2000
1017 1000
1018 2000
1019 2000
1020 1500
1021 2000
1022 2000
1023 1000
1024 2000
1025 1500
1026 1500
1027 1500
1028 1500
1029 1500
1030 1500
1031 2000
1032 1000
1033 1000
1034 2000
1035 2000
1036 1500
1037 2000
1038 1000
1039 1000
1040 1000
1041 2000
1042 1000
1043 1000
1044 1000
1045 2000
1046 2000
1047 2000
1048 1000
1049 1000
1050 1000
1051 1500
1052 1500
1053 500
1054 500
1055 1500
1056 2000
1057 1000
1058 1500
1059 2000
1060 2000
1061 2000
1062 1000
1063 1000
1064 1000
1065 1500
1066 1500
1067 1500
1068 1000
1069 2000
1070 1000
1071 1500
1072 1000
1073 2000
1074 1000
1075 1500
1076 1000
1077 2000
1078 2000
1079 2000
1080 1500
1081 1500
1082 1500
1083 1500
1084 1500
1085 1500
1086 1500
1087 1500
1088 1500
1089 2000
1090 1500
1091 2000
1092 1000
1093 2000
1094 1500
1095 2000
1096 2000
1097 1000
1098 1000
1099 2000
1100 2000
1101 1000
1102 1000
1103 1500
1104 1000
1105 2000
1106 2000
1107 1500
1108 1500
1109 2000
1110 1500
1111 1500
1112 2000
1113 1000
1114 1000
1115 1000
1116 2000
1117 2000
1118 2000
1119 2000
1120 2000
1121 2000
1122 2000
1123 1500
1124 1500
1125 1500
1126 1500
1127 1500
1128 2000
1129 2000
1130 2000
1131 2000
1132 1500
1133 1500
1134 2000
1135 1500
1136 1500
1137 1500
1138 2000
1139 2000
1140 1500
1141 1500
1142 1500
1143 1500
1144 1000
1145 1000
1146 1000
1147 1500
1148 1500
1149 2000
1150 1000
1151 2000
1152 2000
1153 1500
1154 1500
1155 2000
1156 1000
1157 2000
1158 2000
1159 2000
1160 1500
1161 1500
1162 1500
1163 1000
1164 1500
1165 1500
1166 1500
1167 1500
1168 1000
1169 2000
1170 2000
1171 1000
1172 1000
1173 2000
1174 2000
1175 1500
1176 2000
1177 1000
1178 2000
1179 1500
1180 2000
1181 2000
1182 500
1183 2000
1184 2000
1185 1000
1186 2000
1187 1000
1188 1500
1189 2000
1190 1000
1191 1500
1192 1000
1193 2000
1194 2000
1195 1000
1196 1000
1197 2000
1198 1000
1199 1000

0 1 43 10
0 2 38 5
0 3 22 3
0 4 26 6
0 5 27 1
0 6 28 7
0 7 26 2
0 8 8 9
0 9 14 7
0 10 37 1
0 11 1 5
0 12 29 1
0 43 14 10
0 106 39 10
0 213 14 4
0 235 29 6
0 301 39 4
0 323 20 1
0 385 38 7
0 405 10 5
0 499 41 10
0 535 39 5
0 667 2 3
0 716 6 7
0 726 14 9
0 775 48 10
0 804 9 4
0 830 43 5
0 861 1 3
0 922 50 9
0 969 17 9
0 1065 48 6
0 1084 8 3
0 1088 44 10
1 2 38 10
1 3 12 3
1 4 15 3
1 5 47 2
1 6 32 6
1 7 22 7
1 13 21 2
1 14 50 3
1 15 27 10
1 16 44 2
1 17 4 6
1 40 7 5
1 290 43 3
1 291 1 8
1 365 10 6
1 390 50 2
1 416 18 9
1 460 35 7
1 525 36 6
1 552 27 1
1 690 24 6
1 695 13 8
1 775 6 9
1 780 9 6
1 855 17 3
1 1052 19 6
1 1161 44 9
2 3 13 2
2 4 38 1
2 5 29 2
2 6 49 5
2 7 35 3
2 18 37 1
2 19 25 4
2 342 48 2
2 356 32 3
2 406 38 10
2 416 1 2
2 427 17 10
2 552 6 2
2 635 28 10
2 655 30 8
2 715 23 6
2 830 14 8
2 836 22 9
2 936 34 5
2 1141 38 1
2 1162 3 10
3 4 17 5
3 5 39 7
3 6 41 6
3 7 39 4
3 20 22 3
3 21 11 10
3 22 49 9
3 23 48 10
3 24 41 9
3 25 26 1
3 26 14 4
3 27 7 8
3 65 27 5
3 181 46 7
3 183 40 7
3 271 7 9
3 302 11 10
3 385 44 7
3 471 39 5
3 526 32 3
3 537 9 4
3 665 12 4
3 860 47 5
3 880 47 8
3 906 10 7
3 951 48 1
3 1028 23 6
3 1125 12 5
4 5 48 9
4 6 41 10
4 7 10 2
4 28 37 5
4 29 42 1
4 30 27 9
4 31 10 7
4 120 40 10
4 121 16 9
4 132 15 4
4 133 24 5
4 151 46 9
4 153 8 6
4 341 10 7
4 390 45 5
4 455 26 7
4 474 1 6
4 573 20 8
4 636 18 7
4 645 43 6
4 740 14 4
4 1025 47 3
5 6 17 5
5 7 7 9
5 32 6 4
5 33 25 4
5 34 13 8
5 35 35 5
5 36 3 9
5 236 21 2
5 356 6 3
5 367 4 7
5 460 25 3
5 574 17 4
5 838 13 2
5 905 34 9
5 922 20 7
5 950 36 4
5 1066 24 2
6 7 21 5
6 37 48 1
6 38 20 3
6 68 13 8
6 106 46 1
6 256 41 3
6 425 25 4
6 725 16 5
6 880 13 3
6 976 15 4
6 1050 11 2
6 1126 36 9
6 1141 12 7
7 39 26 5
7 211 34 4
7 256 35 10
7 273 37 9
7 320 25 9
7 455 36 6
7 496 40 10
7 655 8 3
7 690 19 2
7 698 12 3
7 735 40 7
7 783 44 5
7 804 19 1
7 855 26 9
7 935 17 8
8 598 32 9
9 1042 17 10
10 849 5 4
13 703 16 7
14 1077 41 10
15 776 31 3
15 926 38 9
16 207 3 7
18 1135 4 10
19 644 17 4
20 370 3 2
21 559 21 1
21 1100 33 7
22 26 4 4
24 122 5 9
25 732 10 8
25 833 22 1
29 477 25 1
29 871 17 5
31 819 25 4
33 109 14 8
34 233 2 5
35 895 28 3
36 625 49 8
40 41 18 4
40 42 45 8
40 43 26 8
40 44 26 4
40 45 11 2
40 46 11 4
40 65 32 4
40 120 38 4
40 132 16 3
40 182 37 8
40 212 49 2
40 236 16 1
40 342 18 1
40 416 25 8
40 455 11 8
40 461 48 6
40 500 2 8
40 668 30 3
40 696 13 4
40 716 49 6
40 725 37 4
40 742 43 3
40 830 48 10
40 836 3 10
40 837 25 9
40 855 37 10
40 860 26 1
40 883 25 1
40 906 11 3
40 972 16 9
40 1026 14 8
40 1067 40 6
40 1125 42 10
40 1142 11 8
40 1161 22 7
41 42 49 2
41 43 46 3
41 47 9 3
41 48 47 10
41 49 47 3
41 50 25 9
41 64 45 8
41 131 47 5
41 154 27 10
41 184 35 8
41 237 17 6
41 255 47 1
41 273 11 1
41 291 8 7
41 301 2 2
41 320 29 5
41 322 49 1
41 391 40 5
41 406 9 7
41 429 29 1
41 461 23 1
41 470 14 3
41 472 50 2
41 496 1 3
41 580 20 6
41 655 39 4
41 668 50 10
41 690 5 6
41 726 27 8
41 775 11 1
41 781 22 9
41 805 36 8
41 860 25 5
41 906 43 6
41 935 16 6
41 936 37 3
41 951 14 4
41 969 11 10
41 1052 20 5
42 43 46 3
42 51 45 7
42 52 45 10
42 53 17 3
42 54 33 8
42 55 33 6
42 56 16 10
42 153 43 10
42 214 43 3
42 290 35 7
42 300 38 2
42 356 18 1
42 365 49 4
42 385 11 1
42 405 20 6
42 415 11 8
42 429 16 9
42 550 35 6
42 581 46 5
42 635 17 8
42 646 13 6
42 716 11 8
42 775 23 4
42 781 25 5
42 800 28 7
42 880 49 6
42 920 41 2
42 1066 4 1
42 1086 10 3
42 1141 26 6
42 1160 28 7
43 57 7 1
43 58 30 1
43 59 49 2
43 105 17 9
43 107 20 9
43 121 11 4
43 257 23 3
43 271 14 9
43 340 44 7
43 356 44 7
43 367 8 8
43 392 24 5
43 525 48 2
43 526 47 1
43 536 19 5
43 537 43 10
43 635 11 10
43 655 5 1
43 690 29 9
43 697 23 2
43 741 46 6
43 855 6 7
43 921 23 6
43 952 27 5
43 1029 34 8
43 1051 50 3
43 1085 44 1
45 982 36 2
50 1105 3 3
51 912 27 3
52 616 49 2
55 897 3 2
56 93 17 9
56 806 11 2
59 108 33 9
60 61 45 3
60 62 16 4
60 63 37 5
60 64 46 3
60 65 40 6
60 66 1 4
60 67 36 2
60 68 27 9
60 69 12 1
60 70 17 6
60 71 40 1
60 72 11 8
60 73 10 5
60 120 22 10
60 150 39 2
60 180 48 1
60 390 45 1
60 405 45 10
60 525 18 1
60 577 43 3
60 668 19 6
60 783 41 7
60 802 4 3
60 837 42 4
60 855 13 2
60 880 50 10
61 62 47 2
61 63 27 9
61 64 49 8
61 65 1 2
61 66 22 7
61 67 33 4
61 68 13 3
61 74 17 5
61 75 7 9
61 76 11 1
61 132 30 3
61 301 32 5
61 460 31 10
61 526 6 8
61 636 18 6
61 690 22 4
61 715 46 6
61 1125 22 7
61 1143 29 3
61 1162 43 4
62 63 33 3
62 64 1 2
62 65 36 7
62 66 22 4
62 67 47 10
62 68 27 6
62 77 6 4
62 78 22 1
62 79 33 6
62 80 22 9
62 81 34 9
62 82 32 2
62 83 20 9
62 84 29 4
62 85 24 8
62 86 15 5
62 185 13 5
62 271 42 3
62 356 9 10
62 430 14 2
62 455 4 4
62 830 28 6
62 906 12 5
62 970 9 4
62 976 39 4
62 1052 34 7
63 64 21 6
63 65 41 6
63 66 12 10
63 67 41 2
63 68 35 5
63 87 3 1
63 88 31 7
63 107 19 4
63 213 4 4
63 236 26 9
63 256 24 9
63 301 12 8
63 340 49 4
63 355 47 8
63 392 18 4
63 455 43 1
63 460 4 1
63 470 25 6
63 645 21 8
63 666 37 5
63 698 8 9
63 716 29 8
63 738 49 2
63 880 43 2
63 1050 4 3
63 1126 44 3
64 65 18 7
64 66 29 5
64 67 41 1
64 68 26 4
64 89 15 2
64 90 2 9
64 107 46 9
64 150 38 10
64 271 31 2
64 290 12 2
64 536 36 3
64 698 49 3
64 862 13 7
64 1065 15 4
65 66 39 6
65 67 14 3
65 68 46 8
65 91 22 10
65 92 33 4
65 93 12 4
65 94 26 10
65 237 50 1
65 256 43 10
65 291 49 6
65 366 43 9
65 385 4 9
65 416 12 5
65 473 17 4
65 552 10 5
65 725 49 10
65 726 44 8
65 775 26 2
65 801 50 4
65 855 12 8
65 921 44 2
65 1084 45 8
65 1164 23 6
66 67 42 10
66 68 37 10
66 95 30 8
66 120 42 3
66 498 48 6
66 645 6 8
66 655 43 3
66 738 37 10
66 830 22 6
66 935 2 10
66 950 22 3
66 1027 7 3
66 1066 25 10
67 68 10 5
67 96 9 1
67 97 24 10
67 98 35 3
67 99 3 3
67 100 41 8
67 101 6 9
67 102 33 8
67 321 23 5
67 322 21 2
67 340 30 10
67 367 24 4
67 426 20 10
67 495 34 2
67 656 47 6
67 690 38 1
67 836 36 3
67 861 36 5
67 951 41 10
67 1085 30 10
67 1142 17 8
68 103 25 7
68 104 38 6
68 133 32 2
68 406 23 9
68 416 44 4
68 535 29 8
68 550 49 5
68 577 25 2
68 636 4 6
68 780 14 7
68 905 20 7
68 920 44 8
68 936 34 2
68 1026 50 4
69 853 5 8
70 706 8 4
75 1108 35 1
80 810 38 9
81 888 40 9
82 89 26 8
83 309 25 2
84 1024 48 3
87 985 37 5
88 568 30 8
88 718 40 4
88 1016 1 2
89 114 8 7
90 203 29 7
92 596 31 4
93 344 36 10
93 607 16 3
94 771 46 9
95 927 32 4
96 910 18 6
97 204 33 8
98 1031 17 1
99 718 3 5
99 1078 47 8
100 633 44 1
101 1091 24 2
102 268 23 7
102 1075 38 2
104 122 4 6
104 1111 13 4
105 106 24 2
105 107 48 3
105 108 44 4
105 109 8 2
105 120 28 5
105 154 4 9
105 181 36 7
105 236 47 8
105 255 27 8
105 257 48 1
105 272 21 1
105 291 18 2
105 302 12 4
105 367 43 5
105 385 11 1
105 392 6 5
105 405 17 2
105 406 12 2
105 416 14 10
105 470 2 10
105 496 20 10
105 535 18 1
105 551 1 1
105 553 19 6
105 578 21 8
105 636 19 10
105 645 26 8
105 655 38 4
105 665 24 2
105 667 18 3
105 690 50 1
105 697 5 4
105 716 17 6
105 775 29 1
105 805 15 2
105 830 33 9
105 836 46 7
105 855 2 10
105 861 23 10
105 905 2 5
105 922 31 3
105 950 23 2
105 971 35 5
105 973 40 2
105 1086 44 7
105 1088 48 8
105 1143 2 5
105 1162 41 2
106 107 50 2
106 110 9 5
106 111 10 4
106 112 33 2
106 132 20 6
106 182 3 6
106 210 26 5
106 270 27 4
106 291 24 1
106 320 18 7
106 340 25 8
106 342 23 6
106 356 20 4
106 385 32 8
106 390 26 1
106 427 50 1
106 429 24 7
106 455 24 7
106 461 1 6
106 470 8 10
106 535 4 6
106 572 36 1
106 655 28 1
106 716 11 1
106 726 40 6
106 736 49 1
106 775 50 3
106 781 44 7
106 838 31 9
106 937 44 10
106 951 12 5
106 1028 20 10
106 1065 6 8
106 1066 2 5
106 1125 21 10
106 1127 21 7
106 1160 13 2
107 113 25 4
107 114 12 1
107 115 36 10
107 116 43 1
107 117 15 8
107 118 11 5
107 119 1 1
107 121 12 2
107 130 24 2
107 151 41 3
107 210 44 3
107 238 5 8
107 323 7 8
107 355 19 10
107 366 36 5
107 416 4 3
107 461 35 9
107 498 7 1
107 526 19 7
107 646 3 5
107 695 43 9
107 726 9 6
107 742 10 1
107 780 11 4
107 830 36 5
107 855 47 9
107 880 13 4
107 882 1 9
107 921 12 1
107 936 12 6
107 1026 3 9
107 1051 5 5
107 1052 5 10
107 1143 9 8
110 117 45 5
111 615 37 4
111 626 1 3
112 511 28 10
116 157 14 7
116 1009 22 1
117 714 19 4
118 778 7 4
120 121 40 5
120 122 12 4
120 123 50 10
120 124 26 5
120 132 8 10
120 152 31 10
120 185 30 9
120 210 4 10
120 211 14 5
120 236 6 10
120 255 23 7
120 272 14 1
120 273 50 4
120 302 32 7
120 321 35 2
120 340 42 10
120 356 27 8
120 392 38 10
120 406 42 3
120 425 35 7
120 429 1 1
120 455 30 3
120 461 8 5
120 472 27 3
120 500 7 6
120 526 48 10
120 535 32 7
120 551 46 8
120 553 13 3
120 571 29 10
120 582 1 5
120 635 26 5
120 645 46 4
120 646 8 2
120 656 46 9
120 690 5 9
120 739 19 10
120 781 43 7
120 830 24 6
120 837 44 9
120 862 44 5
120 863 17 1
120 884 39 10
120 907 45 6
120 922 3 4
120 973 8 1
120 1025 26 8
120 1051 32 2
120 1065 39 8
120 1066 45 6
120 1080 4 8
120 1086 47 7
120 1125 27 9
120 1126 2 6
121 125 5 10
121 126 39 2
121 127 26 7
121 128 13 1
121 129 23 6
121 153 38 7
121 238 4 1
121 256 3 6
121 290 13 8
121 301 4 2
121 320 46 2
121 342 49 5
121 355 47 3
121 366 23 1
121 385 29 10
121 391 24 9
121 406 46 4
121 415 6 8
121 416 2 5
121 455 15 4
121 461 32 10
121 473 42 8
121 495 33 3
121 525 30 4
121 536 19 4
121 666 42 7
121 668 35 7
121 695 28 10
121 696 3 8
121 715 25 7
121 716 21 3
121 725 32 2
121 726 38 3
121 741 41 6
121 775 14 9
121 783 47 5
121 803 4 2
121 805 41 9
121 830 5 3
121 837 30 7
121 855 7 1
121 881 45 9
121 907 46 6
121 936 10 2
121 937 21 6
121 951 50 6
121 952 25 8
121 973 22 5
121 1027 49 1
121 1140 47 2
121 1143 19 9
121 1161 31 2
121 1165 47 4
123 518 13 4
123 520 26 10
124 337 44 5
125 388 23 10
125 769 32 5
125 1148 4 6
126 1146 10 6
127 1099 31 9
128 186 3 8
128 1171 42 6
130 131 28 5
130 132 7 1
130 133 13 7
130 134 41 7
130 183 18 7
130 238 22 3
130 270 15 2
130 340 11 10
130 341 3 5
130 355 35 4
130 385 32 9
130 390 6 5
130 461 27 2
130 474 29 8
130 525 16 7
130 526 15 7
130 553 7 8
130 577 26 8
130 646 2 9
130 740 48 1
130 775 12 1
130 780 36 7
130 830 7 7
130 838 43 8
130 855 49 10
130 880 37 7
130 920 13 7
130 1027 32 3
130 1051 50 9
130 1065 1 10
130 1141 8 2
131 132 8 5
131 133 29 5
131 135 5 6
131 136 24 3
131 137 3 3
131 138 29 3
131 139 36 10
131 140 29 7
131 141 23 8
131 142 48 7
131 210 14 7
131 255 7 8
131 273 19 2
131 290 47 8
131 320 37 6
131 355 13 6
131 366 5 7
131 385 46 4
131 406 8 8
131 416 46 1
131 497 50 1
131 572 30 3
131 635 16 7
131 655 39 6
131 690 20 5
131 716 35 8
131 830 34 4
131 861 26 1
131 881 25 1
131 951 32 1
131 1052 15 9
131 1065 16 8
131 1084 50 8
131 1126 41 9
132 133 27 4
132 143 42 9
132 144 46 6
132 145 1 8
132 155 27 9
132 181 24 5
132 235 44 8
132 300 43 2
132 367 48 8
132 392 41 9
132 405 40 2
132 416 49 1
132 455 23 1
132 473 43 5
132 536 8 10
132 553 28 10
132 645 24 10
132 656 4 7
132 666 7 8
132 690 28 10
132 697 33 8
132 726 40 3
132 739 3 4
132 802 23 4
132 804 19 9
132 838 28 10
132 863 36 6
132 906 3 8
132 936 32 9
132 967 30 6
132 1029 20 3
132 1081 39 2
132 1143 7 1
132 1163 3 10
133 146 34 10
133 147 37 4
133 148 16 2
133 149 8 5
133 150 42 9
133 212 47 6
133 300 20 3
133 322 33 8
133 426 31 10
133 430 31 9
133 455 50 2
133 460 2 10
133 536 45 5
133 636 31 1
133 665 25 5
133 698 43 2
133 715 25 10
133 783 47 2
133 907 5 7
133 920 34 6
133 937 1 3
133 951 36 9
133 969 26 9
133 1125 32 3
137 590 49 10
137 1009 24 8
138 683 3 8
139 451 37 10
139 731 25 6
141 187 25 3
141 819 48 10
142 466 31 1
142 932 1 10
142 1155 17 9
146 480 22 3
147 538 8 6
148 410 19 3
149 492 34 9
149 1110 42 4
150 151 8 6
150 152 9 5
150 153 17 2
150 154 29 8
150 155 20 9
150 156 25 3
150 157 11 5
150 235 7 8
150 255 16 1
150 323 5 5
150 368 31 1
150 385 7 6
150 536 37 4
150 570 26 9
150 669 4 10
150 696 24 7
150 716 32 6
150 725 45 6
150 830 33 6
150 860 36 9
150 906 19 8
150 969 42 1
150 1025 50 1
150 1125 28 3
151 152 28 3
151 153 49 10
151 154 24 7
151 155 17 3
151 158 43 3
151 159 28 1
151 160 39 4
151 161 30 1
151 162 12 1
151 163 2 1
151 164 22 10
151 182 23 4
151 211 40 8
151 214 7 6
151 415 2 9
151 455 14 5
151 473 17 5
151 537 18 2
151 635 45 5
151 645 22 7
151 668 20 6
151 697 7 1
151 725 3 4
151 775 35 8
151 862 34 8
151 1164 37 9
152 153 9 8
152 154 10 3
152 155 45 10
152 165 19 4
152 166 37 6
152 167 48 5
152 168 50 9
152 291 42 1
152 429 41 3
152 472 7 9
152 656 18 6
152 742 50 7
152 782 47 3
152 855 25 6
152 906 49 6
152 935 15 9
152 952 27 9
152 1029 19 9
152 1088 3 9
152 1165 28 10
153 154 13 5
153 155 33 9
153 169 47 8
153 257 1 10
153 303 46 8
153 385 2 5
153 392 44 1
153 429 34 8
153 498 31 3
153 525 7 9
153 550 1 4
153 552 49 1
153 575 39 7
153 635 30 6
153 715 23 6
153 737 32 7
153 780 11 1
153 836 11 2
153 880 49 7
153 973 1 1
153 1067 29 4
153 1143 42 10
154 155 14 1
154 170 8 1
154 171 29 3
154 172 46 8
154 173 42 1
154 174 38 4
154 175 5 1
154 176 46 9
154 177 3 9
154 270 43 2
154 340 10 4
154 391 1 5
154 416 32 8
154 460 37 2
154 495 23 3
154 526 5 9
154 920 28 9
154 950 11 7
154 1085 44 10
154 1142 46 5
155 178 22 1
155 179 43 8
155 182 36 7
155 237 32 10
155 271 20 9
155 291 24 10
155 302 6 4
155 323 39 10
155 342 38 4
155 355 23 10
155 356 30 7
155 368 39 8
155 406 1 5
155 455 37 3
155 460 39 8
155 690 46 1
155 775 3 8
155 802 21 10
155 803 29 2
155 830 21 8
155 836 15 10
155 883 48 7
155 922 2 6
155 936 45 9
155 1051 7 6
155 1052 24 3
155 1066 21 4
155 1126 28 5
156 685 41 8
156 1120 29 5
156 1148 38 10
158 445 4 7
158 925 18 2
160 1169 27 10
161 650 13 2
162 820 50 8
164 1189 23 10
166 1103 20 4
169 345 36 2
171 585 37 2
171 785 39 1
172 955 6 10
174 1120 8 1
175 682 50 7
176 337 41 5
178 265 27 6
180 181 13 8
180 182 44 9
180 183 37 9
180 184 3 2
180 185 25 1
180 186 31 10
180 213 23 3
180 256 49 4
180 273 47 1
180 300 41 3
180 355 18 7
180 365 3 3
180 415 19 1
180 460 31 1
180 473 3 1
180 690 34 4
180 698 25 4
180 716 3 1
180 726 11 10
180 775 15 6
180 783 26 2
180 803 27 7
180 835 45 8
180 935 42 10
180 1127 43 5
181 182 47 3
181 183 31 2
181 184 48 7
181 185 20 8
181 187 44 9
181 188 6 4
181 189 22 1
181 190 23 5
181 191 15 10
181 214 50 10
181 238 23 7
181 271 22 9
181 300 15 6
181 391 5 4
181 406 21 2
181 455 6 5
181 535 23 9
181 645 33 7
181 667 26 8
181 782 35 7
181 907 42 3
181 1066 5 10
181 1080 45 2
182 183 18 3
182 184 4 6
182 185 14 7
182 192 16 4
182 193 17 3
182 194 1 5
182 256 31 5
182 416 19 5
182 526 20 3
182 830 2 1
182 835 44 5
182 855 9 10
182 863 19 10
182 884 24 7
182 935 5 4
182 950 9 8
182 973 34 5
182 1080 13 9
182 1141 12 1
182 1160 22 4
183 184 23 10
183 185 10 6
183 195 37 5
183 196 33 8
183 197 9 3
183 198 45 3
183 199 22 9
183 322 29 6
183 340 28 5
183 428 21 4
183 429 40 7
183 474 7 2
183 525 19 3
183 536 48 6
183 551 14 8
183 571 15 2
183 635 12 6
183 646 31 6
183 655 38 10
183 860 29 10
183 881 24 8
183 907 43 2
183 922 49 3
183 970 6 2
183 1066 21 9
183 1125 31 3
184 185 41 1
184 200 45 2
184 201 45 8
184 202 36 6
184 203 15 7
184 238 33 3
184 355 9 3
184 366 31 10
184 385 26 5
184 460 32 5
184 499 34 4
184 552 20 9
184 635 3 10
184 695 28 10
184 735 24 4
184 738 46 6
184 801 17 9
184 855 46 8
184 921 32 5
184 951 1 1
184 1027 40 1
184 1050 3 8
184 1052 47 2
185 204 25 9
185 205 27 2
185 206 6 10
185 207 37 6
185 208 3 6
185 209 31 5
185 291 3 4
185 321 13 9
185 341 23 1
185 392 46 8
185 455 18 7
185 500 41 5
185 577 25 3
185 656 44 4
185 669 17 9
185 716 1 6
185 725 11 2
185 775 10 9
185 830 10 6
185 1029 40 10
185 1143 20 8
185 1166 15 8
188 1059 5 4
189 770 7 7
190 691 36 3
192 1185 12 7
194 560 21 10
195 1108 19 7
196 252 50 4
201 244 1 6
203 631 1 2
205 402 43 1
206 1071 13 1
208 985 22 5
210 211 15 6
210 212 40 2
210 213 30 10
210 214 41 1
210 215 9 1
210 216 34 9
210 217 30 2
210 300 17 7
210 301 24 3
210 340 16 9
210 428 20 2
210 455 36 8
210 497 29 6
210 526 21 9
210 645 11 6
210 690 20 6
210 775 33 2
210 830 3 8
210 862 40 10
210 883 45 1
210 905 28 4
210 1025 34 8
210 1052 2 8
210 1126 11 10
211 212 31 3
211 213 34 7
211 214 1 7
211 218 20 6
211 235 1 3
211 255 4 9
211 322 42 5
211 342 24 1
211 355 47 1
211 391 17 9
211 571 45 10
211 646 27 1
211 655 28 2
211 667 9 6
211 696 34 2
211 804 9 10
211 855 14 3
211 863 26 10
211 975 26 1
211 1066 42 5
211 1141 23 3
212 213 5 9
212 214 50 7
212 219 25 5
212 220 8 3
212 221 25 6
212 222 32 9
212 223 3 10
212 224 12 8
212 225 31 9
212 256 38 2
212 272 18 5
212 385 26 6
212 406 23 3
212 415 10 4
212 455 7 7
212 535 19 5
212 636 27 1
212 656 29 3
212 715 38 9
212 726 3 5
212 775 34 9
212 830 1 1
212 838 2 2
212 855 21 10
212 880 29 7
212 936 20 3
212 969 30 9
212 1125 20 5
212 1167 18 10
213 214 23 5
213 226 25 3
213 227 9 4
213 356 38 10
213 367 13 4
213 385 8 7
213 405 18 7
213 415 49 4
213 472 16 6
213 535 28 6
213 552 12 4
213 635 43 3
213 668 19 1
213 735 11 8
213 781 3 6
213 803 12 8
213 836 37 2
213 907 49 7
213 950 8 3
213 952 14 4
213 1027 30 7
213 1141 21 1
214 228 13 7
214 229 40 7
214 230 6 10
214 231 33 3
214 232 30 8
214 233 33 5
214 234 47 3
214 238 1 6
214 271 37 4
214 291 39 3
214 322 38 10
214 368 34 7
214 391 7 1
214 430 39 1
214 461 47 7
214 471 7 5
214 495 1 3
214 526 10 3
214 553 9 7
214 580 22 10
214 690 18 10
214 716 36 5
214 725 41 9
214 736 48 7
214 783 50 7
214 922 12 3
214 935 35 3
214 1052 38 1
214 1065 18 1
214 1082 32 5
214 1085 41 1
214 1163 45 2
215 512 22 6
215 733 1 6
215 1121 5 5
217 563 43 2
220 653 15 10
222 419 11 4
223 617 42 1
225 344 13 10
225 402 16 5
227 734 3 1
228 977 22 9
228 984 9 7
230 233 28 8
231 670 48 9
232 419 30 7
232 929 44 6
232 953 5 9
234 644 41 2
234 990 24 3
235 236 27 8
235 237 32 4
235 238 50 1
235 239 16 7
235 240 11 2
235 241 18 2
235 242 16 8
235 243 39 3
235 303 16 8
235 321 18 10
235 355 14 7
235 390 3 5
235 425 41 5
235 455 40 4
235 471 15 3
235 495 31 2
235 551 19 8
235 635 9 1
235 690 23 8
235 696 28 4
235 715 47 6
235 716 38 8
235 737 39 10
235 739 17 10
235 775 44 3
235 781 37 7
235 830 2 4
235 835 28 3
235 855 33 6
235 906 21 6
235 921 3 7
235 922 19 9
235 935 6 1
235 936 49 2
235 973 19 5
235 1052 29 6
235 1086 39 7
235 1125 20 1
235 1140 21 1
235 1165 50 7
235 1166 36 9
236 237 36 3
236 238 4 5
236 244 46 10
236 245 41 7
236 246 40 2
236 257 30 7
236 272 38 2
236 273 4 6
236 301 47 6
236 323 19 8
236 366 49 5
236 368 1 2
236 385 4 8
236 406 29 9
236 460 25 4
236 470 40 10
236 525 28 1
236 646 27 4
236 726 12 7
236 881 12 6
236 950 13 7
236 965 28 7
236 1067 34 8
236 1083 45 5
237 238 6 10
237 247 22 7
237 248 36 10
237 249 49 6
237 250 1 4
237 251 44 10
237 252 8 3
237 256 6 5
237 291 9 5
237 405 19 1
237 416 39 9
237 429 24 2
237 455 21 5
237 495 36 5
237 525 50 1
237 536 24 10
237 576 20 4
237 655 29 10
237 667 24 5
237 775 10 2
237 782 2 9
237 801 2 3
237 855 15 8
237 862 29 3
237 884 1 7
237 950 45 7
237 1066 32 8
237 1126 19 10
237 1141 31 9
238 253 29 7
238 254 18 5
238 290 16 6
238 340 4 4
238 342 21 6
238 355 22 8
238 385 29 8
238 392 9 8
238 416 34 6
238 460 13 2
238 535 28 7
238 551 8 7
238 573 4 10
238 635 22 7
238 655 7 2
238 667 6 10
238 690 12 4
238 697 9 2
238 726 47 6
238 835 15 2
238 905 26 5
238 1025 25 2
238 1028 50 8
238 1052 26 9
239 276 11 6
239 1109 7 5
239 1148 23 6
240 842 34 7
240 1134 46 7
242 348 15 9
242 999 37 7
244 632 8 9
245 948 21 5
246 421 36 4
247 1124 46 10
248 306 19 9
248 396 48 8
252 763 9 2
252 1148 1 3
254 603 26 1
254 1007 38 3
255 256 41 2
255 257 14 8
255 258 24 2
255 259 15 6
255 260 46 9
255 261 26 5
255 262 6 6
255 273 40 4
255 291 47 3
255 320 49 4
255 323 26 10
255 341 10 3
255 367 15 3
255 368 29 10
255 385 41 3
255 391 16 6
255 405 10 9
255 406 10 5
255 428 25 1
255 526 15 2
255 535 3 4
255 537 16 1
255 553 41 3
255 646 48 10
255 669 2 1
255 690 12 6
255 775 5 10
255 782 37 10
255 855 19 8
255 863 24 7
255 922 14 4
255 936 34 2
255 965 11 9
255 1052 5 3
255 1085 23 9
255 1086 17 2
255 1127 35 10
255 1143 4 5
255 1161 5 5
256 257 20 2
256 263 45 4
256 264 49 2
256 265 28 3
256 266 44 7
256 272 7 6
256 300 32 9
256 356 18 7
256 415 50 5
256 416 2 7
256 455 1 10
256 471 35 4
256 525 14 4
256 635 13 8
256 636 1 1
256 656 13 10
256 669 1 7
256 726 38 1
256 830 26 3
256 836 21 7
256 837 20 5
256 855 45 9
256 881 16 5
256 906 1 3
256 922 24 2
256 970 31 7
256 1029 41 8
256 1065 17 10
256 1127 17 6
257 267 38 10
257 268 28 3
257 269 43 8
257 291 3 2
257 301 34 3
257 340 19 1
257 356 20 1
257 385 46 6
257 392 13 9
257 428 35 7
257 455 18 6
257 461 26 5
257 471 49 3
257 495 37 3
257 500 43 1
257 551 46 4
257 570 11 10
257 579 33 9
257 655 34 1
257 690 30 4
257 696 46 6
257 698 8 10
257 715 40 5
257 716 22 9
257 726 43 7
257 735 18 9
257 737 23 10
257 775 13 2
257 781 25 4
257 800 48 7
257 830 25 3
257 863 5 8
257 883 32 4
257 907 13 5
257 935 47 3
257 951 49 6
257 1029 1 3
257 1050 5 2
257 1065 34 5
257 1142 17 2
257 1162 8 4
262 682 39 10
263 1058 27 7
265 361 41 10
266 326 25 6
267 556 2 3
268 540 12 7
268 816 30 6
270 271 17 8
270 272 2 6
270 273 19 7
270 274 26 7
270 275 38 7
270 276 33 6
270 277 19 5
270 278 16 9
270 279 45 4
270 416 17 7
270 455 45 10
270 461 6 7
270 470 43 4
270 536 46 8
270 581 11 9
270 635 13 8
270 636 15 1
270 645 26 2
270 690 36 4
270 695 40 7
270 716 16 3
270 726 50 1
270 775 46 5
270 783 49 8
270 802 28 6
270 830 33 3
270 836 21 2
270 855 44 8
270 881 47 6
270 937 48 7
270 951 49 8
270 1025 46 10
270 1067 15 9
270 1143 48 8
271 272 41 5
271 273 50 9
271 280 17 2
271 290 9 6
271 291 20 10
271 321 16 10
271 340 43 10
271 368 38 5
271 385 20 2
271 392 32 3
271 426 14 1
271 455 44 3
271 473 6 2
271 535 20 2
271 550 26 5
271 656 38 4
271 669 45 4
271 697 7 9
271 782 50 3
271 803 32 4
271 835 37 1
271 862 22 9
271 907 35 3
271 937 28 3
271 950 49 2
271 1027 16 1
271 1051 33 3
271 1067 15 1
271 1126 11 10
272 273 14 10
272 281 24 7
272 282 49 5
272 283 17 10
272 284 35 2
272 302 21 2
272 321 24 5
272 355 9 5
272 356 37 7
272 385 10 8
272 405 40 10
272 406 32 8
272 415 28 2
272 460 47 5
272 500 28 2
272 526 19 5
272 572 45 9
272 645 15 5
272 690 4 3
272 726 9 3
272 775 34 3
272 861 36 5
272 881 44 10
272 907 44 8
272 922 47 5
272 970 11 4
272 1127 11 9
272 1165 2 5
273 285 28 7
273 286 11 4
273 287 16 6
273 288 48 5
273 289 46 10
273 303 37 3
273 340 5 7
273 367 46 8
273 392 46 8
273 426 19 4
273 500 36 7
273 526 2 1
273 550 46 9
273 656 44 8
273 665 49 10
273 736 21 8
273 741 36 4
273 830 12 6
273 855 29 6
273 922 50 4
273 976 36 3
273 1052 39 2
273 1084 5 6
273 1087 17 2
273 1140 19 1
275 277 4 9
276 289 35 10
277 409 46 4
278 943 27 1
281 603 44 1
282 1153 49 6
283 1024 26 5
290 291 34 8
290 292 23 5
290 293 5 8
290 294 24 4
290 295 27 9
290 296 48 7
290 297 5 2
290 298 16 2
290 301 33 8
290 356 17 3
290 367 26 8
290 368 7 3
290 385 25 10
290 406 23 10
290 426 46 4
290 455 39 8
290 473 28 4
290 499 7 4
290 526 33 2
290 573 1 1
290 635 4 1
290 655 50 10
290 665 16 4
290 690 25 6
290 716 2 6
290 725 46 3
290 737 15 2
290 775 3 1
290 801 29 2
290 830 40 1
290 837 46 7
290 838 27 4
290 855 36 8
290 861 7 5
290 863 41 9
290 884 49 6
290 907 3 2
290 936 9 5
290 950 34 10
290 951 34 1
290 971 10 10
290 972 42 9
290 1026 7 2
290 1067 46 8
290 1087 31 1
290 1143 16 9
291 299 6 8
291 302 8 9
291 320 24 7
291 322 41 6
291 340 41 3
291 341 4 6
291 390 29 8
291 392 7 8
291 416 28 1
291 428 30 7
291 460 28 8
291 471 35 5
291 495 33 7
291 526 41 4
291 536 47 6
291 550 7 5
291 552 29 7
291 577 47 8
291 645 31 8
291 646 30 8
291 656 45 5
291 668 38 9
291 690 26 10
291 695 18 7
291 698 47 6
291 715 48 2
291 726 14 8
291 742 12 9
291 775 24 1
291 780 27 7
291 782 25 3
291 804 19 5
291 830 47 4
291 884 32 10
291 905 36 5
291 920 23 1
291 1029 7 9
291 1050 44 4
291 1051 10 10
291 1066 23 2
291 1084 40 6
291 1125 44 4
291 1127 29 2
291 1141 10 7
291 1163 48 2
291 1164 33 3
297 564 19 9
298 654 32 4
299 611 25 7
299 706 7 5
299 1139 36 8
299 1151 46 2
299 1152 43 4
300 301 11 5
300 302 4 1
300 303 50 8
300 304 42 10
300 305 34 4
300 306 24 1
300 307 15 10
300 356 21 2
300 385 31 2
300 390 36 7
300 416 6 10
300 425 26 1
300 497 2 6
300 526 13 10
300 537 19 4
300 655 48 4
300 665 44 10
300 696 10 2
300 726 39 5
300 738 13 10
300 775 10 3
300 830 49 1
300 837 44 6
300 882 24 1
300 905 8 2
300 921 24 9
300 1025 25 3
300 1050 22 8
300 1160 4 9
301 302 8 7
301 303 44 5
301 308 33 9
301 309 49 2
301 310 36 5
301 368 46 2
301 406 24 4
301 455 10 7
301 550 6 10
301 551 29 4
301 575 38 1
301 635 14 4
301 656 32 2
301 690 22 2
301 695 36 3
301 715 9 6
301 775 25 4
301 783 17 3
301 803 6 7
301 855 25 2
301 920 35 10
301 1066 29 7
301 1067 47 5
301 1084 43 5
301 1086 46 9
302 303 34 4
302 311 10 10
302 312 31 2
302 313 32 3
302 314 42 3
302 315 45 7
302 316 10 1
302 317 22 6
302 321 46 9
302 323 26 8
302 341 39 1
302 355 15 10
302 385 49 3
302 416 33 8
302 430 2 6
302 455 36 1
302 474 17 8
302 537 8 2
302 635 5 10
302 645 15 6
302 646 7 6
302 804 22 9
302 855 26 5
302 862 34 9
302 906 24 4
302 936 33 4
302 971 31 7
302 974 4 3
302 1026 19 5
302 1141 2 6
303 318 32 4
303 319 10 2
303 340 6 1
303 366 48 6
303 406 43 7
303 460 19 10
303 461 38 8
303 470 7 8
303 500 37 7
303 526 15 8
303 582 34 1
303 669 31 10
303 690 47 7
303 716 20 9
303 725 39 10
303 735 26 8
303 782 20 2
303 830 16 10
303 835 16 6
303 861 39 1
303 884 50 10
303 936 43 1
303 950 24 4
303 1126 3 2
303 1143 3 8
303 1162 46 7
304 904 25 6
304 1179 17 2
306 823 15 5
306 851 16 7
310 336 26 2
311 1107 5 10
313 631 9 2
314 1133 27 10
316 957 39 3
317 568 22 6
318 517 22 7
318 856 49 9
319 521 27 6
320 321 27 1
320 322 20 2
320 323 14 6
320 324 19 4
320 325 48 8
320 326 10 10
320 327 46 10
320 341 43 7
320 342 24 3
320 356 39 1
320 385 49 7
320 391 8 1
320 415 11 8
320 525 23 6
320 550 33 7
320 575 43 5
320 645 26 1
320 656 1 4
320 695 46 4
320 716 22 2
320 737 7 2
320 775 24 9
320 830 10 5
320 881 44 9
320 952 15 10
320 1065 2 3
320 1085 10 9
320 1162 9 2
321 322 7 4
321 323 31 8
321 328 21 4
321 329 11 1
321 330 28 3
321 355 18 7
321 366 46 8
321 385 35 10
321 455 18 3
321 496 50 2
321 553 50 7
321 580 37 3
321 655 21 1
321 690 22 7
321 725 27 9
321 735 37 5
321 803 16 6
321 837 6 4
321 860 6 5
321 863 18 1
321 907 6 8
321 936 1 7
321 937 45 8
321 975 41 4
321 1027 19 8
321 1051 24 6
321 1066 33 5
321 1088 22 4
321 1126 44 5
321 1127 49 3
321 1140 14 8
321 1161 9 8
322 323 20 10
322 331 5 7
322 332 18 9
322 333 27 8
322 334 4 9
322 335 22 6
322 406 27 10
322 415 3 2
322 425 40 5
322 460 19 10
322 471 11 3
322 499 16 9
322 536 42 5
322 635 22 7
322 646 34 4
322 690 27 8
322 697 19 3
322 726 8 5
322 775 31 8
322 804 34 4
322 855 45 7
322 882 37 1
322 907 50 1
322 922 19 5
323 336 47 3
323 337 32 8
323 338 10 5
323 339 4 10
323 366 45 1
323 390 42 9
323 430 43 10
323 455 3 3
323 461 39 6
323 470 33 6
323 525 13 4
323 536 48 9
323 636 13 1
323 665 6 2
323 669 19 5
323 716 39 3
323 782 18 4
323 783 16 8
323 830 48 4
323 838 12 4
323 922 3 7
323 950 30 3
323 971 25 10
323 1025 29 8
323 1051 41 1
323 1142 15 3
324 959 17 3
327 785 29 8
327 929 36 4
328 469 39 7
328 750 34 3
329 849 36 8
332 999 2 4
333 595 41 8
333 791 3 6
334 1196 5 6
335 623 44 5
335 914 36 2
337 877 13 6
338 649 25 5
338 714 33 9
340 341 18 7
340 342 21 7
340 343 21 8
340 344 32 7
340 345 14 4
340 346 34 1
340 355 3 4
340 366 49 5
340 405 46 10
340 415 1 8
340 455 41 4
340 495 36 9
340 498 23 1
340 537 26 9
340 550 39 8
340 552 17 3
340 581 18 5
340 666 33 1
340 697 7 10
340 715 19 1
340 716 50 7
340 775 22 7
340 780 6 1
340 801 32 7
340 830 36 1
340 835 37 7
340 855 50 6
340 881 45 5
340 920 43 5
340 922 22 1
340 1025 35 1
340 1050 21 6
340 1125 21 4
340 1126 27 6
340 1140 42 4
340 1142 12 5
341 342 34 5
341 347 30 1
341 348 22 5
341 405 16 1
341 428 5 4
341 525 17 10
341 535 43 5
341 636 50 7
341 646 35 9
341 656 26 9
341 690 41 10
341 695 48 6
341 739 39 4
341 740 46 6
341 780 11 3
341 800 42 2
341 835 13 2
341 860 42 5
341 861 33 4
341 906 49 5
341 937 28 3
341 969 6 3
341 1027 45 4
341 1052 34 9
341 1066 23 2
341 1086 5 3
342 349 47 10
342 350 16 1
342 351 27 7
342 352 17 10
342 353 14 3
342 354 21 9
342 366 30 5
342 385 11 6
342 390 40 2
342 392 18 9
342 416 30 8
342 428 43 10
342 455 44 6
342 460 29 6
342 461 38 10
342 473 30 9
342 525 50 4
342 574 22 1
342 636 6 10
342 655 48 1
342 667 49 7
342 725 44 8
342 726 38 3
342 775 21 8
342 830 21 6
342 881 46 9
342 906 45 9
342 936 14 8
342 951 12 7
342 967 11 7
342 1065 5 10
342 1082 18 2
342 1164 32 9
342 1166 44 8
345 912 28 7
346 822 48 3
348 979 20 7
349 843 24 3
349 1030 12 6
350 744 1 9
350 870 26 6
351 547 23 1
352 468 28 10
352 826 49 5
354 424 35 9
355 356 39 1
355 357 10 1
355 358 9 5
355 359 33 3
355 360 11 5
355 361 49 8
355 362 4 6
355 365 38 9
355 368 40 9
355 391 12 1
355 405 19 6
355 415 10 1
355 455 50 4
355 461 31 3
355 472 27 1
355 498 11 10
355 525 19 6
355 536 5 8
355 645 48 8
355 656 20 5
355 665 37 2
355 669 26 5
355 690 2 2
355 695 15 4
355 716 49 3
355 725 42 9
355 737 44 6
355 740 5 5
355 775 22 4
355 830 5 6
355 837 1 1
355 855 4 3
355 861 8 3
355 863 11 1
355 880 4 10
355 882 45 2
355 905 12 5
355 922 26 8
355 935 14 5
355 937 24 1
355 951 43 3
355 1025 18 9
355 1029 18 7
355 1087 28 7
355 1166 32 5
356 363 1 8
356 364 13 5
356 385 40 9
356 392 34 6
356 415 12 2
356 425 4 2
356 426 48 3
356 455 40 10
356 460 13 4
356 472 49 6
356 495 34 8
356 525 38 2
356 537 43 4
356 550 19 2
356 553 41 4
356 572 8 8
356 576 36 7
356 636 24 5
356 645 40 2
356 655 39 3
356 690 43 5
356 695 14 8
356 715 36 7
356 725 21 10
356 780 7 4
356 800 12 9
356 802 27 4
356 837 29 3
356 855 48 2
356 907 39 8
356 950 27 5
356 968 24 8
356 970 30 2
356 1051 21 7
356 1052 11 10
356 1065 47 8
356 1066 11 10
356 1081 34 4
356 1126 37 5
356 1127 33 5
356 1141 25 9
356 1142 6 1
356 1161 40 7
357 662 13 6
358 854 41 3
359 375 18 3
360 796 30 6
360 983 10 2
362 395 46 7
364 1175 29 10
365 366 44 4
365 367 34 7
365 368 5 1
365 369 6 9
365 370 21 3
365 371 22 10
365 385 10 3
365 427 27 7
365 460 8 10
365 461 35 10
365 535 48 6
365 536 43 3
365 577 26 3
365 655 9 1
365 690 14 8
365 695 36 5
365 716 46 4
365 725 24 8
365 739 19 5
365 830 19 5
365 835 40 2
365 1066 11 6
365 1082 49 6
365 1140 32 4
366 367 46 3
366 368 47 2
366 372 25 4
366 373 30 3
366 374 43 2
366 375 48 1
366 376 36 8
366 377 49 9
366 391 35 2
366 416 41 10
366 426 21 10
366 471 13 1
366 526 10 4
366 579 40 6
366 635 23 2
366 646 36 1
366 666 37 5
366 716 8 10
366 781 39 4
366 800 40 8
366 855 31 8
366 906 40 5
366 922 8 7
366 937 50 5
366 975 36 9
366 1125 29 9
367 368 11 5
367 378 33 5
367 379 15 8
367 380 14 10
367 405 4 3
367 455 45 10
367 474 9 1
367 495 15 3
367 553 3 6
367 690 8 1
367 725 27 6
367 775 15 3
367 830 49 1
367 835 36 6
367 855 45 7
367 861 37 9
367 881 21 10
367 936 23 1
367 1065 12 7
368 381 22 1
368 382 39 7
368 383 43 6
368 384 11 9
368 385 41 3
368 392 5 4
368 406 25 4
368 416 28 3
368 455 25 1
368 499 12 2
368 525 20 10
368 552 45 2
368 635 15 5
368 645 7 7
368 655 49 1
368 666 37 8
368 740 37 8
368 775 38 7
368 780 23 9
368 804 3 4
368 862 28 1
368 880 5 10
368 906 42 1
368 921 20 7
368 951 13 2
368 952 32 6
368 971 27 9
368 1025 44 9
368 1028 12 3
368 1050 17 6
368 1051 17 7
368 1080 17 1
368 1127 38 10
368 1143 30 7
368 1166 27 5
368 1167 44 7
371 477 16 8
372 1090 1 10
373 511 2 8
373 787 40 4
374 632 37 10
375 778 34 4
375 871 36 6
378 675 5 10
380 569 2 8
385 386 39 7
385 387 15 6
385 388 31 2
385 389 39 7
385 391 44 1
385 392 18 5
385 405 3 5
385 406 7 8
385 415 41 3
385 426 45 5
385 455 14 8
385 460 41 5
385 461 28 1
385 470 43 6
385 473 45 6
385 495 22 9
385 525 28 4
385 526 34 2
385 535 29 10
385 537 48 8
385 552 48 7
385 578 33 5
385 579 38 8
385 636 25 9
385 645 1 3
385 646 3 3
385 655 18 10
385 666 38 8
385 667 43 7
385 690 1 7
385 696 25 1
385 697 50 3
385 715 26 6
385 716 23 4
385 726 38 6
385 736 38 6
385 740 35 8
385 775 37 8
385 781 20 7
385 783 48 3
385 801 47 7
385 802 39 1
385 830 50 8
385 835 25 10
385 837 23 2
385 855 44 4
385 861 32 8
385 863 9 9
385 883 36 8
385 884 26 1
385 906 3 5
385 907 3 7
385 921 50 8
385 935 17 7
385 936 16 6
385 950 42 8
385 951 35 4
385 965 45 10
385 971 24 9
385 1026 13 5
385 1028 21 9
385 1052 35 8
385 1067 5 10
385 1083 7 4
385 1125 34 1
385 1127 15 7
385 1140 20 4
385 1141 24 1
385 1164 5 7
385 1166 38 1
386 531 11 10
386 591 10 3
387 1136 11 2
388 887 38 2
389 879 16 9
390 391 43 3
390 392 23 9
390 393 32 10
390 394 29 6
390 395 31 1
390 396 37 9
390 405 42 5
390 416 35 5
390 425 40 6
390 429 31 8
390 455 21 10
390 471 49 1
390 525 43 4
390 550 25 6
390 552 27 8
390 573 18 8
390 575 28 9
390 645 30 4
390 656 45 5
390 690 43 2
390 695 50 5
390 715 49 8
390 716 44 7
390 803 38 6
390 805 31 7
390 838 45 8
390 855 11 6
390 881 7 1
390 905 3 5
390 951 34 10
390 1025 4 4
390 1052 13 5
390 1065 48 2
390 1083 34 1
390 1084 45 7
390 1126 43 6
390 1141 36 7
390 1162 31 7
391 392 5 8
391 397 26 1
391 398 30 9
391 399 35 4
391 400 15 5
391 401 10 7
391 415 4 4
391 460 18 10
391 496 29 5
391 500 30 1
391 535 30 1
391 536 22 2
391 636 28 5
391 666 9 5
391 690 43 5
391 698 22 10
391 735 26 8
391 737 2 3
391 775 49 2
391 782 37 6
391 830 47 10
391 855 28 3
391 861 27 1
391 922 41 10
391 965 23 5
391 1050 41 5
391 1143 46 3
391 1165 4 1
392 402 42 6
392 403 14 9
392 404 29 10
392 406 35 4
392 455 5 9
392 461 17 1
392 472 19 7
392 525 48 9
392 646 48 10
392 656 23 6
392 666 44 1
392 725 14 7
392 726 20 9
392 775 25 1
392 780 15 2
392 830 33 5
392 838 20 6
392 862 21 1
392 882 20 2
392 905 45 4
392 921 43 3
392 936 10 3
392 937 41 7
392 968 4 6
392 1027 28 8
392 1067 37 9
392 1127 17 8
394 594 19 6
399 758 19 3
402 1007 21 2
404 929 36 3
405 406 10 8
405 407 2 9
405 408 50 8
405 409 18 1
405 410 42 7
405 411 2 6
405 415 34 3
405 416 38 9
405 427 34 9
405 455 36 4
405 460 31 9
405 461 31 8
405 470 33 4
405 498 34 7
405 525 13 1
405 550 42 1
405 553 4 2
405 645 9 9
405 667 46 2
405 668 10 5
405 690 49 1
405 695 50 1
405 726 25 8
405 775 6 10
405 783 34 5
405 803 48 9
405 830 25 5
405 836 38 7
405 860 44 2
405 861 45 1
405 883 1 2
405 921 28 10
405 922 48 2
405 971 16 2
405 974 48 4
405 1026 21 10
405 1050 25 5
405 1065 36 9
405 1080 50 9
405 1125 36 9
405 1126 50 7
405 1141 9 3
406 412 35 9
406 413 13 6
406 414 50 5
406 429 19 8
406 472 27 9
406 496 6 10
406 526 42 1
406 535 13 4
406 536 17 1
406 575 33 6
406 578 4 1
406 635 25 10
406 636 39 5
406 655 17 10
406 656 44 3
406 690 23 5
406 695 46 9
406 715 44 3
406 725 32 1
406 736 4 5
406 783 3 9
406 804 16 8
406 836 16 2
406 855 2 8
406 883 21 9
406 907 38 9
406 935 25 4
406 936 3 6
406 951 28 3
406 952 27 6
406 1028 36 7
406 1065 42 8
406 1083 2 6
406 1143 15 4
406 1161 46 6
406 1162 24 4
414 747 38 1
415 416 1 1
415 417 2 4
415 418 27 3
415 419 28 8
415 420 9 2
415 421 49 10
415 430 50 5
415 455 17 7
415 460 43 9
415 474 32 3
415 497 29 10
415 498 44 10
415 525 43 8
415 551 15 9
415 572 27 5
415 636 38 8
415 645 46 2
415 646 20 7
415 666 49 4
415 668 33 5
415 690 49 9
415 696 49 2
415 715 46 5
415 738 24 10
415 780 23 9
415 801 12 7
415 803 43 9
415 830 26 1
415 838 16 5
415 855 29 8
415 861 6 7
415 862 40 9
415 881 14 2
415 907 33 5
415 920 43 2
415 921 6 4
415 1028 38 5
415 1050 38 5
415 1066 5 1
415 1086 26 3
415 1140 28 1
415 1165 23 3
416 422 32 1
416 423 18 1
416 424 6 10
416 428 48 2
416 455 10 6
416 471 32 6
416 525 50 1
416 537 36 1
416 553 36 5
416 575 50 4
416 636 1 8
416 655 42 4
416 690 37 1
416 698 19 7
416 715 43 2
416 725 46 1
416 726 3 7
416 742 4 7
416 775 41 6
416 780 19 4
416 838 14 8
416 855 12 10
416 881 21 10
416 907 24 1
416 936 5 7
416 950 31 7
416 951 19 3
416 966 10 8
416 971 47 7
416 1025 44 2
416 1052 41 5
416 1067 9 7
416 1087 37 5
416 1125 17 6
416 1126 41 4
416 1143 37 4
416 1167 13 1
421 689 39 7
423 823 17 10
423 1180 28 5
425 426 24 6
425 427 1 7
425 428 8 10
425 429 7 3
425 430 6 4
425 431 8 4
425 432 6 4
425 433 49 1
425 434 29 8
425 435 16 1
425 455 43 7
425 535 10 5
425 553 35 2
425 830 11 1
425 855 1 4
425 883 9 5
425 906 26 2
425 920 48 7
425 1065 11 6
425 1084 14 5
426 427 40 1
426 428 38 5
426 429 45 1
426 430 12 2
426 436 19 1
426 437 35 9
426 438 44 9
426 439 46 4
426 455 12 4
426 536 45 7
426 695 23 7
426 716 43 10
426 726 49 7
426 739 5 2
426 781 36 5
426 1141 35 7
426 1166 21 9
427 428 44 2
427 429 38 8
427 430 43 8
427 440 33 4
427 441 3 3
427 442 28 6
427 461 8 7
427 474 45 4
427 553 35 5
427 580 36 10
427 645 3 5
427 735 26 2
427 775 41 6
427 801 24 9
427 836 5 6
427 882 47 2
427 951 33 3
427 968 13 4
427 1026 43 4
427 1051 2 4
427 1127 2 3
428 429 37 9
428 430 48 5
428 443 50 3
428 444 25 1
428 445 26 9
428 446 32 3
428 526 20 9
428 635 13 10
428 665 38 7
428 830 37 1
428 861 45 2
428 862 43 6
428 936 10 4
428 950 23 10
428 1066 12 7
428 1088 33 1
428 1166 17 2
429 430 2 4
429 447 9 2
429 448 5 2
429 449 23 6
429 450 6 5
429 461 39 5
429 498 41 1
429 526 26 2
429 580 17 3
429 635 9 5
429 655 23 8
429 665 43 3
429 698 6 9
429 775 28 5
429 800 1 2
429 855 34 8
429 907 43 4
429 922 27 8
429 935 17 2
429 975 39 8
429 1141 29 4
430 451 31 3
430 452 26 3
430 453 35 9
430 454 3 7
430 473 50 6
430 497 15 7
430 646 45 6
430 655 22 5
430 690 47 7
430 716 34 1
430 725 41 3
430 836 16 9
430 1028 29 9
430 1050 35 4
431 758 16 3
431 992 3 8
432 620 16 1
433 899 13 2
434 504 7 10
436 486 2 1
437 1014 27 4
440 625 44 6
444 596 8 8
444 722 47 6
445 912 47 8
447 1090 41 9
447 1137 18 3
447 1169 31 10
451 597 19 10
451 807 14 10
452 977 24 8
453 904 20 2
454 486 30 4
454 564 46 8
455 456 40 5
455 457 50 2
455 458 11 5
455 459 36 3
455 460 41 1
455 471 38 7
455 474 42 3
455 497 47 8
455 498 19 1
455 525 11 5
455 526 8 2
455 536 46 9
455 551 47 10
455 553 35 1
455 571 33 9
455 579 33 1
455 635 25 7
455 636 44 9
455 646 9 3
455 656 36 9
455 668 20 5
455 669 13 3
455 690 10 1
455 695 43 5
455 698 38 3
455 715 17 2
455 725 4 2
455 726 33 6
455 738 36 5
455 739 32 8
455 775 24 1
455 780 4 7
455 783 46 3
455 803 46 5
455 804 39 5
455 830 20 10
455 835 9 10
455 836 16 4
455 855 10 1
455 860 40 2
455 863 39 7
455 883 31 4
455 884 18 6
455 905 50 2
455 906 24 7
455 921 48 9
455 922 13 6
455 936 44 3
455 937 15 9
455 951 31 1
455 965 10 10
455 968 33 8
455 1025 48 10
455 1026 20 8
455 1051 41 2
455 1067 44 4
455 1082 40 3
455 1088 25 5
455 1127 10 2
455 1140 43 8
455 1162 5 4
455 1167 22 9
459 1010 10 2
460 461 35 6
460 462 24 9
460 463 39 10
460 464 39 2
460 465 21 3
460 466 40 6
460 535 18 1
460 575 16 1
460 645 40 9
460 646 50 8
460 656 5 2
460 668 20 8
460 690 10 10
460 696 42 2
460 715 26 6
460 726 4 8
460 737 22 9
460 830 43 5
460 835 45 10
460 855 45 7
460 863 7 4
460 881 19 2
460 922 40 7
460 936 12 4
460 950 7 7
460 1051 39 4
460 1067 49 1
460 1085 20 1
460 1087 3 8
460 1127 25 10
460 1142 38 2
460 1167 19 6
461 467 25 9
461 468 10 4
461 469 1 8
461 471 48 7
461 474 44 1
461 495 6 9
461 499 20 3
461 525 35 1
461 526 5 6
461 552 22 9
461 577 26 6
461 635 26 8
461 636 23 5
461 655 18 3
461 690 26 7
461 695 41 5
461 742 49 1
461 775 14 7
461 780 16 1
461 782 11 6
461 800 43 5
461 801 24 8
461 836 42 10
461 863 10 10
461 884 43 5
461 906 42 3
461 922 23 4
461 935 45 8
461 952 24 4
461 967 13 3
461 968 22 3
461 1028 17 3
461 1029 47 1
461 1050 49 1
461 1067 3 3
461 1125 41 6
461 1140 44 5
461 1163 4 10
462 797 22 10
463 479 28 8
465 627 27 2
467 555 20 1
467 699 14 8
469 964 29 8
470 471 12 7
470 472 2 2
470 473 20 6
470 474 21 10
470 475 20 4
470 476 9 10
470 477 35 4
470 551 50 9
470 645 32 4
470 668 11 1
470 804 27 10
470 837 37 5
470 855 17 9
470 907 18 7
470 937 2 3
470 1028 17 4
470 1051 21 9
470 1066 36 2
470 1085 32 6
470 1161 44 3
471 472 43 6
471 473 15 4
471 474 27 6
471 478 16 2
471 499 2 5
471 525 14 2
471 535 30 1
471 550 50 7
471 635 19 4
471 695 12 10
471 715 32 5
471 739 21 10
471 775 47 7
471 781 40 4
471 783 43 8
471 803 16 1
471 855 42 7
471 922 37 8
471 952 5 8
471 1126 27 4
471 1142 20 5
472 473 44 6
472 474 25 5
472 479 28 10
472 480 7 4
472 481 45 1
472 482 15 9
472 483 13 6
472 500 9 8
472 635 42 10
472 696 8 1
472 726 11 8
472 830 23 7
472 860 27 1
472 1167 42 3
473 474 42 9
473 484 2 1
473 485 50 5
473 486 8 4
473 487 13 1
473 488 6 7
473 489 32 10
473 490 3 10
473 491 49 9
473 525 37 8
473 535 44 9
473 573 29 3
473 655 26 9
473 665 18 9
473 690 22 6
473 716 45 2
473 726 32 3
473 742 45 9
473 882 40 1
473 935 43 8
473 974 3 1
473 1085 29 4
473 1140 19 4
474 492 6 7
474 493 20 2
474 494 8 3
474 580 38 6
474 690 44 9
474 775 40 9
474 830 3 4
474 836 24 10
474 861 31 2
474 882 44 8
474 907 20 7
474 921 45 8
474 951 47 7
474 969 1 6
474 1026 37 9
474 1051 49 8
474 1066 32 3
474 1127 38 5
479 675 50 4
479 731 42 4
481 559 3 4
482 701 42 5
485 1118 41 7
486 856 41 8
486 1176 20 6
488 584 27 10
488 1041 26 10
490 1003 50 5
491 614 20 8
493 642 23 6
493 1093 1 3
494 1018 29 5
495 496 15 1
495 497 3 1
495 498 18 6
495 499 41 10
495 500 44 7
495 501 25 1
495 502 28 6
495 503 25 1
495 504 27 7
495 505 34 4
495 552 26 3
495 574 17 8
495 582 37 9
495 636 9 3
495 656 20 3
495 697 34 7
495 855 4 4
495 920 4 9
495 922 41 10
495 1050 30 9
495 1143 30 1
495 1166 2 9
496 497 29 3
496 498 5 4
496 499 35 9
496 500 6 1
496 506 28 1
496 507 20 2
496 508 17 2
496 509 17 6
496 510 38 7
496 511 47 2
496 512 17 5
496 553 15 3
496 690 10 2
496 697 16 8
496 830 18 10
496 950 26 3
496 968 19 7
496 971 16 5
496 1125 35 5
496 1142 42 6
497 498 29 10
497 499 42 10
497 500 5 3
497 513 21 6
497 514 31 3
497 515 50 6
497 645 11 2
497 646 4 7
497 655 12 2
497 669 19 4
497 715 6 3
497 804 49 7
497 884 34 5
497 952 40 6
497 1028 14 1
497 1081 17 5
498 499 5 7
498 500 38 10
498 516 2 9
498 517 46 5
498 518 31 4
498 519 3 1
498 520 36 10
498 521 4 8
498 522 26 5
498 536 21 2
498 635 41 5
498 775 36 1
498 804 15 5
498 837 31 10
498 861 40 6
498 880 25 6
498 905 49 2
498 937 34 3
498 1026 12 1
498 1051 23 7
498 1088 19 4
499 500 11 4
499 523 50 1
499 525 38 6
499 526 46 5
499 535 29 7
499 690 18 1
499 736 43 4
499 738 29 1
499 780 26 8
499 830 33 2
499 855 6 10
499 1066 11 7
499 1163 46 3
500 524 2 8
500 666 21 6
500 715 26 8
500 726 47 1
500 775 13 1
500 782 2 9
500 835 48 3
500 862 45 10
500 936 13 5
500 1065 10 10
500 1126 41 2
502 611 49 1
506 586 19 7
506 1120 12 2
511 845 16 9
512 818 41 1
518 650 25 4
518 1153 27 9
519 522 26 2
525 526 8 5
525 527 2 9
525 528 16 6
525 536 38 1
525 537 28 10
525 551 22 6
525 553 20 8
525 576 36 1
525 645 28 7
525 656 29 6
525 668 34 4
525 669 19 3
525 690 19 4
525 696 15 8
525 716 47 10
525 725 2 9
525 726 50 3
525 742 19 2
525 783 27 9
525 802 10 8
525 830 45 8
525 838 48 6
525 855 18 7
525 862 44 7
525 883 35 3
525 905 41 2
525 906 47 2
525 922 36 5
525 937 39 6
525 952 3 6
525 971 43 9
525 976 29 2
525 1025 13 9
525 1082 36 8
525 1086 25 6
525 1143 39 2
525 1162 17 6
526 529 41 4
526 530 40 7
526 531 45 7
526 532 28 8
526 533 41 1
526 534 23 3
526 573 40 7
526 636 17 6
526 645 46 9
526 655 18 3
526 697 34 9
526 735 3 4
526 775 11 3
526 782 49 7
526 801 47 7
526 830 16 9
526 838 21 6
526 855 24 6
526 880 21 4
526 920 9 1
526 936 14 8
526 950 6 9
526 1029 33 2
526 1050 28 3
526 1051 37 5
526 1065 49 1
526 1066 35 9
526 1126 37 7
526 1140 3 3
526 1163 4 6
530 653 8 2
530 654 38 1
531 891 47 4
535 536 43 7
535 537 12 9
535 538 19 4
535 539 30 9
535 540 4 3
535 541 19 5
535 542 37 6
535 552 8 1
535 635 9 4
535 645 28 3
535 655 24 8
535 667 23 9
535 695 2 8
535 716 40 10
535 725 45 9
535 726 28 8
535 742 32 9
535 775 34 3
535 804 34 1
535 830 28 8
535 837 37 7
535 855 7 5
535 861 5 7
535 950 47 2
535 952 9 2
535 1051 22 10
535 1088 50 7
535 1125 17 9
535 1140 38 3
535 1165 28 2
536 537 48 4
536 543 11 4
536 544 19 9
536 545 15 8
536 546 16 8
536 547 7 1
536 548 33 10
536 550 7 9
536 574 17 5
536 636 33 2
536 645 17 6
536 690 2 1
536 698 42 2
536 775 37 9
536 783 8 2
536 836 25 4
536 882 13 4
536 920 38 10
536 937 42 9
536 1029 13 8
536 1065 48 1
536 1081 8 1
536 1125 12 8
536 1142 8 2
536 1165 47 4
537 549 42 7
537 574 26 4
537 656 40 6
537 667 22 9
537 716 26 1
537 740 19 6
537 781 50 3
537 801 25 1
537 830 10 2
537 855 11 9
537 860 28 8
537 880 45 8
537 905 7 8
537 907 38 2
537 921 43 5
537 937 6 6
537 967 12 4
537 971 29 2
537 1025 20 9
537 1065 42 1
538 841 8 8
538 867 32 6
540 948 37 10
541 1120 8 7
543 808 34 4
547 942 35 5
550 551 7 4
550 552 18 7
550 553 34 6
550 554 8 2
550 645 15 4
550 775 36 2
550 801 40 10
550 802 23 1
550 855 3 9
550 861 17 10
550 883 25 6
550 921 14 8
550 936 20 2
550 1065 1 7
550 1080 5 2
550 1086 1 7
550 1162 37 2
551 552 14 1
551 553 29 9
551 555 4 2
551 556 8 9
551 557 38 7
551 558 37 1
551 559 48 2
551 560 46 6
551 561 30 5
551 562 28 10
551 563 36 8
551 578 20 1
551 636 17 7
551 690 23 5
551 698 46 8
551 725 31 6
551 830 36 8
551 861 38 5
551 880 30 6
551 905 43 3
551 1028 26 10
551 1066 43 10
551 1125 49 1
551 1143 20 6
551 1160 45 8
552 553 43 4
552 564 21 9
552 565 45 9
552 566 16 8
552 567 4 4
552 568 3 6
552 576 5 4
552 690 49 1
552 696 13 5
552 716 21 7
552 726 46 7
552 739 44 1
552 830 2 8
552 837 31 9
552 922 15 7
552 951 21 4
552 969 32 7
552 972 37 10
552 1027 18 5
552 1051 10 3
552 1052 32 8
552 1127 17 3
552 1141 50 2
553 569 48 8
553 635 37 3
553 655 10 7
553 656 46 1
553 665 20 3
553 668 1 2
553 715 32 4
553 742 37 9
553 775 4 1
553 782 43 7
553 836 29 9
553 855 48 9
553 907 19 8
553 936 44 8
553 952 41 4
555 650 38 3
555 709 12 5
557 939 14 8
558 1117 48 8
558 1181 7 6
560 825 17 5
560 1186 27 7
561 653 42 1
561 1079 12 8
562 851 11 8
562 1151 49 9
566 1004 8 3
568 747 35 10
569 756 18 3
570 571 36 6
570 572 15 9
570 573 15 8
570 574 49 1
570 575 20 3
570 576 34 6
570 577 25 8
570 578 16 6
570 579 40 6
570 580 2 8
570 581 26 7
570 582 26 1
570 583 9 4
570 584 27 2
570 860 41 1
570 920 16 9
570 952 38 9
570 1025 10 4
570 1084 46 1
571 572 36 2
571 573 27 5
571 574 14 1
571 575 8 4
571 576 46 6
571 577 50 2
571 578 32 1
571 579 31 5
571 580 14 6
571 581 5 9
571 582 36 9
571 585 24 4
571 586 46 4
571 587 26 10
571 646 24 6
571 656 9 9
571 725 39 8
571 775 31 10
571 803 6 8
571 838 19 8
571 920 13 1
571 969 45 3
571 1083 24 6
571 1126 26 4
572 573 8 9
572 574 5 8
572 575 18 4
572 576 36 2
572 577 47 2
572 578 46 7
572 579 6 2
572 580 30 9
572 581 23 3
572 582 38 9
572 588 29 6
572 589 28 3
572 590 20 9
572 591 43 9
572 592 42 1
572 669 1 3
572 690 30 4
572 696 37 6
572 835 42 7
572 855 29 7
572 883 21 4
572 975 49 10
572 1125 28 10
573 574 15 7
573 575 32 6
573 576 50 3
573 577 33 7
573 578 9 4
573 579 13 4
573 580 46 1
573 581 38 9
573 582 45 8
573 593 41 4
573 594 6 7
573 595 12 7
573 646 18 6
573 883 2 4
573 951 32 10
574 575 19 10
574 576 6 2
574 577 33 3
574 578 10 3
574 579 37 5
574 580 37 4
574 581 30 7
574 582 45 3
574 596 9 10
574 597 13 5
574 598 28 9
574 599 2 8
574 600 39 2
574 601 9 6
574 602 27 1
574 603 44 4
574 655 12 8
574 716 22 4
574 1051 14 6
575 576 11 5
575 577 21 2
575 578 13 8
575 579 1 10
575 580 13 3
575 581 5 2
575 582 50 1
575 604 37 8
575 605 47 2
575 606 36 7
575 607 25 1
575 905 16 3
575 1050 8 8
576 577 13 1
576 578 4 3
576 579 14 6
576 580 12 9
576 581 13 2
576 582 39 7
576 608 5 8
576 695 20 4
576 737 41 4
576 782 26 7
576 855 48 9
576 863 2 6
576 937 34 10
577 578 9 2
577 579 30 9
577 580 6 5
577 581 14 8
577 582 9 6
577 609 26 7
577 610 2 6
577 611 5 10
577 612 10 3
577 613 11 5
577 614 24 5
577 782 21 1
577 800 42 10
577 1066 14 9
577 1141 11 3
578 579 44 6
578 580 48 2
578 581 26 6
578 582 34 5
578 615 22 8
578 616 41 2
578 726 6 4
578 830 31 3
578 906 15 1
578 1066 15 1
578 1161 2 8
578 1164 18 2
579 580 39 1
579 581 14 5
579 582 42 7
579 617 4 9
579 618 6 4
579 619 12 6
579 620 36 6
579 621 10 8
579 635 46 4
579 739 5 5
579 937 34 5
579 1026 10 2
580 581 37 6
580 582 19 3
580 622 15 1
580 623 6 4
580 624 1 5
580 625 14 6
580 626 33 7
580 627 30 2
580 716 14 9
580 1140 46 9
581 582 30 7
581 628 31 2
581 629 36 4
581 636 14 6
581 690 8 10
582 630 25 7
582 631 49 2
582 632 1 7
582 633 43 7
582 634 38 3
582 667 15 3
582 830 11 5
583 1001 44 6
584 1058 27 2
584 1116 36 2
585 494 8 1
585 984 5 6
585 1139 16 5
585 1196 44 8
586 705 13 8
591 786 48 1
591 847 16 9
593 895 15 7
596 728 7 7
597 901 4 3
600 1109 38 1
601 675 36 2
602 908 43 5
603 1117 47 2
603 1147 11 5
604 1100 32 9
606 1105 29 3
609 1001 38 4
612 1191 31 7
614 624 47 3
614 1075 12 5
617 792 46 6
619 941 28 10
619 1015 29 1
621 746 19 9
623 688 39 10
623 764 3 4
627 639 30 3
630 1004 16 1
635 636 32 4
635 637 48 2
635 638 45 4
635 639 21 6
635 640 13 6
635 656 21 5
635 665 50 6
635 669 11 10
635 690 6 4
635 697 49 9
635 716 50 5
635 739 49 1
635 775 21 10
635 780 12 6
635 781 4 6
635 805 45 5
635 830 13 1
635 836 3 4
635 905 13 5
635 922 26 3
635 937 9 8
635 952 43 10
635 967 29 8
635 1050 37 1
635 1065 5 5
635 1067 15 9
635 1125 42 10
635 1126 12 3
635 1160 1 3
636 641 8 6
636 642 34 3
636 643 48 2
636 644 16 4
636 645 27 10
636 690 28 6
636 716 8 6
636 726 5 9
636 802 16 3
636 830 50 1
636 835 42 4
636 855 44 1
636 860 10 5
636 863 29 7
636 881 16 6
636 882 50 1
636 907 41 2
636 920 38 1
636 952 3 1
636 965 43 4
636 1025 2 2
636 1026 28 10
636 1051 11 7
636 1081 28 6
636 1087 22 4
636 1141 45 7
636 1161 36 7
638 831 46 2
639 700 12 8
640 1000 49 3
640 1030 34 9
643 749 37 2
645 646 37 5
645 647 46 4
645 655 13 6
645 665 28 6
645 667 4 5
645 726 47 1
645 738 5 8
645 775 11 8
645 781 50 7
645 830 38 9
645 855 47 3
645 905 13 1
645 906 25 3
645 922 25 2
645 935 25 3
645 952 25 1
645 972 39 8
645 1051 27 10
645 1066 32 6
645 1088 35 5
645 1127 18 7
645 1141 44 6
645 1142 25 2
645 1163 2 2
645 1167 34 9
646 648 45 3
646 649 3 3
646 650 49 9
646 651 28 10
646 652 41 7
646 653 47 2
646 654 40 9
646 656 40 4
646 690 34 8
646 695 44 7
646 697 7 7
646 715 47 6
646 716 21 7
646 725 8 6
646 738 28 4
646 782 12 3
646 800 23 10
646 802 29 5
646 830 8 1
646 835 47 9
646 836 9 4
646 855 36 7
646 862 44 5
646 863 41 7
646 880 19 9
646 884 15 1
646 920 32 10
646 951 47 3
646 968 10 4
646 1027 17 8
646 1029 46 8
646 1050 6 1
646 1067 14 4
646 1126 19 4
651 778 28 2
653 755 6 6
655 656 19 2
655 657 26 4
655 658 24 3
655 659 16 3
655 660 7 10
655 661 50 9
655 669 13 3
655 698 1 7
655 715 22 3
655 726 46 6
655 739 42 4
655 780 8 6
655 805 31 10
655 830 27 1
655 837 41 2
655 855 39 7
655 861 2 4
655 863 37 6
655 880 50 7
655 884 4 10
655 937 5 8
655 952 6 3
655 1028 21 2
655 1051 33 7
655 1066 48 7
655 1082 28 1
655 1127 19 8
655 1143 28 3
655 1162 32 8
656 662 20 9
656 663 40 3
656 664 19 7
656 669 21 8
656 690 29 9
656 695 36 9
656 716 24 4
656 726 48 1
656 738 18 5
656 775 16 3
656 781 13 4
656 802 14 10
656 836 20 7
656 906 30 8
656 907 5 8
656 921 12 3
656 936 36 9
656 952 26 8
656 965 26 5
656 973 29 4
656 1027 39 8
656 1050 44 3
656 1066 2 7
656 1081 25 10
656 1125 13 4
656 1143 32 6
656 1160 20 6
658 662 2 1
658 721 39 10
659 749 18 3
660 661 15 8
664 1135 34 8
665 666 27 1
665 667 42 6
665 668 43 9
665 669 30 6
665 670 13 1
665 671 19 7
665 672 15 6
665 673 1 7
665 674 30 9
665 675 38 9
665 676 22 4
665 695 15 4
665 775 45 7
665 804 11 5
665 805 30 10
665 836 10 3
665 855 50 1
665 862 24 1
665 936 3 7
665 1127 20 10
666 667 8 7
666 668 35 8
666 669 26 4
666 677 46 8
666 678 32 3
666 679 21 10
666 680 24 7
666 681 16 8
666 690 17 3
666 698 3 6
666 830 3 6
666 860 8 1
666 907 49 6
666 972 28 7
666 1025 50 9
666 1067 4 1
667 668 22 10
667 669 48 9
667 682 31 9
667 683 15 10
667 684 31 8
667 685 8 4
667 686 27 4
667 687 39 6
667 690 47 2
667 715 4 3
667 716 9 4
667 782 48 8
667 830 20 2
667 835 50 3
667 922 31 2
667 951 35 9
667 1066 34 3
667 1083 27 7
667 1127 24 10
668 669 38 1
668 688 39 8
668 726 16 8
668 741 20 6
668 855 22 7
668 883 9 9
668 936 39 3
668 952 31 3
668 970 6 5
668 1052 42 2
668 1143 9 2
668 1161 1 10
669 689 42 3
669 726 42 10
669 737 10 6
669 775 28 8
669 782 40 9
669 884 15 7
669 906 6 2
669 920 37 9
669 1028 10 6
669 1087 12 2
669 1140 19 2
669 1160 8 8
672 1100 47 1
673 1105 40 4
676 685 11 3
676 818 19 7
678 758 25 9
678 772 38 8
679 1005 45 1
682 1170 21 3
683 908 6 8
689 938 4 4
690 691 18 8
690 692 4 4
690 693 42 3
690 694 2 4
690 696 24 6
690 698 19 2
690 716 40 9
690 725 24 4
690 726 14 2
690 735 48 8
690 737 32 5
690 775 29 4
690 782 50 7
690 783 12 6
690 801 13 7
690 805 49 6
690 830 10 4
690 836 1 9
690 837 28 2
690 855 50 4
690 860 7 8
690 883 3 1
690 905 41 3
690 906 46 8
690 920 46 3
690 921 21 9
690 936 46 10
690 951 15 4
690 952 22 6
690 968 37 2
690 976 17 7
690 1026 40 3
690 1050 28 8
690 1052 2 6
690 1065 43 3
690 1066 46 6
690 1081 35 7
690 1082 38 7
690 1125 42 4
690 1126 16 8
690 1141 45 1
690 1142 2 9
690 1161 1 8
690 1166 33 6
692 1185 36 7
695 696 49 4
695 697 6 7
695 698 9 7
695 699 15 3
695 700 27 5
695 701 10 4
695 702 35 9
695 726 6 9
695 741 38 7
695 775 47 7
695 780 4 7
695 782 43 2
695 804 49 2
695 805 19 2
695 838 49 5
695 855 22 5
695 861 36 2
695 883 41 2
695 905 47 9
695 921 36 9
695 935 11 9
695 950 6 7
695 1067 21 7
695 1127 30 8
695 1163 22 3
696 697 10 8
696 698 33 4
696 703 22 5
696 704 29 1
696 726 28 7
696 775 39 8
696 922 33 8
696 975 29 4
696 1027 5 2
696 1052 45 2
696 1167 14 9
697 698 37 2
697 705 4 2
697 706 3 7
697 707 3 1
697 708 16 10
697 709 2 7
697 710 45 1
697 711 39 5
697 716 22 6
697 742 40 1
697 863 38 8
697 907 10 5
697 1065 5 4
697 1086 8 1
697 1126 50 8
697 1141 23 4
697 1142 10 2
698 712 33 10
698 713 20 4
698 714 5 7
698 715 20 4
698 830 37 10
698 837 24 7
698 855 18 4
698 881 22 1
698 936 13 1
698 951 25 2
698 968 2 2
698 1028 6 7
698 1050 12 7
698 1087 14 10
702 993 28 5
703 1188 11 3
704 729 19 4
704 768 14 1
705 708 41 5
705 840 32 9
705 1055 12 4
707 1058 12 3
709 1186 1 4
710 779 16 3
715 716 30 8
715 717 27 4
715 718 25 1
715 719 50 6
715 726 40 5
715 735 41 3
715 781 29 8
715 800 19 4
715 802 19 9
715 830 3 7
715 837 42 8
715 838 27 7
715 855 30 9
715 860 27 1
715 862 2 9
715 880 8 1
715 969 2 10
715 976 38 2
715 1027 11 5
715 1052 50 8
715 1065 12 1
715 1083 37 3
715 1086 2 1
715 1127 23 1
715 1140 25 7
716 720 24 3
716 721 31 8
716 722 15 3
716 723 4 4
716 724 11 2
716 726 18 4
716 736 31 3
716 775 22 4
716 782 27 10
716 906 42 2
716 907 9 3
716 921 25 9
716 935 22 8
716 937 42 6
716 951 30 9
716 952 48 5
716 1026 3 5
716 1051 21 1
716 1066 34 5
716 1127 20 3
716 1143 50 3
716 1166 2 5
716 1167 21 9
717 734 3 9
717 784 34 9
720 1022 7 9
721 732 27 5
725 726 15 7
725 727 17 1
725 728 19 3
725 729 39 1
725 735 12 8
725 775 35 3
725 782 20 3
725 830 23 9
725 855 44 4
725 861 32 10
725 883 17 7
725 907 36 5
725 920 33 5
725 936 33 5
725 952 11 5
725 969 9 4
725 1029 43 6
725 1052 15 1
725 1065 41 2
725 1126 43 4
725 1140 43 8
726 730 21 7
726 731 25 1
726 732 48 4
726 733 42 1
726 734 43 4
726 740 22 6
726 780 30 5
726 800 13 1
726 804 4 9
726 830 11 4
726 835 15 10
726 838 22 6
726 855 14 9
726 861 24 2
726 881 18 10
726 905 1 9
726 950 22 7
726 970 32 10
726 1027 21 8
726 1051 10 7
726 1065 13 7
726 1087 2 7
726 1088 16 10
726 1126 16 4
726 1142 17 5
726 1165 45 7
726 1167 13 6
727 910 6 5
735 736 7 5
735 737 8 1
735 738 22 3
735 739 31 6
735 740 14 7
735 741 28 8
735 742 7 4
735 743 16 2
735 744 5 6
735 745 44 8
735 782 48 6
735 804 13 3
735 905 16 1
735 952 26 9
735 1080 40 5
736 737 26 4
736 738 12 4
736 739 45 9
736 740 10 7
736 741 26 2
736 742 21 4
736 746 19 6
736 747 22 5
736 748 9 8
736 749 34 5
736 750 28 8
736 751 45 4
736 775 45 6
736 830 33 7
736 860 30 6
736 882 50 1
736 921 42 3
736 922 18 4
736 1161 43 8
737 738 13 6
737 739 13 3
737 740 19 6
737 741 26 5
737 742 6 8
737 752 2 6
737 753 14 3
737 754 23 4
737 775 17 3
737 804 21 2
737 830 46 6
737 935 43 3
738 739 35 1
738 740 27 1
738 741 44 5
738 742 32 9
738 755 20 4
738 756 35 3
738 757 39 8
738 758 41 2
738 759 40 8
738 883 34 6
738 969 2 9
738 971 11 9
738 1126 24 1
738 1141 40 7
738 1163 32 6
739 740 16 10
739 741 37 8
739 742 46 7
739 760 43 2
739 761 49 1
739 762 40 6
739 782 34 10
739 838 33 5
739 855 41 8
739 950 2 1
739 1085 47 5
740 741 31 4
740 742 37 3
740 763 26 8
740 1051 21 4
740 1052 27 5
740 1067 24 5
740 1069 43 5
741 742 5 5
741 764 48 5
741 765 45 3
741 766 16 8
741 767 25 1
741 863 28 4
741 1065 35 4
741 1126 16 4
741 1143 8 5
742 768 25 6
742 769 48 8
742 770 30 1
742 771 25 7
742 772 33 8
742 773 1 4
742 774 31 10
742 836 25 5
742 935 12 7
742 1027 28 8
743 1129 34 10
744 843 18 9
746 1138 1 1
747 1129 28 10
757 901 25 9
757 940 27 5
758 990 41 1
760 1132 48 10
764 1022 20 2
766 1138 26 1
768 1003 14 3
769 1145 2 4
771 1100 6 10
774 818 25 9
775 776 44 7
775 777 37 9
775 778 22 6
775 779 22 4
775 781 18 2
775 782 42 6
775 800 31 10
775 830 43 9
775 835 46 2
775 836 19 3
775 855 17 5
775 860 42 8
775 861 32 8
775 881 39 8
775 883 26 7
775 906 37 3
775 921 47 1
775 922 30 5
775 937 12 1
775 950 19 2
775 952 19 1
775 965 23 5
775 974 31 3
775 1026 12 1
775 1050 5 4
775 1051 15 5
775 1065 46 4
775 1066 35 3
775 1083 48 1
775 1085 19 4
775 1125 24 4
775 1127 4 8
775 1140 46 8
775 1143 49 8
775 1160 25 2
775 1166 27 5
778 798 35 1
778 1193 7 1
780 781 18 5
780 782 40 9
780 783 1 4
780 784 18 9
780 785 34 4
780 786 17 10
780 787 32 3
780 788 38 2
780 789 18 3
780 790 15 5
780 838 26 8
780 855 12 8
780 863 10 9
780 883 32 8
780 937 30 4
780 972 24 8
780 1026 24 10
780 1028 33 2
780 1052 26 5
780 1141 19 6
781 782 17 7
781 783 17 9
781 791 41 1
781 792 34 9
781 830 26 9
781 836 35 9
781 922 36 2
781 935 32 10
781 1051 45 4
781 1125 39 5
781 1166 50 4
782 783 48 6
782 793 29 4
782 794 47 1
782 795 16 4
782 796 27 6
782 797 39 8
782 798 23 9
782 801 27 8
782 804 33 2
782 830 38 2
782 855 26 4
782 860 2 10
782 880 22 8
782 906 8 7
782 907 26 10
782 1081 17 7
782 1082 13 7
783 799 43 5
783 922 28 3
783 950 24 5
783 951 41 7
783 968 10 7
783 1066 20 8
783 1067 13 2
783 1126 13 6
783 1143 26 2
783 1165 43 4
787 928 20 10
795 1097 45 7
797 875 33 2
800 801 41 4
800 802 13 5
800 803 33 4
800 804 49 6
800 805 34 3
800 806 5 6
800 807 40 4
800 808 12 6
800 809 19 8
800 905 35 5
800 936 18 10
801 802 3 6
801 803 43 5
801 804 26 8
801 805 40 10
801 810 36 7
801 811 29 9
801 812 43 4
801 813 49 2
801 814 22 3
801 815 12 6
801 830 19 7
801 837 22 10
801 935 33 6
801 965 38 7
801 1025 34 10
801 1081 33 5
801 1126 22 4
801 1140 40 7
801 1164 41 1
802 803 20 9
802 804 42 3
802 805 8 10
802 816 49 2
802 921 27 10
802 965 7 9
802 1065 34 3
802 1127 8 9
803 804 33 5
803 805 31 4
803 817 7 7
803 818 29 1
803 819 18 4
803 820 38 10
803 821 33 9
803 830 14 5
803 861 48 9
803 880 11 9
803 951 19 3
803 1026 42 5
803 1051 20 2
804 805 8 5
804 822 39 8
804 823 22 6
804 824 25 9
804 836 15 1
804 855 4 2
804 860 23 1
804 906 50 4
804 922 43 10
804 1051 34 4
804 1087 8 2
804 1164 15 9
805 825 35 10
805 826 20 6
805 827 4 9
805 828 41 3
805 829 11 6
805 855 9 1
805 950 8 8
805 1067 4 8
805 1142 27 4
811 834 14 2
813 947 12 2
822 1013 43 4
822 1190 45 10
825 987 20 2
826 909 20 4
830 831 3 6
830 832 31 7
830 833 45 5
830 834 17 7
830 835 12 3
830 838 11 8
830 855 6 2
830 863 20 3
830 880 3 10
830 882 3 8
830 906 33 7
830 922 3 4
830 936 27 9
830 950 20 1
830 952 29 5
830 968 7 9
830 969 27 6
830 1027 25 9
830 1028 34 5
830 1050 19 9
830 1051 33 9
830 1067 22 9
830 1081 27 1
830 1088 14 5
830 1125 8 4
830 1127 17 3
830 1143 4 7
830 1161 29 7
830 1164 8 3
833 1199 34 3
835 836 37 9
835 837 47 3
835 838 47 5
835 839 32 5
835 855 37 8
835 884 26 7
835 937 23 5
835 951 16 8
835 1025 7 6
835 1082 27 1
836 837 38 5
836 838 31 3
836 840 3 5
836 841 28 10
836 842 6 10
836 843 33 8
836 884 48 3
836 907 14 2
836 952 9 7
836 971 21 8
836 1141 6 5
837 838 35 4
837 844 13 8
837 845 49 7
837 846 29 6
837 847 7 1
837 848 32 3
837 849 20 8
837 850 11 4
837 851 27 5
837 862 6 10
837 863 3 6
837 921 38 8
837 936 35 8
837 1050 22 7
837 1066 26 9
837 1125 31 7
837 1163 12 9
838 852 44 4
838 853 43 9
838 854 46 10
838 906 39 1
838 921 38 4
838 1029 42 4
838 1051 27 4
838 1067 35 6
838 1082 24 6
838 1142 29 4
838 1162 33 8
843 890 49 1
844 901 50 8
845 926 1 5
847 1041 15 5
849 888 28 10
850 990 33 1
855 856 11 4
855 857 1 1
855 858 43 7
855 859 11 6
855 860 27 10
855 863 49 9
855 882 5 5
855 883 6 2
855 905 47 4
855 906 37 10
855 920 32 1
855 921 11 3
855 935 7 2
855 937 24 8
855 950 10 5
855 951 9 9
855 972 47 4
855 1025 34 10
855 1027 17 4
855 1051 26 7
855 1052 22 5
855 1066 1 2
855 1082 36 10
855 1083 14 1
855 1126 26 8
855 1142 28 8
855 1164 29 1
856 1030 42 3
857 1062 32 1
858 1153 34 6
859 1124 21 1
860 861 44 4
860 862 38 5
860 863 2 2
860 864 47 4
860 865 13 8
860 866 19 8
860 867 1 5
860 868 22 6
860 869 5 4
860 920 33 7
860 973 8 8
860 1027 42 8
860 1126 29 5
861 862 2 3
861 863 8 10
861 870 4 8
861 871 31 7
861 872 18 7
861 936 24 9
861 952 45 2
861 1050 43 4
861 1065 15 9
861 1080 32 7
861 1126 26 6
861 1166 30 5
862 863 39 8
862 873 24 4
862 874 1 7
862 875 2 3
862 883 10 5
862 950 1 6
862 1029 36 7
862 1052 32 4
862 1141 22 4
863 876 7 3
863 877 42 1
863 878 29 7
863 879 27 1
863 880 34 8
863 906 41 4
863 937 44 7
863 965 15 5
863 1065 42 2
863 1084 9 4
863 1143 18 1
863 1160 25 10
870 1093 1 6
872 1012 21 9
876 1045 28 10
878 1024 4 4
880 881 15 6
880 882 9 2
880 883 44 10
880 884 5 3
880 885 43 2
880 886 2 10
880 887 46 2
880 921 33 9
880 1065 48 3
880 1167 31 8
881 882 40 2
881 883 10 10
881 884 45 10
881 888 44 4
881 889 26 10
881 890 40 5
881 891 28 1
881 907 26 7
881 937 37 6
881 1051 20 5
882 883 8 5
882 884 19 2
882 892 24 4
882 893 8 9
882 906 3 9
882 967 11 4
882 1025 22 2
882 1083 44 5
882 1140 1 7
883 884 20 8
883 894 19 3
883 895 9 10
883 896 19 8
883 897 21 3
883 898 15 9
883 899 34 1
883 900 35 6
883 901 5 8
883 902 8 10
883 921 24 2
883 937 4 3
883 1026 23 8
883 1065 42 9
883 1083 32 4
883 1127 27 5
883 1143 49 1
883 1160 1 3
884 903 26 4
884 904 7 2
884 950 25 8
884 952 6 2
884 973 27 10
884 1126 39 9
890 903 47 2
893 899 31 10
898 961 34 10
905 906 33 1
905 907 30 4
905 908 33 7
905 921 13 8
905 950 1 8
905 1029 25 3
905 1083 48 9
905 1127 6 2
905 1140 35 10
905 1141 33 5
906 907 3 7
906 909 20 9
906 910 40 8
906 911 11 4
906 912 32 7
906 913 50 2
906 914 40 6
906 937 42 10
906 950 1 5
906 965 14 2
906 976 36 6
906 1029 35 1
906 1052 19 10
906 1067 19 9
906 1080 22 2
906 1167 8 8
907 915 26 9
907 916 35 2
907 917 26 1
907 918 27 8
907 919 35 2
907 920 10 3
907 935 1 5
907 1051 15 2
907 1067 34 10
907 1125 48 2
907 1164 19 5
912 1154 42 5
915 1135 22 1
920 921 13 2
920 922 35 2
920 923 42 5
920 924 14 10
920 925 4 3
920 975 16 3
920 1052 10 6
920 1067 12 4
920 1084 42 1
920 1126 33 5
920 1142 49 8
921 922 42 6
921 926 27 10
921 927 39 4
921 928 24 10
921 929 35 8
921 936 6 4
921 937 45 6
921 950 40 7
921 972 9 2
921 1088 31 4
921 1140 9 7
921 1165 18 3
922 930 18 1
922 931 35 1
922 932 18 5
922 933 32 8
922 934 9 8
922 950 32 5
922 1027 47 6
922 1029 37 4
922 1051 43 1
922 1065 33 9
922 1126 18 1
922 1166 40 8
925 1078 26 3
929 1103 32 10
930 1020 11 7
932 1072 7 7
935 936 24 1
935 937 42 9
935 938 26 9
935 939 10 10
935 940 32 7
935 941 22 3
935 1025 39 1
935 1051 23 6
935 1081 39 10
935 1084 49 6
936 937 1 4
936 942 39 10
936 943 39 6
936 944 6 8
936 945 16 1
936 950 9 9
936 966 3 4
936 970 20 4
936 1050 12 6
936 1067 40 10
936 1126 23 5
936 1140 9 6
936 1143 47 7
936 1166 27 1
937 946 50 3
937 947 20 2
937 948 32 3
937 949 19 9
937 952 2 8
937 1027 39 8
937 1127 49 7
937 1162 23 10
950 951 35 7
950 952 42 10
950 953 33 9
950 954 10 6
950 970 40 3
950 1051 44 1
950 1066 28 6
950 1085 4 5
950 1125 36 1
950 1126 33 3
950 1140 21 5
951 952 44 4
951 955 11 2
951 956 31 4
951 957 18 6
951 1026 13 7
951 1052 41 9
951 1083 39 1
951 1141 36 4
951 1163 41 2
951 1166 10 3
952 958 48 4
952 959 10 4
952 960 2 5
952 961 44 6
952 962 28 6
952 963 31 3
952 964 30 2
952 1025 35 6
952 1067 20 9
953 961 27 7
953 1170 4 5
953 1176 11 4
959 1185 47 5
959 1192 10 9
965 966 14 1
965 967 14 6
965 968 34 1
965 969 44 6
965 970 40 2
965 971 29 6
965 972 22 9
965 973 20 3
965 974 14 1
965 975 40 1
965 976 29 3
965 977 22 8
965 978 43 6
965 979 31 2
965 980 27 1
965 1081 42 8
966 967 12 7
966 968 15 5
966 969 28 8
966 970 9 7
966 971 33 6
966 972 32 8
966 973 32 8
966 974 11 6
966 975 33 7
966 976 31 4
966 981 4 3
966 982 38 3
966 983 13 4
966 1029 48 3
967 968 13 6
967 969 4 7
967 970 41 8
967 971 45 7
967 972 33 2
967 973 22 4
967 974 22 8
967 975 38 2
967 976 6 10
967 984 4 8
967 985 27 10
967 986 13 9
967 987 39 7
967 988 10 1
967 989 21 10
968 969 19 2
968 970 49 2
968 971 7 7
968 972 18 9
968 973 39 10
968 974 27 8
968 975 5 10
968 976 28 10
968 990 14 7
968 991 44 7
968 992 4 7
968 993 19 4
968 1142 2 4
969 970 9 10
969 971 29 9
969 972 22 5
969 973 46 8
969 974 17 2
969 975 9 4
969 976 29 6
969 994 37 2
969 995 32 7
970 971 5 2
970 972 26 5
970 973 9 3
970 974 41 6
970 975 4 5
970 976 13 1
970 996 44 2
970 997 23 1
970 998 34 1
970 999 29 4
970 1000 38 8
970 1067 25 3
970 1166 1 7
971 972 25 6
971 973 4 4
971 974 40 4
971 975 14 8
971 976 4 3
971 1001 5 3
971 1002 25 6
971 1003 20 10
971 1004 50 1
971 1005 4 1
971 1026 43 3
972 973 15 6
972 974 34 5
972 975 9 9
972 976 23 7
972 1006 2 3
972 1007 49 3
972 1008 39 2
972 1009 21 4
972 1010 38 6
972 1081 18 4
972 1141 25 8
973 974 50 8
973 975 37 8
973 976 20 5
973 1011 13 6
973 1012 47 9
973 1013 49 5
973 1050 22 6
973 1051 24 10
973 1066 5 3
974 975 26 5
974 976 4 2
974 1014 5 7
974 1015 41 5
974 1016 30 1
974 1017 32 4
974 1018 15 8
975 976 50 6
975 1019 10 9
975 1020 32 7
976 1021 46 8
976 1022 42 6
976 1023 16 7
976 1024 40 6
976 1126 5 1
976 1127 7 7
976 1160 47 4
982 1119 45 1
982 1123 32 2
990 1136 50 7
990 1170 50 6
993 1040 43 2
1011 1022 37 6
1020 1109 28 6
1025 1026 17 8
1025 1027 4 1
1025 1028 47 3
1025 1029 13 3
1025 1030 32 6
1025 1031 12 3
1025 1032 17 7
1025 1066 4 5
1025 1088 5 9
1026 1027 22 6
1026 1028 20 8
1026 1029 39 10
1026 1033 50 4
1026 1034 5 4
1026 1127 21 4
1026 1143 39 1
1026 1167 2 2
1027 1028 37 5
1027 1029 16 9
1027 1035 46 5
1027 1036 31 4
1027 1037 16 4
1027 1038 48 2
1027 1039 22 9
1027 1052 1 3
1027 1067 46 5
1027 1126 2 8
1028 1029 34 7
1028 1040 43 7
1028 1041 15 2
1028 1042 44 7
1028 1043 4 4
1028 1044 6 9
1028 1045 23 5
1028 1046 8 2
1028 1142 17 2
1029 1047 31 2
1029 1048 21 2
1029 1049 22 8
1029 1084 36 10
1029 1164 34 5
1032 1062 46 7
1036 1186 49 6
1050 1051 30 9
1050 1052 16 7
1050 1053 20 5
1050 1054 7 2
1050 1055 22 2
1050 1080 40 2
1050 1088 26 9
1050 1143 20 8
1051 1052 25 6
1051 1056 33 2
1051 1057 30 6
1051 1058 28 10
1051 1067 40 6
1051 1143 22 3
1052 1059 4 10
1052 1060 50 6
1052 1061 12 10
1052 1062 41 7
1052 1063 39 2
1052 1064 28 7
1052 1125 40 6
1052 1126 20 4
1052 1161 4 7
1052 1164 33 9
1065 1066 49 3
1065 1067 46 8
1065 1068 49 8
1065 1069 39 3
1065 1070 8 7
1065 1071 18 6
1065 1081 30 5
1065 1127 37 7
1065 1140 44 7
1065 1160 27 3
1066 1067 35 4
1066 1072 14 6
1066 1073 25 4
1066 1074 31 8
1066 1082 47 10
1066 1142 4 3
1066 1165 12 1
1067 1075 22 3
1067 1076 16 9
1067 1077 28 4
1067 1078 19 2
1067 1079 41 8
1067 1125 14 8
1080 1081 32 6
1080 1082 17 10
1080 1083 9 2
1080 1084 2 3
1080 1085 32 1
1080 1086 18 1
1080 1087 50 1
1080 1088 19 10
1080 1089 40 8
1080 1090 9 5
1080 1091 40 2
1080 1092 28 4
1081 1082 28 6
1081 1083 21 9
1081 1084 42 3
1081 1085 19 2
1081 1086 43 1
1081 1087 5 4
1081 1088 47 2
1081 1093 4 8
1081 1094 24 6
1082 1083 20 8
1082 1084 19 10
1082 1085 44 1
1082 1086 39 3
1082 1087 37 1
1082 1088 40 10
1082 1095 32 10
1082 1096 3 9
1082 1097 34 9
1082 1098 5 4
1083 1084 7 8
1083 1085 28 7
1083 1086 18 8
1083 1087 3 6
1083 1088 46 6
1083 1099 39 9
1083 1100 17 6
1083 1101 13 7
1083 1102 42 3
1083 1103 21 2
1083 1161 5 9
1083 1167 18 9
1084 1085 15 10
1084 1086 7 4
1084 1087 35 9
1084 1088 16 7
1084 1104 21 5
1084 1105 47 8
1084 1106 12 7
1085 1086 10 3
1085 1087 7 5
1085 1088 10 7
1085 1107 41 5
1085 1108 34 8
1085 1109 40 2
1085 1110 9 10
1085 1111 16 10
1086 1087 41 4
1086 1088 50 4
1086 1112 31 9
1086 1113 17 8
1086 1125 40 6
1086 1140 2 3
1087 1088 10 6
1087 1114 33 6
1087 1115 50 3
1087 1116 36 7
1087 1117 9 10
1087 1118 18 5
1087 1119 41 2
1087 1120 32 8
1087 1125 24 6
1087 1141 34 6
1088 1121 43 7
1088 1122 2 6
1088 1123 7 6
1088 1124 42 8
1094 1139 4 7
1103 1148 4 9
1113 1133 12 8
1121 1181 25 7
1124 1196 23 2
1125 1126 41 8
1125 1127 15 7
1125 1128 37 1
1125 1129 15 9
1126 1127 9 5
1126 1130 15 6
1126 1131 28 8
1126 1132 9 7
1126 1133 40 8
1126 1134 3 8
1126 1135 5 7
1126 1141 23 5
1127 1136 20 8
1127 1137 20 4
1127 1138 36 8
1127 1139 31 5
1127 1140 8 1
1127 1161 4 6
1127 1162 28 2
1140 1141 14 10
1140 1142 14 10
1140 1143 19 8
1140 1144 5 4
1140 1145 32 9
1140 1146 40 10
1140 1147 5 5
1140 1148 18 2
1140 1149 50 2
1140 1150 37 6
1140 1166 29 9
1141 1142 49 8
1141 1143 42 4
1141 1151 25 1
1141 1152 50 4
1141 1153 8 2
1141 1154 43 10
1141 1155 36 8
1142 1143 34 8
1142 1156 17 6
1142 1157 31 8
1142 1161 21 2
1143 1158 23 10
1143 1159 26 2
1160 1161 8 10
1160 1162 50 2
1160 1163 21 2
1160 1164 29 3
1160 1165 45 4
1160 1166 33 4
1160 1167 22 1
1160 1168 43 9
1160 1169 14 8
1160 1170 18 9
1161 1162 24 3
1161 1163 39 10
1161 1164 32 1
1161 1165 39 10
1161 1166 4 1
1161 1167 25 6
1161 1171 31 7
1161 1172 14 10
1161 1173 22 7
1161 1174 4 7
1161 1175 7 5
1162 1163 19 3
1162 1164 21 1
1162 1165 5 9
1162 1166 28 5
1162 1167 6 9
1162 1176 34 4
1162 1177 11 3
1162 1178 31 9
1162 1179 5 4
1162 1180 24 8
1162 1181 18 1
1163 66 42 4
1163 1164 42 6
1163 1165 45 9
1163 1166 16 10
1163 1167 40 4
1163 1182 35 4
1164 1165 32 5
1164 1166 26 5
1164 1167 41 2
1164 1183 38 2
1164 1184 48 10
1164 1185 47 5
1164 1186 47 10
1165 1166 38 3
1165 1167 26 10
1165 1187 14 5
1165 1188 44 1
1165 1189 29 2
1166 1167 8 10
1166 1190 10 2
1166 1191 29 1
1166 1192 36 3
1166 1193 16 5
1167 1194 44 1
1167 1195 29 8
1167 1196 43 3
1167 1197 8 6
1167 1198 11 1
1167 1199 16 9

0 777 21
1 1024 54
2 373 47
3 623 65
4 808 10
5 445 46
6 245 41
7 893 22
8 814 11
9 439 21
10 957 26
11 1157 17
12 261 16
13 540 22
14 1178 22
15 226 12
16 448 2
17 931 20
18 26 5
19 443 18
20 487 4
21 546 7
22 409 32
23 980 6
24 651 25
25 992 3
26 265 22
27 1018 31
28 865 4
29 315 19
30 10 16
31 815 6
32 776 16
33 1112 15
34 167 18
35 36 22
36 1129 32
37 599 1
38 515 32
39 1106 5
40 178 16
41 820 29
42 1095 15
43 624 12
44 252 39
45 766 21
46 638 48
47 98 35
48 219 9
49 240 26
50 195 28
51 923 17
52 1073 15
53 24 13
54 629 13
55 232 70
56 990 138
57 431 12
58 360 13
59 1031 15
60 963 21
61 760 55
62 463 20
63 176 34
64 747 81
65 11 1
66 1152 65
67 34 6
68 110 26
69 1109 67
70 773 1
71 956 12
72 149 31
73 206 12
74 895 31
75 569 29
76 104 36
77 1056 7
78 941 31
79 630 27
80 994 19
81 1019 4
82 485 61
83 958 11
84 197 6
85 343 14
86 269 28
87 1176 30
88 914 24
89 203 16
90 1121 30
91 717 34
92 996 26
93 494 11
94 514 18
95 239 37
96 1170 65
97 508 12
98 335 30
99 619 35
100 652 11
101 16 26
102 228 12
103 72 3
104 1041 24
105 892 7
106 357 13
107 328 50
108 18 12
109 74 4
110 410 37
111 506 22
112 1012 25
113 796 38
114 854 20
115 1181 11
116 818 71
117 407 1
118 1197 2
119 705 47
120 555 22
121 374 53
122 731 53
123 658 33
124 379 5
125 597 25
126 590 40
127 960 2
128 384 4
129 622 9
130 1089 9
131 129 13
132 545 6
133 433 16
134 148 8
135 981 3
136 408 17
137 813 20
138 1100 88
139 1118 13
140 962 20
141 843 51
142 200 12
143 466 41
144 723 2
145 491 46
146 249 27
147 311 6
148 1047 9
149 866 11
150 1059 6
151 864 13
152 727 9
153 1169 47
154 17 3
155 48 31
156 179 14
157 94 22
158 351 29
159 512 38
160 54 13
161 1096 1
162 325 13
163 400 10
164 899 50
165 91 15
166 743 21
167 1105 48
168 501 12
169 69 12
170 507 7
171 1122 1
172 1131 7
173 924 7
174 778 42
175 826 57
176 1138 40
177 15 52
178 503 11
179 295 10
180 1046 2
181 759 9
182 987 20
183 1069 25
184 174 16
185 144 26
186 234 63
187 308 15
188 792 42
189 417 1
190 1021 29
191 988 6
192 670 41
193 225 22
194 879 26
195 642 38
196 199 15
197 114 10
198 394 31
199 1173 6
200 701 22
201 168 33
202 1091 14
203 1159 13
204 961 57
205 1151 63
206 654 44
207 673 28
208 189 8
209 403 6
210 995 19
211 333 45
212 479 45
213 676 12
214 713 7
215 877 20
216 264 12
217 119 1
218 50 7
219 934 5
220 139 23
221 848 10
222 435 9
223 1035 11
224 1116 23
225 492 9
226 78 6
227 371 17
228 755 12
229 821 19
230 205 27
231 449 9
232 982 60
233 170 5
234 117 23
235 1149 23
236 444 54
237 707 6
238 221 16
239 337 88
240 424 29
241 561 22
242 244 28
243 402 74
244 749 35
245 305 13
246 1189 19
247 772 22
248 1003 59
249 733 20
250 985 38
251 420 3
252 172 24
253 809 9
254 230 22
255 294 10
256 524 1
257 1158 17
258 610 2
259 600 35
260 912 117
261 799 27
262 376 24
263 603 39
264 227 7
265 314 36
266 96 17
267 868 15
268 831 21
269 712 22
270 704 43
271 953 30
272 519 19
273 841 10
274 1077 46
275 929 59
276 754 6
277 493 23
278 909 10
279 251 21
280 1184 22
281 483 8
282 247 18
283 1128 9
284 817 2
285 1061 8
286 1119 31
287 1174 2
288 304 23
289 97 34
290 807 21
291 1093 3
292 626 21
293 621 9
294 1016 20
295 751 15
296 504 12
297 191 8
298 633 41
299 1010 34
300 246 20
301 614 30
302 140 12
303 332 13
304 397 18
305 283 18
306 111 27
307 454 55
308 446 15
309 547 29
310 122 15
311 19 25
312 680 11
313 1078 22
314 592 10
315 612 21
316 560 29
317 378 16
318 989 15
319 456 23
320 568 43
321 464 16
322 891 28
323 793 16
324 834 20
325 719 30
326 190 40
327 113 12
328 413 4
329 173 23
330 85 16
331 77 2
332 361 40
333 204 34
334 1139 38
335 758 74
336 488 41
337 1005 18
338 393 9
339 354 15
340 52 54
341 489 8
342 1194 18
343 1155 19
344 377 24
345 229 10
346 876 10
347 389 31
348 1117 39
349 662 23
350 684 9
351 243 25
352 164 32
353 732 31
354 1014 12
355 82 19
356 850 20
357 910 19
358 745 14
359 468 10
360 127 25
361 887 44
362 274 11
363 721 37
364 939 15
365 102 34
366 1134 22
367 703 25
368 943 21
369 147 23
370 567 3
371 95 44
372 307 6
373 136 7
374 80 32
375 688 54
376 278 12
377 840 20
378 330 17
379 902 5
380 945 6
381 827 2
382 262 19
383 1022 73
384 163 1
385 917 13
386 326 10
387 1183 27
388 828 11
389 401 6
390 370 12
391 942 26
392 517 41
393 873 14
394 908 38
395 584 37
396 1037 12
397 871 43
398 312 10
399 347 7
400 913 17
401 1180 34
402 901 58
403 594 9
404 752 1
405 711 16
406 1120 44
407 202 20
408 198 12
409 627 18
410 762 15
411 319 23
412 558 35
413 609 41
414 1130 6
415 457 24
416 620 12
417 242 46
418 797 54
419 71 26
420 156 45
421 259 8
422 1045 11
423 788 19
424 288 17
425 31 24
426 919 9
427 1079 21
428 298 14
429 207 11
430 856 63
431 785 50
432 846 10
433 1193 14
434 949 9
435 556 5
436 554 4
437 217 48
438 201 12
439 398 12
440 786 15
441 447 41
442 911 6
443 362 15
444 233 22
445 928 10
446 728 7
447 1099 24
448 510 25
449 631 14
450 442 18
451 364 14
452 847 13
453 859 13
454 529 27
455 1006 1
456 1060 21
457 358 22
458 903 51
459 250 1
460 904 36
461 542 21
462 284 25
463 310 18
464 411 1
465 518 24
466 33 11
467 422 14
468 137 51
469 897 6
470 1186 50
471 162 18
472 1034 4
473 1004 44
474 825 24
475 944 4
476 946 35
477 595 31
478 789 11
479 458 5
