1200 5251 480

0 25 200
1 50 500
2 75 800
3 100 1200
4 125 1700
5 150 2300
6 175 3000
7 200 3800
8 225 4600
9 250 5500

0 1500
1 1000
2 1500
3 2000
4 2000
5 2000
6 1500
7 1000
8 2000
9 1500
10 1000
11 2000
12 1000
13 1000
14 1500
15 1500
16 2000
17 2000
18 2000
19 2000
20 1000
21 500
22 1500
23 1500
24 1500
25 1000
26 1500
27 1500
28 1500
29 1500
30 1000
31 500
32 1500
33 2000
34 2000
35 2000
36 1000
37 2000
38 1000
39 1000
40 2000
41 1000
42 2000
43 1000
44 2000
45 1500
46 1500
47 2000
48 1000
49 1500
50 1000
51 1500
52 500
53 1000
54 500
55 1500
56 1000
57 1500
58 2000
59 1000
60 1500
61 1500
62 1000
63 1500
64 1500
65 2000
66 2000
67 1000
68 2000
69 2000
70 2000
71 1500
72 2000
73 500
74 500
75 500
76 1500
77 1000
78 1000
79 2000
80 1500
81 1000
82 1500
83 2000
84 1000
85 1500
86 1500
87 2000
88 2000
89 2000
90 2000
91 1000
92 2000
93 2000
94 2000
95 1500
96 1500
97 1000
98 2000
99 2000
100 1000
101 2000
102 2000
103 2000
104 2000
105 1500
106 1500
107 1500
108 2000
109 1000
110 1500
111 1500
112 1500
113 1000
114 1000
115 1000
116 2000
117 2000
118 2000
119 2000
120 1500
121 1500
122 1500
123 2000
124 1000
125 2000
126 1000
127 1500
128 1500
129 2000
130 2000
131 2000
132 1500
133 1500
134 2000
135 1500
136 1500
137 1000
138 1000
139 2000
140 2000
141 2000
142 2000
143 1500
144 2000
145 1500
146 1000
147 1500
148 1000
149 2000
150 2000
151 2000
152 1500
153 500
154 2000
155 2000
156 2000
157 2000
158 2000
159 2000
160 1500
161 2000
162 1000
163 1000
164 2000
165 1500
166 2000
167 2000
168 2000
169 2000
170 1500
171 1500
172 2000
173 2000
174 2000
175 1500
176 1500
177 1500
178 1500
179 1500
180 2000
181 2000
182 1000
183 2000
184 2000
185 2000
186 2000
187 1000
188 1500
189 2000
190 2000
191 2000
192 2000
193 2000
194 1000
195 2000
196 2000
197 2000
198 2000
199 1500
200 1500
201 1500
202 1500
203 1500
204 1500
205 1500
206 2000
207 1000
208 2000
209 2000
210 2000
211 2000
212 2000
213 1000
214 2000
215 1500
216 2000
217 2000
218 1500
219 1000
220 1500
221 1500
222 2000
223 2000
224 2000
225 1500
226 1500
227 1500
228 1500
229 1500
230 1500
231 1500
232 1500
233 2000
234 1000
235 2000
236 1000
237 1500
238 2000
239 2000
240 1000
241 1000
242 2000
243 1500
244 2000
245 2000
246 2000
247 2000
248 1000
249 1000
250 1000
251 2000
252 1000
253 2000
254 1000
255 1500
256 2000
257 1500
258 2000
259 2000
260 1000
261 2000
262 1500
263 1000
264 2000
265 1500
266 1000
267 1500
268 1000
269 2000
270 1500
271 1500
272 1500
273 1500
274 2000
275 2000
276 1000
277 1000
278 1000
279 2000
280 2000
281 2000
282 2000
283 1000
284 1000
285 1500
286 1500
287 2000
288 1000
289 1500
290 2000
291 1000
292 1000
293 2000
294 1500
295 1000
296 1500
297 1500
298 1500
299 1500
300 1500
301 1500
302 1000
303 2000
304 2000
305 2000
306 2000
307 2000
308 1000
309 1000
310 2000
311 1000
312 2000
313 1000
314 1000
315 2000
316 1500
317 1500
318 1500
319 2000
320 2000
321 2000
322 1000
323 2000
324 2000
325 1000
326 1000
327 1500
328 1500
329 1500
330 1500
331 500
332 1500
333 1500
334 1500
335 500
336 1500
337 500
338 2000
339 2000
340 1500
341 2000
342 2000
343 2000
344 2000
345 1500
346 2000
347 2000
348 2000
349 2000
350 1500
351 1000
352 2000
353 1000
354 2000
355 1500
356 1500
357 1000
358 2000
359 1000
360 1500
361 1000
362 1500
363 1000
364 1000
365 2000
366 2000
367 500
368 2000
369 2000
370 2000
371 1500
372 1000
373 2000
374 2000
375 1500
376 1500
377 1000
378 1500
379 2000
380 1500
381 1000
382 1000
383 1000
384 2000
385 2000
386 2000
387 1000
388 500
389 1500
390 1500
391 1500
392 1500
393 1000
394 1500
395 1000
396 2000
397 2000
398 1500
399 1000
400 1000
401 1500
402 1500
403 1000
404 2000
405 1000
406 1500
407 2000
408 1000
409 500
410 1500
411 2000
412 2000
413 1000
414 1500
415 1500
416 1500
417 1500
418 1500
419 1500
420 1000
421 2000
422 2000
423 2000
424 1000
425 2000
426 2000
427 2000
428 1000
429 1500
430 1000
431 1000
432 2000
433 1000
434 2000
435 2000
436 1500
437 2000
438 1500
439 1500
440 1500
441 1500
442 1500
443 1500
444 2000
445 1500
446 1500
447 2000
448 1000
449 1500
450 1000
451 2000
452 2000
453 1000
454 1500
455 1500
456 2000
457 2000
458 1000
459 1000
460 1500
461 1500
462 1500
463 1500
464 1500
465 2000
466 1500
467 2000
468 2000
469 1500
470 2000
471 1000
472 1000
473 1000
474 2000
475 2000
476 1000
477 1000
478 2000
479 1000
480 1500
481 1500
482 1500
483 1500
484 1500
485 1000
486 1500
487 1000
488 1500
489 1500
490 2000
491 2000
492 2000
493 2000
494 2000
495 1000
496 2000
497 1500
498 2000
499 1000
500 2000
501 2000
502 1000
503 1500
504 2000
505 2000
506 1500
507 1000
508 1000
509 1000
510 2000
511 2000
512 2000
513 1500
514 2000
515 2000
516 1000
517 1000
518 500
519 1000
520 2000
521 500
522 2000
523 2000
524 1000
525 1000
526 1500
527 1500
528 1500
529 1500
530 1500
531 1500
532 1500
533 2000
534 1000
535 2000
536 1000
537 2000
538 1000
539 1500
540 1000
541 2000
542 1000
543 1000
544 1000
545 2000
546 2000
547 2000
548 1000
549 1500
550 1500
551 1500
552 1500
553 1000
554 1500
555 1500
556 1500
557 1500
558 1500
559 1500
560 2000
561 1000
562 2000
563 2000
564 1000
565 2000
566 1000
567 1000
568 2000
569 1500
570 1500
571 500
572 1500
573 1500
574 2000
575 1500
576 1000
577 2000
578 1000
579 2000
580 2000
581 2000
582 1500
583 1000
584 1000
585 1000
586 1000
587 2000
588 2000
589 1000
590 1000
591 1500
592 2000
593 2000
594 2000
595 1500
596 1500
597 1500
598 2000
599 2000
600 2000
601 1000
602 1000
603 1000
604 1500
605 2000
606 2000
607 2000
608 2000
609 2000
610 1500
611 1500
612 1500
613 1000
614 2000
615 1500
616 2000
617 1500
618 2000
619 2000
620 2000
621 2000
622 1000
623 1000
624 1000
625 2000
626 2000
627 2000
628 1500
629 1000
630 1500
631 1500
632 1000
633 1000
634 2000
635 2000
636 2000
637 1500
638 2000
639 2000
640 1000
641 1500
642 500
643 1500
644 1500
645 1500
646 1500
647 1500
648 1500
649 1500
650 1500
651 1000
652 1500
653 1500
654 1500
655 1000
656 2000
657 2000
658 2000
659 2000
660 1500
661 2000
662 2000
663 2000
664 1500
665 2000
666 1000
667 1500
668 1000
669 2000
670 2000
671 1000
672 1500
673 2000
674 2000
675 1500
676 1000
677 1000
678 2000
679 1000
680 1500
681 2000
682 2000
683 2000
684 1500
685 1500
686 2000
687 1000
688 2000
689 2000
690 2000
691 2000
692 2000
693 1500
694 1500
695 1500
696 1500
697 1500
698 1500
699 2000
700 2000
701 1000
702 1000
703 1000
704 1500
705 1000
706 2000
707 2000
708 2000
709 2000
710 2000
711 2000
712 1500
713 2000
714 2000
715 1500
716 1500
717 1500
718 2000
719 1000
720 2000
721 1500
722 2000
723 2000
724 1000
725 2000
726 2000
727 2000
728 1000
729 2000
730 1000
731 1500
732 1500
733 1500
734 1500
735 1500
736 2000
737 1500
738 2000
739 1000
740 2000
741 2000
742 2000
743 2000
744 1000
745 1500
746 1000
747 2000
748 1000
749 2000
750 2000
751 2000
752 2000
753 2000
754 2000
755 1000
756 1500
757 500
758 1000
759 1500
760 1000
761 2000
762 2000
763 1000
764 2000
765 1500
766 1000
767 2000
768 1500
769 1500
770 1000
771 500
772 500
773 1500
774 500
775 1500
776 1500
777 1500
778 1500
779 2000
780 1000
781 2000
782 1000
783 2000
784 2000
785 2000
786 1000
787 2000
788 1000
789 1500
790 1000
791 1500
792 2000
793 2000
794 1500
795 1500
796 1500
797 1000
798 1500
799 1500
800 1500
801 2000
802 2000
803 2000
804 1000
805 1000
806 1000
807 2000
808 500
809 500
810 2000
811 2000
812 2000
813 2000
814 2000
815 2000
816 1000
817 1000
818 2000
819 2000
820 2000
821 1000
822 1000
823 1500
824 1000
825 1500
826 1000
827 2000
828 2000
829 2000
830 1500
831 1500
832 1500
833 1000
834 1500
835 1500
836 2000
837 2000
838 1000
839 2000
840 2000
841 1000
842 2000
843 1500
844 1000
845 1500
846 1000
847 1000
848 2000
849 2000
850 2000
851 1000
852 1500
853 1500
854 2000
855 1000
856 2000
857 2000
858 2000
859 1000
860 1500
861 1500
862 1000
863 1500
864 2000
865 2000
866 1000
867 2000
868 2000
869 2000
870 2000
871 1500
872 1500
873 1500
874 1500
875 1500
876 1500
877 1000
878 1500
879 1500
880 1500
881 1500
882 1500
883 2000
884 1500
885 2000
886 2000
887 1000
888 2000
889 2000
890 2000
891 500
892 2000
893 1000
894 1000
895 2000
896 1500
897 2000
898 1000
899 1500
900 1000
901 2000
902 1500
903 2000
904 1000
905 1000
906 2000
907 2000
908 1000
909 2000
910 1500
911 1500
912 2000
913 1000
914 1000
915 1500
916 1500
917 1500
918 1500
919 1500
920 1500
921 1500
922 1000
923 1000
924 2000
925 2000
926 1000
927 2000
928 1000
929 2000
930 1500
931 2000
932 1000
933 1000
934 1000
935 1000
936 2000
937 2000
938 1500
939 1500
940 1500
941 2000
942 1000
943 2000
944 2000
945 2000
946 2000
947 1000
948 2000
949 1000
950 1000
951 1000
952 2000
953 2000
954 500
955 1500
956 2000
957 2000
958 1000
959 2000
960 1500
961 1500
962 1500
963 1500
964 1500
965 1500
966 1500
967 2000
968 2000
969 1000
970 1000
971 1500
972 2000
973 2000
974 1000
975 2000
976 2000
977 1000
978 2000
979 2000
980 1500
981 1500
982 1000
983 1500
984 1500
985 1000
986 1000
987 2000
988 2000
989 2000
990 2000
991 2000
992 1500
993 2000
994 1000
995 1000
996 1500
997 1000
998 1500
999 500
1000 500
1001 1500
1002 1500
1003 2000
1004 2000
1005 1000
1006 1000
1007 2000
1008 1000
1009 1500
1010 1500
1011 1500
1012 1500
1013 2000
1014 2000
1015 1500
1016 1500
1017 1000
1018 1500
1019 1500
1020 1500
1021 1500
1022 1500
1023 1500
1024 2000
1025 1000
1026 1500
1027 1500
1028 2000
1029 2000
1030 2000
1031 2000
1032 1500
1033 2000
1034 1500
1035 1500
1036 2000
1037 2000
1038 1000
1039 2000
1040 2000
1041 1500
1042 1500
1043 2000
1044 1500
1045 2000
1046 1000
1047 2000
1048 2000
1049 2000
1050 1500
1051 2000
1052 1000
1053 1500
1054 2000
1055 1500
1056 1500
1057 1500
1058 1500
1059 1500
1060 1500
1061 1000
1062 2000
1063 2000
1064 1000
1065 1000
1066 2000
1067 2000
1068 2000
1069 2000
1070 2000
1071 1000
1072 1000
1073 1000
1074 2000
1075 2000
1076 1000
1077 1000
1078 2000
1079 1000
1080 2000
1081 1500
1082 1000
1083 1500
1084 1000
1085 1500
1086 1500
1087 1500
1088 2000
1089 1500
1090 1500
1091 1500
1092 1500
1093 1000
1094 2000
1095 2000
1096 1000
1097 2000
1098 2000
1099 2000
1100 1000
1101 1000
1102 1500
1103 2000
1104 2000
1105 1500
1106 1500
1107 1500
1108 1500
1109 1500
1110 2000
1111 1500
1112 2000
1113 2000
1114 2000
1115 2000
1116 1500
1117 1000
1118 1000
1119 1000
1120 2000
1121 1500
1122 1500
1123 2000
1124 1500
1125 1000
1126 2000
1127 2000
1128 2000
1129 2000
1130 1500
1131 1500
1132 1500
1133 2000
1134 1000
1135 2000
1136 2000
1137 1000
1138 2000
1139 1500
1140 2000
1141 2000
1142 1000
1143 2000
1144 2000
1145 1500
1146 1500
1147 1500
1148 1000
1149 1500
1150 2000
1151 2000
1152 1500
1153 2000
1154 1000
1155 1000
1156 1000
1157 1000
1158 2000
1159 2000
1160 1000
1161 1500
1162 1000
1163 500
1164 500
1165 1500
1166 1500
1167 1500
1168 1000
1169 1500
1170 1500
1171 1500
1172 1500
1173 2000
1174 1500
1175 2000
1176 1000
1177 1000
1178 1500
1179 2000
1180 1000
1181 2000
1182 1500
1183 1000
1184 1500
1185 1500
1186 2000
1187 2000
1188 1000
1189 2000
1190 2000
1191 2000
1192 1000
1193 2000
1194 2000
1195 1500
1196 2000
1197 2000
1198 2000
1199 1000

0 1 12 6
0 2 13 6
0 3 10 6
0 4 8 1
0 5 36 8
0 6 4 8
0 7 48 5
0 8 26 5
0 15 40 4
0 20 4 10
0 30 36 3
0 61 31 6
0 64 14 6
0 107 24 7
0 120 30 3
0 121 44 2
0 146 19 3
0 160 32 3
0 165 4 10
0 170 26 2
0 179 25 7
0 202 49 2
0 328 3 2
0 376 29 5
0 377 1 3
0 390 19 6
0 415 41 10
0 419 31 6
0 461 15 4
0 463 38 7
0 483 35 7
0 526 17 9
0 529 27 9
0 550 41 6
0 596 23 2
0 631 38 8
0 632 41 6
0 649 30 5
0 695 29 3
0 756 25 2
0 766 33 8
0 776 45 2
0 777 19 5
0 797 23 8
0 825 37 10
0 834 29 2
0 995 5 2
0 1020 43 2
0 1109 25 8
1 2 49 3
1 9 7 9
1 15 31 8
1 25 5 1
1 96 38 7
1 146 1 10
1 265 5 3
1 270 40 2
1 285 5 4
1 286 44 9
1 299 1 1
1 325 8 7
1 350 32 1
1 355 33 9
1 361 8 6
1 362 26 8
1 441 8 7
1 611 43 7
1 613 43 4
1 696 18 4
1 715 12 6
1 716 38 10
1 766 16 4
1 861 47 8
1 955 44 5
1 965 11 4
1 998 47 9
1 1061 19 5
1 1090 6 6
1 1106 7 10
1 1147 17 10
1 1148 31 2
1 1165 47 3
1 1171 23 8
2 10 5 8
2 11 48 9
2 12 27 6
2 13 30 2
2 14 16 9
2 55 24 10
2 85 48 8
2 86 47 8
2 96 5 8
2 106 19 6
2 136 29 2
2 160 12 3
2 165 17 10
2 177 10 8
2 200 1 2
2 225 44 10
2 226 39 5
2 270 40 8
2 296 10 8
2 350 20 2
2 440 39 2
2 488 12 1
2 558 49 9
2 596 8 9
2 647 29 9
2 730 28 5
2 755 2 5
2 798 46 5
2 825 38 8
2 832 42 3
2 861 3 6
2 875 41 9
2 879 2 1
2 917 21 9
2 920 31 4
2 960 40 9
2 1058 19 6
2 1090 31 1
2 1131 38 7
5 116 45 3
5 475 31 3
5 1140 11 6
6 619 39 5
6 753 38 9
8 368 31 9
8 1049 10 9
8 1149 25 5
9 180 46 5
10 642 4 5
14 1144 13 8
15 16 13 5
15 17 31 8
15 18 48 7
15 19 50 8
15 20 3 1
15 27 5 7
15 29 43 3
15 55 33 5
15 63 15 10
15 64 4 8
15 85 47 6
15 86 29 1
15 96 24 9
15 105 49 10
15 107 41 2
15 121 3 5
15 135 6 7
15 136 2 1
15 145 47 5
15 147 9 6
15 160 46 2
15 165 23 1
15 170 10 6
15 178 49 2
15 179 26 1
15 201 10 3
15 204 27 1
15 231 14 7
15 265 9 4
15 270 43 9
15 271 10 4
15 285 12 3
15 286 48 1
15 296 32 5
15 299 32 1
15 325 35 5
15 328 38 3
15 350 31 1
15 355 4 7
15 360 13 5
15 361 8 6
15 377 5 10
15 392 21 10
15 393 14 6
15 418 47 7
15 442 44 2
15 443 40 5
15 461 30 8
15 462 12 3
15 481 48 4
15 526 27 5
15 529 14 1
15 555 41 3
15 558 2 4
15 595 14 1
15 597 19 2
15 612 42 7
15 613 36 5
15 632 31 3
15 645 10 4
15 647 1 5
15 695 38 10
15 696 42 4
15 717 22 1
15 733 30 2
15 734 39 2
15 755 50 9
15 756 38 1
15 766 47 9
15 776 30 3
15 777 12 3
15 797 14 6
15 799 33 5
15 825 34 2
15 832 44 9
15 833 10 10
15 862 26 10
15 878 24 8
15 880 41 3
15 917 40 2
15 921 44 8
15 955 15 8
15 964 21 5
15 966 4 7
15 997 31 6
15 998 10 8
15 1015 22 10
15 1020 48 1
15 1057 35 8
15 1059 50 6
15 1091 27 4
15 1092 10 2
15 1106 6 1
15 1107 44 1
15 1130 13 9
15 1131 43 5
15 1145 45 9
15 1147 24 4
15 1171 29 2
16 316 28 7
16 869 21 4
16 983 30 8
18 572 37 5
19 1049 49 1
20 21 31 1
20 22 2 4
20 23 40 7
20 24 48 10
20 27 27 7
20 30 46 9
20 55 15 3
20 62 28 4
20 64 37 2
20 85 38 1
20 86 47 4
20 95 46 3
20 96 50 10
20 107 9 6
20 120 24 3
20 121 12 9
20 135 9 4
20 136 6 2
20 145 49 10
20 147 33 5
20 160 21 6
20 165 21 10
20 170 10 1
20 175 27 4
20 178 38 8
20 201 22 4
20 227 40 8
20 230 47 7
20 265 6 2
20 270 32 4
20 271 21 10
20 286 21 4
20 298 32 6
20 299 18 2
20 328 38 2
20 329 43 7
20 350 4 7
20 355 30 2
20 360 17 5
20 361 8 10
20 376 15 8
20 377 12 10
20 390 29 3
20 394 4 4
20 418 20 4
20 441 22 5
20 442 13 6
20 460 2 9
20 461 41 1
20 480 33 9
20 483 42 7
20 528 34 5
20 529 26 6
20 554 43 5
20 597 11 4
20 611 39 8
20 612 47 9
20 630 47 7
20 632 2 6
20 649 10 8
20 650 24 5
20 697 1 4
20 698 47 10
20 717 11 8
20 733 39 7
20 734 28 7
20 755 35 8
20 756 30 7
20 765 20 10
20 777 15 8
20 778 29 2
20 800 15 1
20 825 4 9
20 832 4 2
20 862 48 8
20 876 33 2
20 881 29 5
20 920 28 7
20 955 28 2
20 961 42 9
20 966 42 3
20 996 38 2
20 998 20 4
20 1015 27 3
20 1018 44 5
20 1058 47 2
20 1059 7 10
20 1090 4 9
20 1105 31 9
20 1130 14 1
20 1132 32 4
20 1145 43 7
20 1146 49 1
20 1168 38 5
20 1169 17 5
22 58 50 3
22 322 49 4
22 499 13 8
22 993 17 2
23 129 7 7
23 959 8 2
24 235 16 5
24 404 23 7
25 26 27 1
25 27 20 4
25 28 11 1
25 29 6 10
25 30 9 2
25 31 34 9
25 96 4 7
25 122 24 2
25 170 25 7
25 179 23 7
25 200 35 2
25 201 16 4
25 271 37 2
25 329 18 6
25 350 21 8
25 360 42 5
25 376 50 8
25 415 32 8
25 610 31 5
25 696 11 2
25 755 20 2
25 776 38 10
25 798 37 5
25 862 8 5
25 955 32 3
25 1147 10 7
26 27 47 9
26 28 27 6
26 29 7 2
26 30 37 4
26 32 31 9
26 33 50 3
26 55 3 10
26 63 36 2
26 107 5 2
26 160 49 1
26 286 3 7
26 415 22 2
26 488 23 1
26 557 46 5
26 610 39 1
26 630 48 5
26 651 6 10
26 730 5 7
26 766 11 6
26 825 19 5
26 831 29 6
26 860 45 5
26 917 13 8
26 997 9 2
26 1106 24 5
26 1108 18 7
26 1132 36 4
27 28 13 10
27 29 42 7
27 30 6 5
27 34 30 1
27 35 28 9
27 36 43 5
27 37 2 4
27 106 6 8
27 135 44 6
27 147 50 2
27 165 2 5
27 231 37 3
27 286 48 7
27 393 33 5
27 481 3 7
27 595 35 5
27 632 34 7
27 695 46 5
27 799 34 4
27 919 2 10
27 955 7 9
27 961 1 1
27 1015 34 6
27 1090 32 6
28 29 44 3
28 30 29 9
28 38 25 4
28 39 5 8
28 40 5 6
28 41 12 6
28 42 13 3
28 85 45 5
28 95 43 6
28 120 13 6
28 145 19 8
28 160 39 1
28 170 14 6
28 177 19 6
28 229 17 2
28 327 4 6
28 355 13 9
28 525 6 1
28 528 30 5
28 717 46 7
28 765 19 7
28 877 47 2
28 878 11 8
28 1021 41 7
28 1056 14 2
28 1167 6 4
29 30 28 8
29 43 28 7
29 44 43 3
29 45 41 4
29 46 30 8
29 47 6 7
29 48 41 1
29 49 39 7
29 50 35 9
29 51 14 5
29 86 25 4
29 265 13 9
29 297 45 2
29 355 25 8
29 376 15 8
29 390 10 2
29 440 13 2
29 595 40 9
29 650 5 6
29 733 7 7
29 777 38 9
29 825 31 5
29 835 31 4
29 961 16 6
29 1059 39 7
29 1132 41 2
29 1167 4 3
30 52 33 9
30 53 26 1
30 54 49 9
30 55 43 3
30 135 27 5
30 265 4 2
30 271 31 8
30 295 9 7
30 350 38 6
30 361 16 8
30 441 27 10
30 463 27 1
30 552 44 7
30 716 32 6
30 755 16 4
30 997 47 5
30 1090 8 9
32 192 31 3
32 601 38 3
32 868 9 9
33 358 27 5
33 1041 41 8
34 305 16 2
35 209 3 1
35 456 46 5
38 113 8 2
40 143 18 3
40 293 29 9
40 497 24 2
40 672 26 1
42 304 20 4
42 872 3 7
42 1087 3 6
44 386 12 3
45 189 42 1
46 535 37 10
47 902 39 6
47 943 5 8
48 602 7 8
49 638 18 1
49 680 26 10
51 156 47 1
51 478 49 7
51 948 44 5
51 1144 32 2
53 1149 9 3
55 56 40 1
55 57 50 10
55 58 28 3
55 59 14 3
55 63 27 7
55 64 39 5
55 86 1 4
55 95 4 8
55 105 2 3
55 107 4 9
55 121 47 4
55 122 46 10
55 135 7 10
55 136 40 1
55 145 16 5
55 146 22 10
55 160 45 10
55 165 9 9
55 170 30 4
55 176 25 6
55 178 32 8
55 203 2 9
55 204 21 3
55 226 11 4
55 228 25 10
55 265 13 3
55 270 6 8
55 285 26 5
55 286 1 2
55 295 8 3
55 300 8 3
55 325 16 2
55 326 27 10
55 350 23 8
55 355 21 1
55 360 42 10
55 376 37 4
55 377 5 7
55 390 11 6
55 393 36 6
55 417 29 8
55 418 48 5
55 440 7 9
55 442 9 1
55 461 31 4
55 463 44 3
55 481 20 3
55 487 35 8
55 525 9 7
55 528 22 2
55 551 40 4
55 553 22 6
55 595 6 1
55 597 27 1
55 613 27 10
55 630 18 3
55 632 34 3
55 648 16 4
55 653 7 9
55 698 19 6
55 716 23 9
55 717 41 3
55 732 20 2
55 734 17 2
55 756 44 8
55 765 37 8
55 766 8 9
55 776 7 3
55 778 19 9
55 796 11 3
55 799 13 1
55 825 41 2
55 830 9 1
55 833 46 7
55 862 2 7
55 878 42 7
55 882 42 5
55 917 28 6
55 920 38 4
55 955 39 8
55 960 40 4
55 962 24 10
55 998 6 5
55 1015 11 5
55 1021 7 10
55 1058 1 4
55 1061 22 1
55 1091 8 1
55 1092 31 3
55 1108 5 6
55 1130 10 3
55 1132 27 9
55 1145 10 2
55 1147 47 9
55 1166 23 3
55 1171 32 1
56 1012 34 2
57 87 49 8
57 701 12 7
57 729 22 10
58 814 21 6
60 61 25 8
60 62 14 1
60 63 20 10
60 64 7 5
60 65 45 10
60 66 38 3
60 67 18 2
60 86 11 8
60 121 46 10
60 145 22 5
60 355 9 3
60 442 28 6
60 650 30 7
60 715 13 8
60 777 44 4
60 832 33 6
60 861 1 8
60 955 37 4
60 1056 34 7
60 1060 44 3
60 1169 1 6
61 62 34 2
61 63 16 2
61 64 28 6
61 68 42 5
61 69 25 3
61 70 9 2
61 71 8 5
61 72 50 3
61 136 31 1
61 145 43 4
61 160 14 1
61 170 44 8
61 227 45 9
61 328 26 9
61 417 7 6
61 483 33 5
61 527 21 9
61 551 33 9
61 731 26 3
61 755 31 7
61 797 50 9
61 862 5 5
61 965 7 4
61 1090 7 9
61 1105 22 2
61 1147 50 7
61 1148 29 3
62 63 36 3
62 64 23 5
62 73 33 9
62 74 41 5
62 75 39 10
62 76 18 2
62 96 6 8
62 122 21 9
62 165 38 1
62 178 6 4
62 201 38 8
62 285 10 6
62 296 44 2
62 350 49 1
62 360 42 2
62 487 41 4
62 612 26 5
62 631 30 9
62 645 29 1
62 766 20 3
62 778 29 6
62 825 43 8
62 881 43 2
62 921 17 9
62 997 6 1
62 1019 10 7
62 1108 1 1
62 1166 25 9
63 64 15 1
63 77 12 6
63 78 23 6
63 79 1 5
63 95 43 4
63 105 24 2
63 106 42 9
63 170 5 8
63 202 6 3
63 230 20 3
63 285 17 5
63 300 15 3
63 326 45 7
63 361 37 10
63 376 36 4
63 392 3 9
63 394 26 3
63 418 25 3
63 595 25 9
63 610 39 1
63 632 49 5
63 717 38 8
63 733 47 2
63 995 4 5
63 1022 19 5
63 1091 1 9
64 80 16 5
64 81 12 1
64 82 44 2
64 83 43 3
64 84 5 8
64 85 38 1
64 136 9 3
64 160 22 4
64 165 25 8
64 179 49 5
64 265 46 1
64 270 22 6
64 271 5 10
64 350 30 2
64 355 13 5
64 376 42 6
64 440 38 5
64 460 3 6
64 461 22 9
64 529 23 10
64 551 15 6
64 597 48 10
64 695 44 3
64 756 26 3
64 795 10 2
64 825 26 5
64 832 36 4
64 877 27 7
64 922 5 5
64 955 42 7
64 961 35 6
64 1130 5 1
64 1131 44 10
65 222 29 10
66 69 50 7
66 237 41 10
66 537 39 9
67 521 28 8
69 493 31 4
71 100 29 8
71 598 16 2
72 457 29 6
72 737 8 7
73 1000 10 7
76 750 35 6
76 1125 25 8
77 586 19 1
79 873 33 10
79 1124 13 10
80 605 19 7
82 500 47 4
82 701 37 10
83 1121 8 6
83 1135 15 8
84 899 17 5
85 86 28 1
85 87 47 9
85 88 23 8
85 89 36 1
85 90 20 8
85 91 32 9
85 92 24 7
85 93 48 2
85 96 46 6
85 106 36 1
85 120 21 9
85 135 47 8
85 147 11 1
85 165 44 4
85 176 50 4
85 202 13 2
85 225 44 8
85 232 15 4
85 265 4 10
85 271 12 7
85 285 40 5
85 298 27 7
85 300 2 8
85 325 1 3
85 350 34 5
85 355 18 1
85 361 42 1
85 362 9 7
85 375 48 8
85 377 13 2
85 394 15 1
85 440 9 6
85 462 15 2
85 528 1 7
85 552 41 8
85 556 42 1
85 596 5 8
85 630 39 6
85 631 35 9
85 645 16 2
85 696 26 3
85 717 32 1
85 730 4 2
85 731 23 9
85 755 30 3
85 756 14 3
85 765 24 7
85 799 50 4
85 800 18 8
85 825 32 4
85 831 25 4
85 835 40 9
85 861 28 8
85 878 30 10
85 916 46 4
85 917 24 8
85 962 44 5
85 996 22 8
85 1059 49 3
85 1092 48 8
85 1108 48 8
85 1171 48 2
86 94 19 4
86 96 26 7
86 105 10 2
86 122 12 3
86 145 43 3
86 160 22 9
86 165 45 7
86 170 25 1
86 176 3 8
86 204 12 6
86 265 49 1
86 270 11 10
86 285 34 4
86 329 23 5
86 350 38 3
86 355 36 9
86 392 31 7
86 415 42 9
86 417 49 1
86 441 34 3
86 461 46 7
86 482 40 3
86 488 15 7
86 528 24 2
86 610 33 3
86 612 16 8
86 649 3 9
86 696 8 2
86 715 45 1
86 765 47 9
86 775 47 6
86 778 34 6
86 861 23 1
86 881 47 9
86 955 6 2
86 965 30 2
86 995 7 9
86 1017 44 3
86 1020 22 1
86 1061 41 5
86 1090 50 2
86 1106 43 3
86 1132 6 9
86 1145 46 9
86 1171 26 4
87 1035 17 9
87 1044 48 10
88 714 44 10
91 1032 18 1
92 318 38 10
93 836 9 5
95 96 16 7
95 97 12 2
95 98 9 6
95 99 36 9
95 100 44 5
95 101 10 3
95 106 23 5
95 107 32 3
95 120 23 4
95 160 39 7
95 165 9 7
95 170 28 10
95 179 30 2
95 201 37 8
95 228 21 8
95 271 41 7
95 296 5 7
95 326 31 5
95 327 31 4
95 350 43 9
95 360 5 10
95 377 31 9
95 418 11 3
95 441 38 3
95 442 25 10
95 463 24 10
95 480 5 7
95 481 4 10
95 529 31 3
95 552 6 3
95 557 20 7
95 612 38 7
95 613 24 9
95 632 48 8
95 697 10 3
95 698 9 3
95 715 34 8
95 716 18 7
95 755 8 1
95 766 10 8
95 778 44 5
95 796 38 7
95 825 20 7
95 861 9 1
95 880 14 7
95 915 7 4
95 964 40 7
95 965 44 10
95 995 39 6
95 996 37 5
95 1018 33 8
95 1019 15 8
95 1092 19 7
95 1108 9 7
95 1109 47 4
95 1168 15 4
96 102 27 8
96 103 20 3
96 104 9 10
96 135 28 4
96 136 11 10
96 145 50 5
96 147 20 9
96 160 47 1
96 165 7 9
96 176 28 7
96 200 9 3
96 265 30 6
96 271 14 3
96 286 42 5
96 300 19 2
96 350 45 5
96 355 48 10
96 362 2 4
96 377 18 2
96 391 36 9
96 392 3 2
96 418 6 8
96 463 13 1
96 528 3 6
96 596 1 1
96 597 10 10
96 630 13 8
96 646 23 5
96 649 47 3
96 730 4 8
96 734 17 1
96 777 13 4
96 799 25 1
96 825 37 9
96 833 22 3
96 835 2 2
96 862 36 9
96 880 19 6
96 921 10 8
96 955 43 2
96 1055 2 10
96 1059 35 5
96 1090 23 4
96 1131 16 4
96 1132 30 6
96 1148 49 1
96 1170 38 7
97 980 49 3
98 402 48 8
98 940 45 5
100 629 30 3
100 1163 50 2
102 570 21 3
102 1088 38 2
103 690 38 1
103 745 37 5
104 979 50 2
105 106 13 4
105 107 13 2
105 108 41 10
105 109 5 2
105 110 7 2
105 111 45 5
105 121 41 5
105 160 14 2
105 170 28 3
105 200 1 6
105 201 42 8
105 265 19 5
105 270 42 2
105 286 32 2
105 297 25 8
105 325 32 8
105 355 47 4
105 361 24 1
105 375 23 5
105 390 37 9
105 415 31 3
105 416 37 10
105 441 17 5
105 487 7 10
105 525 3 9
105 554 26 10
105 631 6 10
105 649 41 1
105 697 35 7
105 755 8 8
105 778 28 5
105 831 42 2
105 862 12 5
105 922 36 5
105 965 49 5
105 1018 43 4
105 1019 33 10
105 1131 4 9
105 1132 44 4
105 1167 39 5
106 107 41 1
106 112 8 6
106 113 37 9
106 114 11 3
106 115 14 7
106 116 46 1
106 117 15 5
106 121 5 3
106 147 3 9
106 170 28 5
106 179 30 10
106 226 47 2
106 230 23 10
106 296 34 10
106 350 38 4
106 355 40 5
106 377 32 7
106 443 32 4
106 529 43 8
106 550 27 8
106 596 14 8
106 597 17 9
106 613 21 4
106 716 9 2
106 756 34 6
106 766 47 7
106 825 47 9
106 860 21 3
106 878 11 9
106 922 11 3
106 960 2 5
106 1090 7 1
106 1109 28 4
106 1147 6 6
106 1148 36 4
107 118 27 9
107 119 45 1
107 135 50 5
107 136 10 6
107 145 42 5
107 160 1 8
107 165 28 9
107 178 36 9
107 265 40 5
107 272 35 9
107 285 33 4
107 350 7 5
107 360 49 1
107 391 1 10
107 461 19 7
107 482 19 2
107 610 38 5
107 631 35 4
107 651 26 5
107 698 34 1
107 715 38 1
107 734 16 9
107 766 9 5
107 775 35 5
107 795 37 3
107 797 37 6
107 825 29 1
107 833 43 5
107 955 40 10
107 995 46 9
107 997 43 6
107 1056 4 10
107 1059 9 7
107 1091 24 6
107 1167 33 9
108 565 18 3
108 899 38 6
110 953 46 9
111 239 36 4
111 492 2 6
111 864 37 2
112 572 48 6
112 605 42 6
112 683 20 5
112 977 22 4
115 316 9 7
116 656 26 3
116 850 50 6
117 549 46 1
120 121 10 10
120 122 41 6
120 123 22 6
120 124 5 10
120 125 45 7
120 126 21 8
120 135 46 8
120 146 41 1
120 160 45 8
120 178 42 3
120 225 11 6
120 270 41 3
120 442 26 9
120 461 2 9
120 463 18 2
120 611 33 7
120 613 1 2
120 697 33 6
120 715 48 1
120 756 28 5
120 765 37 2
120 775 34 8
120 825 10 1
120 834 22 5
120 861 24 3
120 921 44 8
120 955 35 8
120 1017 6 10
120 1091 22 4
120 1147 1 10
121 122 6 3
121 127 1 7
121 128 47 4
121 129 8 7
121 130 31 10
121 131 34 5
121 145 11 4
121 170 8 10
121 265 18 10
121 286 9 2
121 295 41 6
121 300 5 9
121 325 7 1
121 350 4 9
121 360 49 2
121 375 7 7
121 416 43 2
121 419 18 4
121 483 49 4
121 528 33 6
121 529 21 7
121 595 37 8
121 630 49 8
121 632 30 3
121 716 48 5
121 766 4 8
121 778 10 4
121 797 10 2
121 881 2 9
121 955 14 6
121 964 12 6
121 995 18 7
121 998 2 1
121 1057 26 2
121 1061 25 5
121 1091 17 2
121 1107 49 2
121 1108 28 1
121 1132 41 6
121 1147 3 1
121 1165 37 7
122 132 25 7
122 133 19 4
122 134 4 6
122 160 20 3
122 165 32 3
122 170 36 5
122 179 15 3
122 202 30 10
122 232 43 5
122 270 35 7
122 286 16 8
122 329 3 2
122 350 39 1
122 355 9 4
122 362 4 2
122 376 27 4
122 392 20 6
122 440 43 6
122 488 31 9
122 551 32 6
122 558 23 5
122 651 42 5
122 652 36 5
122 695 31 4
122 732 29 2
122 733 2 1
122 796 10 10
122 834 28 2
122 860 25 4
122 881 43 4
122 918 41 9
122 965 25 5
122 1022 48 8
122 1131 34 2
122 1165 38 1
124 884 14 4
127 815 9 4
128 354 41 9
130 615 11 4
131 157 10 8
132 262 50 4
132 665 49 1
133 714 45 7
133 887 19 1
134 990 44 9
134 1034 36 1
134 1050 13 8
135 136 41 4
135 137 34 7
135 138 11 5
135 139 47 7
135 140 13 4
135 141 17 2
135 142 8 3
135 143 23 3
135 160 40 1
135 165 11 3
135 177 43 10
135 201 16 7
135 225 27 2
135 265 46 6
135 285 31 7
135 286 19 10
135 299 24 5
135 300 36 1
135 350 41 1
135 355 9 1
135 376 33 8
135 391 12 2
135 416 15 2
135 419 42 4
135 460 23 2
135 481 24 10
135 488 26 7
135 527 27 2
135 596 14 9
135 612 41 10
135 630 42 10
135 645 11 1
135 697 45 2
135 698 17 10
135 717 35 10
135 765 22 3
135 798 50 2
135 860 48 7
135 877 10 8
135 955 5 2
135 995 10 5
135 1017 4 6
135 1060 41 3
135 1092 3 10
135 1131 13 1
135 1132 11 2
135 1145 41 9
135 1165 5 5
136 144 36 2
136 145 48 10
136 147 10 8
136 160 14 3
136 165 28 5
136 170 31 5
136 178 14 1
136 202 47 8
136 230 22 1
136 265 14 1
136 270 25 7
136 272 35 10
136 327 38 10
136 350 15 5
136 355 41 2
136 360 31 6
136 390 21 4
136 441 19 8
136 443 30 10
136 462 11 7
136 527 13 3
136 550 4 7
136 552 21 8
136 597 41 7
136 611 11 2
136 630 8 2
136 654 35 8
136 716 30 8
136 734 46 5
136 756 7 9
136 765 45 1
136 778 33 4
136 796 42 7
136 825 14 8
136 832 22 1
136 834 38 6
136 861 37 3
136 880 40 10
136 919 13 4
136 922 5 3
136 955 21 5
136 964 1 3
136 998 3 7
136 1020 18 3
136 1055 10 1
136 1091 14 4
136 1107 46 8
136 1109 48 3
136 1146 1 4
136 1166 29 8
140 743 28 6
142 423 50 3
143 468 8 4
143 510 37 7
143 692 35 5
143 886 14 4
144 1095 35 4
145 146 45 2
145 147 2 2
145 148 6 6
145 149 8 1
145 150 48 3
145 151 47 4
145 170 5 7
145 175 8 6
145 202 11 9
145 265 1 5
145 355 48 9
145 361 1 8
145 362 42 5
145 417 18 4
145 418 24 3
145 595 25 5
145 612 37 1
145 645 6 4
145 697 10 3
145 755 17 5
145 825 21 9
145 831 38 5
145 861 49 1
145 920 27 8
145 955 25 5
145 960 14 4
145 995 40 3
145 1017 39 6
145 1018 13 2
145 1090 22 4
145 1091 32 5
145 1146 22 6
146 147 49 4
146 152 9 9
146 153 45 10
146 170 1 7
146 179 43 3
146 200 4 5
146 225 27 10
146 272 32 4
146 285 17 10
146 286 30 8
146 296 34 4
146 326 48 7
146 350 49 8
146 355 25 5
146 375 4 9
146 390 23 5
146 441 6 8
146 442 16 4
146 461 14 6
146 486 42 1
146 527 26 10
146 630 24 6
146 695 27 10
146 715 33 4
146 716 19 3
146 731 42 9
146 734 10 9
146 778 29 8
146 830 41 2
146 882 26 6
146 996 9 9
146 1059 39 4
146 1106 35 6
146 1130 47 8
146 1131 3 5
146 1170 15 7
146 1171 45 8
147 154 38 10
147 155 34 3
147 156 12 4
147 157 33 8
147 158 3 7
147 159 47 10
147 160 13 1
147 165 33 4
147 230 17 6
147 265 41 10
147 272 2 4
147 297 27 7
147 328 25 4
147 377 16 5
147 392 13 10
147 487 15 1
147 526 38 1
147 554 19 1
147 557 5 4
147 595 31 10
147 613 36 3
147 651 5 5
147 756 15 10
147 765 40 2
147 766 4 9
147 778 14 10
147 795 47 3
147 800 32 7
147 861 34 3
147 876 33 8
147 917 21 1
147 955 26 5
147 966 46 4
147 1058 49 5
147 1107 24 6
147 1147 19 3
149 345 45 9
149 1179 31 6
150 218 48 4
150 316 2 6
151 1002 46 8
152 767 15 8
153 642 34 2
154 794 34 10
156 191 24 4
156 884 40 4
159 332 5 10
160 161 33 5
160 162 11 3
160 163 8 3
160 164 20 1
160 165 30 3
160 170 46 8
160 177 8 7
160 178 24 10
160 201 21 4
160 204 50 9
160 227 45 3
160 231 7 7
160 265 49 2
160 271 24 10
160 286 38 6
160 295 34 7
160 298 25 1
160 326 44 6
160 328 42 10
160 350 15 5
160 355 45 5
160 360 8 8
160 362 41 7
160 375 31 3
160 377 40 3
160 390 28 6
160 416 23 1
160 440 9 9
160 441 38 9
160 460 3 3
160 461 44 10
160 483 14 10
160 484 1 8
160 525 43 4
160 528 48 9
160 553 21 2
160 555 36 2
160 595 44 9
160 596 4 2
160 610 19 9
160 630 21 2
160 632 1 4
160 647 8 10
160 651 11 3
160 696 41 8
160 697 21 1
160 716 13 2
160 734 45 10
160 755 15 3
160 756 46 7
160 765 33 3
160 778 42 1
160 797 50 2
160 800 50 1
160 825 2 9
160 830 46 9
160 832 19 2
160 861 40 2
160 862 18 2
160 876 45 9
160 882 11 4
160 915 34 4
160 919 21 1
160 955 1 1
160 962 7 3
160 965 39 8
160 995 37 9
160 997 18 6
160 1015 18 10
160 1018 48 5
160 1057 15 5
160 1058 40 8
160 1090 6 7
160 1091 14 2
160 1108 4 3
160 1131 15 9
160 1132 21 1
160 1145 37 4
160 1148 22 6
160 1166 20 6
160 1169 34 2
164 559 29 6
164 569 17 10
165 166 46 2
165 167 20 3
165 168 3 5
165 169 24 4
165 170 15 7
165 175 19 5
165 177 24 4
165 201 21 10
165 202 47 8
165 228 5 4
165 231 26 3
165 265 43 4
165 270 10 2
165 271 18 10
165 285 44 9
165 286 23 9
165 296 22 2
165 297 33 3
165 326 30 3
165 328 4 2
165 350 12 6
165 355 18 9
165 361 42 6
165 362 30 2
165 375 41 2
165 377 4 2
165 390 16 10
165 393 25 6
165 418 46 7
165 441 20 9
165 462 27 7
165 463 14 5
165 481 25 9
165 482 39 3
165 526 48 9
165 528 19 3
165 550 27 2
165 552 18 8
165 595 7 8
165 597 40 8
165 611 45 2
165 613 46 2
165 630 20 1
165 631 32 7
165 649 39 8
165 652 31 7
165 695 41 6
165 715 28 10
165 716 38 10
165 731 43 7
165 732 20 6
165 755 33 7
165 765 43 9
165 766 27 6
165 776 23 5
165 777 17 2
165 797 7 8
165 799 5 5
165 825 43 2
165 830 6 3
165 831 31 6
165 860 1 2
165 862 7 3
165 881 31 9
165 917 50 9
165 920 42 3
165 955 49 9
165 963 27 9
165 995 7 8
165 996 31 7
165 1018 32 5
165 1019 27 5
165 1060 37 2
165 1061 12 4
165 1090 17 3
165 1092 3 8
165 1106 17 10
165 1131 20 2
165 1132 22 9
165 1145 45 2
165 1148 23 8
165 1168 23 2
169 180 37 4
170 171 37 3
170 172 33 9
170 173 7 4
170 174 35 8
170 176 17 4
170 179 48 2
170 202 27 8
170 204 27 8
170 228 7 10
170 230 2 2
170 265 39 6
170 270 40 2
170 271 2 3
170 285 9 10
170 286 11 10
170 296 43 8
170 326 2 3
170 328 35 7
170 350 14 9
170 355 31 2
170 360 21 8
170 362 20 7
170 375 27 7
170 376 49 3
170 392 43 6
170 393 18 9
170 418 30 1
170 419 17 9
170 440 6 10
170 461 6 7
170 462 21 10
170 482 19 2
170 488 3 8
170 525 47 1
170 526 15 6
170 550 8 4
170 553 38 3
170 595 8 4
170 596 49 3
170 610 38 5
170 611 42 9
170 632 47 9
170 650 8 6
170 652 43 3
170 695 46 4
170 696 44 5
170 715 5 4
170 716 50 9
170 734 24 8
170 755 43 3
170 765 16 9
170 775 5 9
170 777 16 6
170 795 42 6
170 797 22 8
170 825 20 5
170 830 18 5
170 833 24 2
170 861 26 10
170 862 10 7
170 875 16 8
170 876 3 5
170 915 5 8
170 922 31 6
170 955 32 1
170 961 42 3
170 964 20 10
170 996 35 6
170 997 45 10
170 1019 12 6
170 1021 36 6
170 1055 23 9
170 1061 32 8
170 1090 4 4
170 1091 35 3
170 1105 1 2
170 1106 47 6
170 1131 31 4
170 1132 20 4
170 1146 33 6
170 1148 11 10
170 1167 10 6
170 1170 27 8
171 1110 28 4
173 952 45 9
175 176 11 2
175 177 2 8
175 178 14 8
175 179 25 5
175 180 2 8
175 181 24 9
175 182 33 7
175 183 30 2
175 184 12 7
175 185 48 3
175 483 26 4
175 552 17 2
175 595 13 2
175 613 13 7
175 695 38 8
175 717 10 2
175 960 34 3
176 177 5 9
176 178 23 7
176 179 49 4
176 186 5 10
176 187 22 4
176 225 3 8
176 265 13 10
176 271 8 8
176 285 21 2
176 355 7 1
176 480 43 1
176 529 33 2
176 555 50 10
176 595 18 1
176 611 42 5
176 632 45 10
176 653 39 2
176 698 37 10
176 796 22 8
176 877 15 5
176 918 42 2
176 995 13 7
176 1059 15 9
177 178 8 6
177 179 28 5
177 188 19 3
177 189 35 9
177 190 24 3
177 191 45 6
177 200 6 4
177 350 46 9
177 360 29 10
177 391 45 5
177 393 30 2
177 417 14 1
177 441 46 5
177 461 13 10
177 756 5 2
177 765 17 5
177 825 12 6
177 955 49 5
177 960 34 2
177 995 42 10
177 1091 42 2
177 1106 25 8
177 1109 43 6
177 1146 22 9
177 1168 9 7
178 179 5 2
178 192 40 3
178 193 33 7
178 194 3 4
178 195 14 7
178 196 42 2
178 197 8 7
178 204 31 1
178 265 31 6
178 270 15 7
178 285 46 10
178 350 42 8
178 355 35 7
178 377 45 9
178 416 46 4
178 461 16 7
178 632 28 2
178 717 37 8
178 756 25 5
178 766 44 10
178 776 22 7
178 777 4 9
178 825 33 7
178 834 22 6
178 835 7 9
178 918 3 7
178 955 29 2
178 1016 46 5
178 1132 14 5
178 1166 50 10
179 198 42 5
179 199 41 2
179 225 21 7
179 296 27 9
179 326 47 4
179 328 42 5
179 362 17 7
179 377 45 8
179 443 47 10
179 528 16 2
179 647 32 6
179 732 15 3
179 733 9 8
179 798 1 2
179 860 11 5
179 862 25 1
179 1019 37 4
179 1055 9 1
179 1090 19 10
179 1130 25 10
182 940 43 8
183 412 30 3
185 1110 19 5
187 1002 39 3
187 1101 17 4
188 1151 45 6
190 294 12 2
191 237 8 7
191 423 7 6
191 1174 42 2
192 1185 8 3
193 336 11 9
193 754 41 9
194 250 44 3
195 279 2 1
197 466 24 7
197 1151 34 7
198 267 6 1
198 1011 36 8
199 635 23 5
200 201 9 3
200 202 5 9
200 203 33 3
200 204 50 3
200 205 24 6
200 206 13 4
200 225 6 2
200 271 14 10
200 285 12 4
200 300 33 6
200 360 26 3
200 390 4 3
200 529 14 3
200 610 4 6
200 651 18 9
200 755 6 7
200 861 25 9
200 880 11 6
200 916 41 7
200 1091 21 1
200 1146 25 3
201 202 31 4
201 203 19 3
201 204 15 4
201 207 44 10
201 208 17 4
201 209 33 10
201 210 46 2
201 211 9 9
201 212 3 8
201 213 16 8
201 214 47 8
201 350 13 4
201 417 30 8
201 485 45 7
201 558 24 3
201 595 16 3
201 596 42 5
201 646 19 10
201 716 15 1
201 799 26 9
201 825 31 5
201 835 42 10
201 880 41 7
201 962 49 9
201 1055 19 1
201 1131 28 2
202 203 18 8
202 204 48 8
202 215 49 2
202 216 2 8
202 217 37 10
202 218 45 9
202 219 19 7
202 220 22 3
202 221 36 5
202 222 6 2
202 232 29 4
202 355 46 3
202 360 13 1
202 391 13 4
202 443 13 9
202 461 37 4
202 612 8 2
202 632 3 3
202 756 30 1
202 777 32 3
202 955 24 7
202 1016 23 2
202 1056 13 8
202 1170 38 10
202 1171 40 1
203 204 35 10
203 223 2 4
203 265 8 7
203 271 3 9
203 285 19 4
203 300 3 7
203 376 13 4
203 417 13 5
203 483 21 4
203 525 26 5
203 631 29 9
203 697 5 9
203 732 9 9
203 734 17 9
203 765 12 7
203 777 29 4
203 834 41 1
203 860 50 7
203 998 31 10
204 224 42 2
204 265 35 1
204 325 39 1
204 328 31 6
204 355 24 7
204 375 49 5
204 443 17 4
204 461 8 10
204 553 15 4
204 697 22 7
204 766 2 5
204 797 40 3
204 921 38 2
204 962 17 1
204 996 40 1
204 1017 49 4
204 1105 2 1
204 1107 31 7
204 1131 37 5
204 1147 16 5
205 491 46 7
208 340 29 7
209 704 41 3
212 693 16 6
213 268 8 5
214 1026 6 2
215 764 23 8
215 1199 26 1
217 1002 39 7
218 433 40 2
218 1026 25 8
220 520 2 3
221 993 37 5
223 892 17 6
225 226 1 1
225 227 37 10
225 228 6 6
225 229 8 5
225 230 25 3
225 231 28 10
225 232 33 7
225 233 23 3
225 234 13 8
225 235 43 9
225 236 23 9
225 237 41 4
225 328 10 1
225 350 7 10
225 391 50 5
225 440 38 5
225 525 34 7
225 596 47 10
225 611 49 1
225 649 2 10
225 775 3 2
225 915 29 7
225 962 37 7
225 1016 47 7
225 1061 4 3
225 1092 15 7
225 1109 30 1
226 227 3 9
226 228 39 6
226 229 26 5
226 230 11 2
226 231 5 5
226 232 45 3
226 238 32 7
226 239 50 10
226 240 50 9
226 241 47 3
226 242 12 4
226 243 41 4
226 244 34 2
226 480 4 3
226 630 1 1
226 733 21 2
226 734 34 4
226 962 9 9
226 998 16 7
227 228 41 8
227 229 16 1
227 230 29 1
227 231 40 2
227 232 22 5
227 245 30 3
227 246 22 6
227 299 18 5
227 355 22 1
227 390 13 7
227 416 14 1
227 442 19 10
227 716 4 8
227 755 1 10
227 955 41 8
227 998 50 4
227 1169 24 5
228 229 44 5
228 230 49 5
228 231 45 3
228 232 26 8
228 247 43 6
228 375 34 7
228 418 20 10
228 462 47 8
228 631 32 2
228 715 37 4
228 756 30 5
228 799 46 6
228 834 15 4
228 861 2 5
228 955 12 9
228 1148 14 2
228 1168 26 7
229 230 31 1
229 231 2 3
229 232 22 7
229 248 43 8
229 249 13 9
229 250 40 4
229 251 24 6
229 329 19 6
229 557 10 3
229 595 50 9
229 698 2 3
229 800 2 8
229 832 13 2
229 862 24 3
229 876 19 1
229 1146 17 2
230 231 28 8
230 232 44 2
230 252 38 6
230 253 7 6
230 254 11 4
230 255 21 6
230 256 37 5
230 270 42 5
230 463 49 6
230 480 36 10
230 825 20 5
231 232 11 7
231 257 22 9
231 258 20 3
231 259 13 5
231 260 23 10
231 261 12 1
231 262 8 4
231 265 20 4
231 295 8 2
231 360 37 9
231 361 39 6
231 527 11 10
231 557 5 2
231 766 37 4
231 1015 42 6
231 1090 49 6
231 1131 39 7
231 1132 12 7
232 263 45 4
232 264 48 1
232 271 15 2
232 285 32 7
232 286 8 8
232 350 43 8
232 375 29 6
232 610 19 7
232 646 18 8
232 697 48 10
232 766 42 6
232 775 43 10
232 875 48 9
232 915 12 10
232 1108 40 10
233 432 39 6
233 644 17 9
233 1086 8 6
233 1194 41 7
234 863 29 9
236 401 32 10
238 910 46 5
239 980 21 4
243 684 24 2
243 895 14 8
243 1002 23 8
244 1178 47 1
245 267 23 1
247 663 28 8
247 680 32 3
248 518 44 7
249 455 43 10
251 545 45 8
253 784 13 5
254 667 31 2
255 1112 37 2
257 259 35 8
258 941 13 3
258 1010 32 7
262 498 44 8
262 502 20 3
262 621 14 4
264 1095 24 7
265 266 43 2
265 267 3 3
265 268 12 4
265 269 20 9
265 271 44 2
265 272 3 6
265 285 21 8
265 286 48 1
265 296 11 7
265 300 43 1
265 325 47 5
265 326 10 9
265 350 47 10
265 355 2 7
265 360 49 8
265 362 25 7
265 375 2 6
265 393 19 10
265 418 23 3
265 419 9 9
265 440 39 4
265 460 19 5
265 462 13 9
265 480 22 6
265 486 31 2
265 526 38 9
265 550 1 7
265 558 26 2
265 597 10 8
265 610 39 6
265 611 20 9
265 630 9 1
265 631 20 8
265 645 20 3
265 653 18 8
265 695 10 9
265 697 30 9
265 717 15 9
265 732 23 7
265 734 47 7
265 756 40 10
265 765 32 7
265 776 16 10
265 777 32 6
265 795 40 4
265 825 13 6
265 833 27 5
265 860 45 8
265 861 10 7
265 877 13 5
265 882 46 5
265 917 17 8
265 918 50 9
265 955 31 8
265 961 9 8
265 966 5 4
265 996 2 4
265 997 29 4
265 1016 19 10
265 1057 46 7
265 1061 32 5
265 1090 30 8
265 1092 8 6
265 1106 4 3
265 1108 35 1
265 1131 35 8
265 1132 31 10
265 1145 38 6
265 1147 9 8
265 1165 36 5
265 1170 35 8
267 515 29 8
267 678 2 6
269 614 14 5
269 1141 44 5
270 271 20 8
270 272 28 3
270 273 45 1
270 274 14 8
270 286 13 4
270 296 48 9
270 298 28 5
270 325 7 8
270 350 14 6
270 355 23 3
270 360 38 3
270 390 27 6
270 416 49 2
270 418 11 9
270 462 36 2
270 526 35 6
270 555 41 10
270 611 46 1
270 630 11 2
270 695 50 1
270 697 29 5
270 717 29 8
270 755 28 10
270 766 15 7
270 776 12 3
270 778 47 8
270 797 18 10
270 861 31 2
270 875 49 3
270 955 14 4
270 962 47 4
270 997 41 8
270 1015 46 7
270 1021 27 8
270 1105 43 4
270 1131 25 4
270 1146 36 6
270 1166 37 2
271 272 48 7
271 275 25 8
271 276 17 10
271 277 23 8
271 278 9 1
271 279 4 1
271 285 1 1
271 360 27 10
271 392 44 9
271 440 18 4
271 488 24 1
271 597 23 4
271 610 50 3
271 646 31 1
271 717 21 7
271 755 45 4
271 795 34 6
271 833 15 1
271 955 5 8
271 997 14 5
271 1090 26 5
271 1131 43 4
271 1147 13 5
272 280 8 4
272 281 16 10
272 282 41 8
272 283 6 2
272 284 38 5
272 328 36 10
272 355 36 5
272 375 22 4
272 442 21 4
272 461 29 10
272 484 17 9
272 528 36 5
272 551 13 10
272 596 38 4
272 631 5 3
272 646 1 10
272 734 29 4
272 765 24 6
272 825 18 6
272 832 15 2
272 862 50 5
272 918 25 8
272 921 15 1
272 964 1 3
272 1057 44 1
272 1060 20 2
272 1105 10 3
272 1169 38 5
273 519 7 10
273 886 47 2
275 580 24 3
275 693 48 7
275 708 19 3
275 1053 15 6
279 615 39 1
279 706 49 1
281 1124 7 7
285 286 13 8
285 287 18 2
285 288 38 8
285 289 22 5
285 290 22 6
285 298 42 9
285 300 50 8
285 350 49 5
285 362 9 3
285 377 38 1
285 440 48 1
285 443 2 2
285 480 10 10
285 484 48 7
285 529 29 8
285 551 46 10
285 595 16 9
285 612 44 4
285 631 38 2
285 632 49 7
285 647 22 6
285 654 5 2
285 695 21 8
285 717 27 4
285 765 39 6
285 775 42 7
285 800 41 2
285 862 24 10
285 877 14 3
285 882 46 3
285 955 40 6
285 963 26 6
285 996 27 6
285 1057 35 6
285 1091 48 5
285 1148 18 8
286 291 4 7
286 292 30 10
286 293 50 9
286 294 25 8
286 327 38 2
286 328 50 8
286 350 19 5
286 355 36 5
286 360 32 6
286 377 5 7
286 393 10 7
286 394 36 2
286 415 39 6
286 462 33 3
286 463 29 10
286 525 32 2
286 558 39 8
286 596 1 7
286 611 17 3
286 698 31 6
286 715 37 5
286 730 50 3
286 732 29 8
286 755 16 4
286 766 19 5
286 776 17 1
286 825 10 4
286 830 4 6
286 833 21 7
286 860 38 7
286 920 15 6
286 921 41 10
286 960 4 4
286 998 42 4
286 1017 1 3
286 1058 50 8
286 1092 40 5
286 1106 16 10
286 1108 8 9
286 1130 11 3
286 1132 5 8
286 1147 47 10
286 1167 1 7
286 1170 35 10
287 604 23 3
288 1005 8 5
289 400 20 1
289 496 27 6
289 566 12 1
289 903 42 1
289 1032 36 5
290 930 28 1
294 301 11 8
295 296 48 3
295 297 13 10
295 298 45 7
295 299 45 7
295 300 19 1
295 301 36 3
295 302 24 9
295 350 47 2
295 355 10 6
295 375 39 6
295 391 4 4
295 463 32 9
295 484 24 9
295 487 32 2
295 526 37 7
295 555 8 8
295 611 36 10
295 698 44 10
295 730 38 2
295 777 47 7
295 1061 20 3
295 1092 35 1
295 1167 20 1
296 297 3 4
296 298 29 6
296 299 49 8
296 300 36 10
296 303 22 9
296 304 12 9
296 328 1 1
296 756 37 7
296 778 18 10
296 918 3 3
296 961 5 4
296 1130 49 7
297 298 45 4
297 299 6 7
297 300 27 6
297 305 12 3
297 306 50 10
297 307 21 6
297 308 37 3
297 309 34 8
297 418 34 5
297 442 25 8
297 596 20 4
297 631 14 10
297 765 20 10
297 860 2 1
297 879 37 8
297 1092 2 4
297 1147 5 7
298 299 40 6
298 300 44 4
298 310 17 4
298 311 27 1
298 312 9 6
298 392 11 3
298 596 13 8
298 610 32 8
298 631 33 10
298 755 38 3
298 825 18 7
298 862 41 1
298 922 14 1
298 996 5 4
298 1058 20 6
298 1106 8 3
298 1108 12 6
298 1165 29 7
299 300 40 3
299 313 16 5
299 314 11 3
299 315 39 2
299 316 12 2
299 317 22 6
299 318 29 10
299 419 15 8
299 443 8 1
299 462 6 4
299 652 26 4
299 715 30 2
299 730 25 7
299 830 44 6
299 955 16 5
299 1020 38 3
299 1147 31 10
300 319 43 9
300 320 34 5
300 321 34 4
300 322 18 2
300 323 7 6
300 324 29 7
300 355 26 10
300 361 4 1
300 362 2 5
300 377 36 3
300 526 1 1
300 646 2 2
300 695 38 3
300 717 36 7
300 766 21 5
300 799 43 6
300 825 42 7
300 831 29 4
300 880 14 10
300 955 9 6
300 965 22 6
300 995 35 6
301 870 2 6
302 389 20 5
302 1084 17 7
303 972 25 9
304 340 4 9
307 789 27 2
310 1068 37 8
311 570 7 5
312 422 30 9
315 347 6 4
315 506 42 6
315 1070 9 1
316 816 46 3
317 803 33 9
319 532 17 9
319 764 21 2
322 1050 8 8
323 1139 43 9
325 326 25 6
325 327 49 9
325 328 14 1
325 329 14 6
325 330 38 1
325 331 16 6
325 332 32 3
325 333 2 2
325 334 33 9
325 335 5 1
325 336 49 5
325 375 14 1
325 376 7 2
325 393 6 1
325 441 32 2
325 596 48 4
325 630 6 10
325 648 39 9
325 795 39 9
325 879 18 2
325 880 27 4
325 1108 33 10
325 1148 19 6
325 1167 50 6
325 1170 9 1
326 327 35 8
326 328 22 7
326 329 20 6
326 337 9 4
326 462 5 5
326 487 35 7
326 525 29 2
326 553 28 2
326 611 3 10
326 730 14 2
326 777 5 8
326 862 50 9
326 955 15 6
326 960 3 10
326 996 23 7
326 1015 39 9
326 1022 3 1
326 1059 38 2
326 1090 23 3
327 328 6 2
327 329 13 9
327 338 46 4
327 339 6 7
327 340 35 9
327 341 27 7
327 350 11 8
327 355 7 10
327 415 21 1
327 557 42 7
327 610 15 7
327 632 2 9
327 696 43 5
327 698 41 6
327 716 45 8
327 755 43 7
327 776 18 9
327 825 33 4
327 831 50 1
327 862 21 3
327 917 48 10
327 955 22 3
327 1107 6 8
327 1148 6 3
328 329 30 7
328 342 3 2
328 343 6 6
328 350 15 9
328 355 48 6
328 362 48 2
328 654 47 4
328 756 46 10
328 766 20 8
328 797 13 7
328 825 33 1
328 962 15 5
328 998 49 7
328 1059 39 5
329 344 5 9
329 345 46 8
329 346 22 8
329 347 48 7
329 348 39 7
329 349 38 6
329 361 12 4
329 392 1 5
329 415 3 4
329 442 15 6
329 480 48 7
329 528 29 4
329 595 36 5
329 716 18 4
329 734 30 6
329 766 35 1
329 835 42 10
329 920 18 10
329 1131 36 3
330 859 37 2
330 890 7 10
333 358 46 4
334 1173 7 1
336 1134 8 1
340 469 15 4
340 871 12 5
342 503 35 7
342 1120 45 7
344 637 46 3
345 829 19 2
345 1127 13 8
348 1122 7 6
350 351 10 6
350 352 50 2
350 353 8 9
350 354 5 10
350 355 47 1
350 360 46 2
350 362 18 9
350 375 41 9
350 376 3 7
350 390 46 7
350 394 50 6
350 415 25 4
350 419 20 6
350 440 4 10
350 441 38 2
350 462 21 4
350 484 41 1
350 488 22 7
350 526 41 1
350 529 49 1
350 552 2 4
350 555 35 3
350 596 31 3
350 597 13 8
350 610 28 4
350 613 43 6
350 631 1 6
350 632 34 2
350 647 15 5
350 651 46 1
350 695 41 10
350 696 12 5
350 715 42 9
350 730 29 9
350 734 31 10
350 756 43 3
350 766 1 1
350 776 20 10
350 778 16 2
350 796 23 9
350 800 12 6
350 825 41 1
350 831 28 6
350 833 27 1
350 860 47 4
350 862 41 8
350 875 23 5
350 915 33 7
350 917 38 8
350 955 19 1
350 960 15 5
350 962 8 8
350 998 4 5
350 1015 33 4
350 1019 1 10
350 1058 22 5
350 1092 40 6
350 1106 32 6
350 1108 31 7
350 1131 7 6
350 1132 19 10
350 1146 49 6
350 1147 13 2
350 1167 4 4
350 1171 8 6
354 783 19 3
354 1045 41 1
355 356 16 4
355 357 43 1
355 358 42 1
355 359 35 5
355 361 24 10
355 375 13 7
355 377 24 2
355 390 35 2
355 394 16 5
355 416 37 8
355 419 18 8
355 440 8 5
355 460 1 4
355 463 15 4
355 481 46 8
355 488 3 5
355 527 3 7
355 528 29 10
355 552 32 10
355 553 15 6
355 595 46 6
355 611 13 2
355 613 42 7
355 631 12 6
355 646 15 2
355 647 18 1
355 696 14 7
355 698 44 8
355 715 43 4
355 717 17 1
355 732 37 7
355 733 21 3
355 755 41 6
355 756 30 7
355 765 2 3
355 766 33 1
355 776 22 3
355 778 8 6
355 798 27 2
355 800 1 6
355 825 5 6
355 833 13 6
355 834 42 6
355 860 29 4
355 861 19 7
355 880 25 9
355 916 21 1
355 918 24 9
355 955 50 2
355 961 42 5
355 966 27 3
355 996 19 10
355 1016 13 5
355 1021 32 10
355 1060 32 4
355 1091 11 2
355 1092 35 4
355 1105 3 1
355 1107 26 6
355 1132 18 9
355 1145 46 2
355 1148 32 4
355 1168 18 7
356 363 11 2
356 839 8 3
357 655 23 2
360 361 44 7
360 362 50 7
360 363 1 1
360 364 3 1
360 365 33 10
360 366 32 4
360 394 31 7
360 418 27 5
360 527 27 4
360 556 24 7
360 595 43 4
360 613 9 9
360 695 16 7
360 696 15 8
360 716 41 10
360 731 16 10
360 797 45 9
360 799 48 7
360 825 4 5
360 876 30 9
360 917 19 6
360 955 22 4
360 966 16 8
360 995 4 8
360 1091 45 3
361 362 33 2
361 367 15 3
361 377 47 3
361 442 10 8
361 461 4 10
361 481 46 6
361 528 30 9
361 596 16 6
361 630 25 1
361 631 48 7
361 648 27 10
361 654 47 1
361 775 7 7
361 776 43 9
361 832 8 7
361 862 49 4
361 955 48 4
361 1091 20 5
361 1107 46 7
361 1145 11 5
361 1147 46 2
361 1168 31 5
362 368 22 6
362 369 49 3
362 370 37 3
362 371 27 9
362 372 3 7
362 373 36 8
362 374 38 9
362 375 26 3
362 391 37 9
362 417 32 8
362 440 11 2
362 462 35 7
362 552 26 7
362 613 29 8
362 717 2 2
362 733 14 2
362 755 27 5
362 765 3 8
362 766 39 1
362 825 4 2
362 835 22 3
362 862 30 9
362 875 38 1
362 921 5 1
362 997 47 10
362 1021 46 5
362 1022 24 8
362 1055 50 5
362 1059 34 10
362 1108 20 4
362 1130 1 8
362 1132 23 1
362 1170 6 1
363 503 20 1
363 539 44 2
363 904 36 9
366 837 9 1
366 938 35 8
367 671 26 5
370 406 6 7
371 708 22 5
371 926 13 9
371 933 47 4
373 1027 4 2
373 1172 48 6
375 376 7 5
375 377 24 8
375 378 34 6
375 379 1 2
375 391 35 10
375 442 47 9
375 462 33 7
375 488 10 9
375 527 15 2
375 632 41 1
375 650 40 5
375 716 41 5
375 734 22 10
375 795 7 2
375 825 17 6
375 862 15 6
375 875 30 6
375 960 42 8
375 997 5 2
375 1016 34 4
375 1056 17 1
375 1091 44 3
375 1132 50 9
375 1169 23 3
376 377 34 3
376 380 9 8
376 381 44 5
376 382 5 7
376 383 38 8
376 384 10 2
376 385 37 5
376 386 6 7
376 387 10 6
376 415 44 8
376 462 43 4
376 526 1 8
376 556 13 1
376 613 22 9
376 716 34 6
376 730 39 1
376 765 1 5
376 777 42 4
376 825 48 1
376 832 13 4
376 860 20 1
376 879 3 4
376 920 40 6
376 921 15 6
376 1091 11 4
376 1105 21 5
376 1108 39 7
376 1148 12 10
376 1165 26 6
377 388 27 6
377 389 17 9
377 393 42 4
377 418 41 10
377 441 47 9
377 486 5 6
377 556 28 3
377 595 19 5
377 596 25 3
377 613 41 4
377 632 9 3
377 645 19 9
377 696 36 7
377 697 32 8
377 755 28 8
377 765 46 8
377 776 48 2
377 798 41 2
377 835 21 10
377 955 44 10
377 960 13 3
377 995 35 1
377 1022 25 5
377 1059 20 8
377 1132 33 9
377 1148 12 2
378 907 19 8
378 1113 25 3
379 1009 23 5
380 1054 49 10
381 1156 4 3
385 599 19 1
387 602 48 9
389 1099 44 4
390 391 42 7
390 392 48 8
390 393 32 1
390 394 11 4
390 395 34 9
390 396 27 5
390 397 30 7
390 398 10 7
390 480 8 4
390 528 48 10
390 731 42 3
390 880 38 10
390 955 12 1
390 965 19 3
390 1016 47 6
390 1055 29 8
390 1131 6 7
390 1145 44 3
391 392 10 5
391 393 23 2
391 394 46 5
391 399 9 3
391 400 10 4
391 401 43 10
391 402 31 5
391 403 17 9
391 404 44 6
391 596 29 6
391 611 27 9
391 649 24 7
391 796 4 4
391 915 23 7
391 955 30 7
391 997 21 10
391 1058 9 2
391 1108 16 8
391 1169 44 6
392 393 40 6
392 394 20 7
392 405 10 6
392 406 23 8
392 407 26 10
392 408 49 1
392 462 7 7
392 463 7 6
392 484 46 5
392 597 46 10
392 630 42 9
392 631 24 6
392 717 32 10
392 766 10 10
392 775 8 8
392 832 23 6
392 877 5 7
392 962 10 4
392 995 1 1
392 1091 22 6
392 1170 38 7
393 394 27 3
393 409 19 8
393 410 19 10
393 418 27 9
393 557 9 1
393 611 48 7
393 648 31 1
393 717 49 6
393 734 4 3
393 756 1 3
393 765 11 5
393 776 35 8
393 800 33 1
393 825 19 5
393 833 18 3
393 861 33 6
393 1020 33 2
393 1091 33 5
393 1109 4 8
393 1147 3 3
394 411 22 3
394 412 32 3
394 413 49 3
394 414 41 2
394 419 45 6
394 443 38 2
394 527 45 3
394 556 7 4
394 696 37 3
394 697 31 2
394 756 26 9
394 825 42 2
394 860 36 2
394 1132 14 1
396 852 44 8
398 1049 7 7
399 992 26 3
400 770 21 2
400 1053 40 6
401 849 40 5
404 531 47 2
410 493 32 4
412 870 41 1
413 790 45 10
414 1103 21 5
415 416 4 10
415 417 16 4
415 418 18 6
415 419 11 4
415 420 36 6
415 421 40 9
415 422 16 5
415 423 17 10
415 424 42 5
415 425 39 3
415 426 3 5
415 427 13 3
415 482 27 10
415 596 46 6
415 696 45 4
415 731 32 2
415 765 44 1
415 775 14 4
415 795 20 9
415 965 10 7
415 1056 26 1
416 417 21 10
416 418 47 3
416 419 21 3
416 428 13 10
416 429 26 3
416 430 16 2
416 431 13 7
416 432 46 2
416 433 44 10
416 441 34 5
416 550 32 5
416 597 40 9
416 610 23 7
416 630 6 1
416 632 39 6
416 698 18 4
416 730 42 7
416 755 8 10
416 830 35 6
416 861 5 1
416 955 21 4
416 995 3 1
416 1016 11 6
416 1107 16 4
416 1132 50 6
416 1170 29 3
416 1171 43 8
417 418 33 9
417 419 24 7
417 434 37 4
417 461 41 9
417 487 38 4
417 647 34 10
417 715 41 7
417 776 34 10
417 861 10 10
417 875 23 9
417 955 22 8
417 963 30 6
417 1061 47 8
417 1090 49 7
417 1091 21 5
417 1132 36 5
417 1148 13 5
418 419 35 1
418 435 25 8
418 462 21 8
418 526 22 6
418 716 32 7
418 755 33 6
418 798 22 3
418 917 5 6
418 918 43 9
418 995 3 7
418 1106 25 5
418 1148 11 5
419 436 29 10
419 437 40 4
419 438 50 5
419 439 26 1
419 442 30 6
419 525 1 2
419 555 46 10
419 611 41 10
419 652 6 5
419 765 28 8
419 825 48 1
419 830 27 4
419 877 4 2
419 1015 47 4
429 738 3 2
429 1048 41 10
430 548 33 2
430 589 42 9
432 1197 44 1
433 844 20 10
433 1032 15 5
434 582 33 7
435 658 12 6
436 813 8 3
438 789 10 9
438 1068 47 6
439 1067 37 10
440 441 1 5
440 442 44 4
440 443 31 8
440 444 44 1
440 445 40 3
440 482 46 8
440 487 34 5
440 597 12 8
440 765 50 10
440 778 4 9
440 825 35 7
440 860 22 3
440 921 15 6
440 922 16 8
440 955 2 2
440 960 47 10
440 997 22 9
440 1022 44 6
440 1057 2 4
440 1167 34 8
441 442 45 5
441 443 27 7
441 446 25 10
441 447 36 9
441 448 43 4
441 449 8 5
441 450 7 4
441 550 50 7
441 698 48 7
441 732 48 8
441 756 17 2
441 765 20 10
441 778 19 1
441 825 35 3
441 831 43 4
441 882 16 8
441 1105 20 4
441 1107 5 2
441 1130 43 8
442 443 49 5
442 451 30 5
442 452 7 8
442 453 44 9
442 454 18 1
442 460 23 7
442 529 20 1
442 595 6 3
442 611 47 4
442 630 34 6
442 645 28 4
442 649 34 2
442 717 7 4
442 732 21 6
442 797 1 2
442 834 20 9
442 860 16 2
442 955 1 3
442 965 36 10
442 998 39 9
442 1055 39 8
442 1090 16 2
442 1092 7 8
442 1167 11 2
443 455 24 8
443 456 8 8
443 457 20 4
443 458 34 5
443 459 32 1
443 461 11 2
443 525 41 10
443 551 36 8
443 611 50 9
443 631 17 10
443 717 6 10
443 756 45 5
443 800 16 2
443 877 39 5
443 1015 42 9
443 1131 27 7
443 1146 17 6
444 1087 4 3
445 1029 5 2
446 629 30 8
446 857 34 8
449 718 13 5
452 1050 4 10
453 567 35 4
454 890 40 4
454 901 11 5
455 1014 15 10
455 1129 9 2
457 858 12 3
458 508 17 7
460 461 10 5
460 462 15 8
460 463 15 3
460 464 14 3
460 465 38 5
460 466 1 6
460 467 27 8
460 468 23 2
460 550 5 2
460 631 22 9
460 696 24 4
460 717 23 5
460 825 49 8
460 832 39 4
460 955 46 3
460 995 27 10
460 996 38 7
460 1021 9 3
460 1056 26 7
460 1059 14 8
460 1091 17 9
460 1106 2 1
460 1168 4 8
460 1169 36 7
461 462 20 1
461 463 37 7
461 469 10 10
461 470 26 8
461 471 24 8
461 472 41 4
461 473 33 8
461 474 39 4
461 484 28 9
461 485 38 6
461 730 21 10
461 756 12 6
461 777 38 9
461 832 38 8
461 860 23 9
461 877 20 1
461 878 44 10
461 963 47 3
461 1091 24 3
461 1130 3 1
461 1145 4 10
461 1147 16 1
462 463 41 5
462 475 26 10
462 476 30 5
462 525 42 1
462 529 27 6
462 555 28 8
462 597 18 1
462 610 3 2
462 645 21 7
462 695 48 2
462 796 29 5
462 799 46 6
462 825 20 6
462 861 37 8
462 964 3 1
462 1016 24 4
463 477 47 8
463 478 2 8
463 479 8 4
463 596 24 6
463 610 29 3
463 631 6 3
463 645 43 3
463 717 46 5
463 730 2 10
463 755 41 2
463 765 48 4
463 766 33 3
463 777 9 4
463 916 9 7
463 920 40 1
463 1109 39 6
463 1130 20 5
464 607 39 6
464 1104 42 2
465 729 50 1
467 625 13 2
468 753 24 5
468 1138 6 6
469 761 4 9
470 1152 25 6
471 826 25 8
473 549 28 2
474 710 35 6
474 726 47 2
475 743 9 10
475 819 23 5
478 678 6 4
480 481 27 9
480 482 42 6
480 483 18 9
480 484 6 2
480 485 10 7
480 486 7 5
480 487 21 5
480 488 21 1
480 489 31 5
480 490 50 10
480 491 7 4
480 492 15 9
480 493 43 6
480 494 7 7
480 495 43 10
480 496 5 4
480 497 6 8
480 775 4 1
480 1090 14 5
481 482 50 1
481 483 16 5
481 484 7 4
481 485 6 9
481 486 43 6
481 487 29 8
481 488 32 9
481 498 46 6
481 499 24 3
481 500 27 3
481 501 10 3
481 502 17 3
481 503 18 9
481 529 21 1
481 730 47 10
481 756 27 8
481 825 26 1
481 834 22 8
481 862 41 5
481 1056 19 7
481 1091 1 10
482 483 17 4
482 484 1 1
482 485 29 10
482 486 35 3
482 487 21 9
482 488 45 6
482 504 45 10
482 505 42 4
482 506 9 7
482 766 22 9
482 835 50 5
482 876 34 6
482 918 8 3
483 484 29 4
483 485 45 3
483 486 35 1
483 487 2 4
483 488 16 8
483 507 29 2
483 508 39 9
483 509 44 3
483 510 47 5
483 799 25 4
483 955 26 7
483 995 4 6
483 1146 14 8
483 1167 32 10
484 485 27 1
484 486 6 7
484 487 4 2
484 488 24 6
484 511 50 3
484 512 19 3
484 513 1 10
484 514 42 1
484 515 24 8
484 516 15 7
484 553 37 7
484 610 34 10
484 653 49 4
484 695 9 3
484 716 36 10
484 766 31 1
484 921 40 1
484 1058 34 6
484 1105 19 7
484 1132 15 6
484 1146 17 2
485 486 21 7
485 487 29 8
485 488 45 9
485 517 26 9
485 518 14 1
485 595 20 6
485 610 19 3
485 631 33 8
485 696 42 3
485 732 25 3
485 755 20 9
485 776 33 3
485 795 7 2
485 875 37 2
485 1131 42 3
485 1167 19 7
486 487 41 2
486 488 46 5
486 519 33 2
486 520 25 9
486 632 13 2
486 649 28 5
486 825 14 3
486 966 43 7
486 995 33 9
486 1021 49 8
487 488 31 6
487 521 34 10
487 526 48 8
487 550 47 1
487 595 28 2
487 715 1 7
487 862 9 4
487 965 6 4
488 522 10 6
488 523 26 3
488 524 8 10
488 955 1 9
488 1022 26 7
488 1106 43 6
489 941 15 4
489 1008 30 9
491 1042 1 4
492 675 2 7
494 1174 6 3
502 794 20 2
502 1125 3 5
503 1198 45 10
507 896 19 1
510 992 29 8
511 937 41 2
513 688 14 2
513 1154 40 4
515 619 31 5
517 570 39 4
525 526 45 9
525 527 25 5
525 528 17 2
525 529 25 1
525 530 2 1
525 653 2 2
525 717 37 6
525 755 41 5
525 834 44 7
525 922 35 3
525 955 27 10
525 964 15 9
525 995 23 5
525 1018 4 5
525 1090 6 5
525 1167 42 4
526 527 24 3
526 528 21 8
526 529 14 9
526 531 2 4
526 532 39 8
526 533 29 2
526 534 8 5
526 535 10 9
526 536 32 4
526 716 41 1
526 732 19 8
526 777 48 5
526 1091 16 6
526 1166 12 3
527 528 4 7
527 529 34 2
527 537 15 5
527 552 15 8
527 632 2 3
527 698 8 6
527 755 23 9
527 795 7 7
527 862 14 8
527 966 29 5
527 1015 19 5
527 1059 45 2
527 1106 10 7
528 529 36 7
528 538 15 1
528 539 20 10
528 540 4 7
528 541 23 9
528 542 22 1
528 543 16 4
528 597 13 1
528 611 44 7
528 632 47 10
528 697 19 5
528 766 20 3
528 777 30 4
528 825 4 3
528 861 23 6
528 875 40 1
528 916 45 5
528 998 40 2
528 1058 15 8
528 1107 31 4
528 1132 29 1
528 1145 10 6
529 544 16 7
529 545 41 7
529 546 30 10
529 547 47 4
529 548 3 3
529 549 23 1
529 557 41 2
529 595 44 4
529 612 38 5
529 650 45 1
529 765 48 7
529 797 50 10
529 832 8 9
529 878 8 9
529 1131 43 9
529 1145 48 5
530 1113 17 10
532 641 2 3
532 950 7 7
532 956 11 6
538 643 43 7
538 873 38 10
539 840 20 4
541 736 47 8
541 1152 41 2
545 1023 44 2
547 641 35 8
550 551 6 10
550 552 31 7
550 553 30 10
550 554 25 4
550 555 39 8
550 556 26 8
550 557 23 2
550 558 39 5
550 559 22 1
550 560 50 3
550 561 6 7
550 654 40 4
550 765 47 5
550 830 12 5
550 834 30 4
550 881 11 1
550 1166 28 1
551 552 24 9
551 553 29 8
551 554 33 4
551 555 36 4
551 556 37 1
551 557 13 8
551 558 6 3
551 562 36 6
551 563 2 2
551 564 37 6
551 565 23 8
551 566 33 3
551 610 9 9
551 630 36 6
551 696 14 7
551 731 38 4
551 799 3 7
551 1108 20 9
551 1147 25 6
552 553 49 7
552 554 16 8
552 555 25 7
552 556 2 3
552 557 47 6
552 558 6 5
552 567 16 3
552 568 15 6
552 569 14 4
552 611 9 4
552 630 18 3
552 861 28 2
552 966 35 1
552 1017 45 2
553 554 7 4
553 555 5 5
553 556 4 5
553 557 40 9
553 558 6 9
553 570 40 6
553 571 47 7
553 572 32 9
553 597 17 8
553 715 5 6
553 756 23 9
553 860 32 5
554 486 10 6
554 555 22 2
554 556 18 5
554 557 19 5
554 558 9 3
554 573 42 1
554 574 23 2
554 575 8 5
554 916 33 4
554 995 45 4
554 1021 22 2
554 1056 19 2
554 1091 18 8
555 556 3 1
555 557 23 10
555 558 49 2
555 576 23 7
555 577 31 2
555 880 30 7
555 955 44 10
555 1091 45 4
555 1109 40 8
556 557 40 6
556 558 19 8
556 578 1 3
556 579 41 7
556 580 35 8
556 777 27 2
556 778 9 10
556 825 37 3
556 918 21 10
556 955 49 2
556 961 32 5
556 995 40 7
556 1056 18 1
556 1166 48 3
557 558 44 9
557 581 24 5
557 582 45 8
557 583 47 7
557 584 23 4
557 585 44 10
557 586 17 7
557 587 33 7
557 697 39 2
557 730 30 7
557 797 16 6
557 1130 16 7
557 1132 12 1
557 1147 50 1
558 588 36 2
558 589 16 9
558 590 35 8
558 591 47 5
558 592 20 1
558 593 26 5
558 594 18 5
558 596 47 2
558 652 13 5
558 717 12 7
558 756 1 5
558 766 36 8
559 633 44 3
559 701 42 10
560 884 32 6
561 693 9 3
563 606 2 7
563 747 33 9
564 1100 29 4
568 735 41 9
570 895 17 5
573 618 3 1
575 682 8 10
577 500 36 7
579 981 10 2
580 628 40 1
581 684 36 4
591 807 49 1
591 944 30 1
592 710 3 4
593 853 24 3
594 710 42 3
594 1001 31 2
595 596 37 10
595 597 9 10
595 598 5 7
595 599 34 2
595 600 10 4
595 601 38 4
595 602 49 2
595 611 3 5
595 755 6 8
595 778 17 10
595 996 31 9
595 997 15 7
595 1016 35 5
595 1055 8 1
595 1092 13 8
595 1109 50 7
595 1169 14 10
596 597 16 6
596 603 3 6
596 604 10 5
596 605 38 9
596 606 10 6
596 607 16 2
596 608 12 1
596 612 42 4
596 630 31 2
596 646 16 10
596 651 36 1
596 715 16 4
596 730 15 8
596 731 23 3
596 765 16 7
596 766 39 8
596 777 7 4
596 795 44 8
596 798 30 5
596 825 37 9
596 830 37 9
596 832 3 4
596 861 1 9
596 879 48 1
596 955 25 7
596 1055 40 10
596 1090 8 4
596 1132 3 8
596 1145 1 8
596 1148 25 2
597 609 23 3
597 631 31 1
597 695 1 7
597 697 4 10
597 756 12 9
597 825 1 9
597 861 41 2
597 879 20 5
597 919 43 7
597 921 41 10
597 955 43 9
597 962 16 9
597 963 39 7
597 1021 22 8
597 1107 32 8
597 1132 10 9
602 655 43 4
604 637 19 5
604 779 11 1
607 907 3 10
610 611 24 8
610 612 49 10
610 613 19 2
610 614 43 5
610 615 23 8
610 616 50 4
610 617 21 9
610 618 18 2
610 619 29 4
610 630 33 2
610 696 34 3
610 717 37 4
610 732 12 6
610 734 4 6
610 775 11 10
610 795 35 2
610 832 20 1
610 834 15 6
610 955 40 2
611 612 34 3
611 613 39 8
611 620 48 6
611 621 9 9
611 622 47 8
611 623 10 6
611 630 43 8
611 653 19 4
611 860 41 8
611 881 33 2
611 920 26 6
611 922 17 4
611 962 5 6
611 1019 21 4
611 1022 4 8
611 1108 32 5
611 1130 4 2
611 1167 6 3
611 1171 13 4
612 613 41 7
612 624 9 1
612 625 50 2
612 626 49 5
612 627 11 5
612 628 12 9
612 756 27 4
612 766 30 5
612 778 1 9
612 825 12 2
612 862 33 9
612 960 22 6
612 998 34 10
612 1056 2 1
612 1092 16 6
612 1130 19 2
612 1147 39 6
613 629 1 2
613 647 38 8
613 697 38 6
613 715 42 10
613 755 47 2
613 765 8 3
613 882 39 1
613 996 42 2
613 1059 25 6
613 1092 46 7
613 1106 28 7
613 1148 1 9
614 789 6 5
615 671 48 4
617 754 48 7
617 1069 40 6
618 699 28 1
618 1175 28 7
626 1113 25 8
628 712 49 1
628 851 22 6
630 631 34 3
630 632 7 1
630 633 13 7
630 634 39 3
630 635 11 9
630 636 5 6
630 654 38 3
630 730 3 10
630 766 4 3
630 775 26 6
630 800 25 4
630 860 5 6
630 862 8 9
630 880 42 6
630 963 25 3
630 997 24 3
630 1056 1 7
630 1091 19 2
630 1107 36 10
630 1145 43 1
630 1168 14 2
631 632 40 2
631 637 44 6
631 638 32 5
631 639 32 8
631 640 43 10
631 697 14 8
631 755 6 3
631 777 22 4
631 795 13 5
631 825 2 4
631 834 29 7
631 835 23 1
631 919 16 6
631 955 34 5
631 1019 44 6
631 1061 15 9
631 1090 33 1
631 1106 42 7
631 1130 39 6
631 1146 6 6
632 641 23 10
632 642 4 7
632 643 9 2
632 644 19 3
632 652 19 6
632 697 5 3
632 715 13 10
632 733 18 10
632 756 29 10
632 766 15 1
632 825 26 9
632 875 41 1
632 917 19 1
632 963 48 10
632 996 41 9
632 1018 4 9
632 1130 39 8
632 1166 28 1
633 863 48 5
636 1103 10 1
641 932 40 6
641 1042 5 4
643 742 3 7
643 746 39 3
643 1186 47 9
644 902 26 6
644 1086 6 4
645 646 25 6
645 647 44 6
645 648 31 10
645 649 20 3
645 650 20 2
645 651 4 2
645 652 11 4
645 653 49 7
645 654 15 3
645 655 34 10
645 656 14 4
645 657 37 1
645 658 42 7
645 659 21 5
645 660 3 10
645 765 43 5
645 796 50 9
645 832 46 1
645 955 32 5
645 1108 7 10
645 1131 24 1
646 647 15 8
646 648 30 6
646 649 39 1
646 650 18 3
646 651 28 8
646 652 37 3
646 653 36 6
646 654 39 6
646 661 12 9
646 662 8 1
646 696 21 2
646 756 38 7
646 955 20 3
646 996 26 8
646 1145 39 3
647 648 25 7
647 649 30 8
647 650 20 2
647 651 47 3
647 652 8 7
647 653 18 1
647 654 47 10
647 663 17 6
647 664 27 10
647 665 46 5
647 666 47 6
647 667 26 6
647 668 28 6
647 733 34 6
647 1015 8 8
647 1061 21 1
647 1109 16 8
647 1171 40 8
648 649 10 10
648 650 21 2
648 651 14 4
648 652 21 7
648 653 37 2
648 654 30 5
648 669 8 9
648 670 5 10
648 671 33 2
648 672 48 1
648 673 1 1
648 716 43 7
648 880 26 10
648 919 9 9
648 1019 25 8
649 650 3 5
649 651 5 7
649 652 15 4
649 653 18 5
649 654 19 10
649 674 7 1
649 675 16 7
649 676 15 3
649 677 43 10
649 678 44 7
649 679 31 1
649 799 15 8
649 825 29 1
649 875 27 4
649 961 10 3
649 1132 4 10
649 1171 46 1
650 651 39 1
650 652 27 3
650 653 22 10
650 654 21 2
650 680 32 4
650 681 8 9
650 682 32 4
650 683 19 3
650 684 47 3
650 696 38 6
650 755 8 3
650 765 28 5
650 1092 10 3
651 652 29 10
651 653 15 2
651 654 3 5
651 685 3 5
651 715 41 10
651 775 21 6
652 653 29 7
652 654 1 6
652 686 7 6
652 778 18 7
652 830 46 2
652 1056 13 4
653 654 13 4
653 687 37 4
653 688 22 6
653 689 27 2
653 733 23 3
653 860 28 1
653 861 37 8
653 1092 32 10
654 690 45 5
654 691 45 8
654 692 5 9
654 693 38 3
654 694 4 8
654 920 33 10
654 960 19 8
654 998 15 9
654 1148 1 9
657 1121 16 10
658 863 34 9
660 711 6 7
661 1097 35 9
663 793 2 1
663 1141 47 6
664 827 20 3
666 984 19 10
667 669 40 7
669 945 47 3
673 807 10 4
678 1133 45 7
685 1051 32 5
685 1161 9 10
688 694 26 8
693 1028 48 5
694 1044 46 6
694 1114 6 7
695 696 23 1
695 697 43 5
695 698 25 6
695 699 29 1
695 700 10 7
695 701 29 6
695 702 38 3
695 703 32 7
695 715 34 10
695 797 24 3
695 825 15 10
695 862 18 10
695 876 11 2
695 995 15 7
695 1055 10 2
695 1131 13 10
696 697 15 1
696 698 18 10
696 704 29 8
696 705 8 10
696 706 26 8
696 707 45 9
696 755 48 4
696 756 5 3
696 825 7 1
696 833 19 10
696 835 49 6
696 860 27 6
696 915 27 5
696 955 48 1
696 1106 43 5
696 1147 29 4
697 698 31 3
697 708 43 8
697 716 24 7
697 730 49 2
697 733 21 2
697 766 37 1
697 778 46 6
697 798 5 1
697 920 46 6
697 966 25 4
697 997 19 3
697 1016 24 10
697 1091 15 1
697 1092 48 7
697 1146 12 5
697 1170 34 10
698 709 24 5
698 710 46 8
698 711 32 8
698 712 3 8
698 713 19 1
698 714 43 4
698 766 27 7
698 775 42 7
698 881 37 1
698 955 30 9
698 964 48 4
698 1022 27 10
698 1057 1 6
698 1105 45 3
698 1130 32 7
698 1170 20 1
699 823 23 3
702 1096 16 9
703 822 10 8
708 906 49 8
708 1041 8 7
712 903 45 6
712 1075 45 5
715 716 37 9
715 717 35 1
715 718 29 8
715 719 22 7
715 720 36 7
715 721 31 9
715 722 47 10
715 732 17 6
715 755 5 1
715 756 32 1
715 765 50 1
715 876 18 3
715 920 12 5
715 955 45 1
715 995 41 6
715 1017 33 8
715 1060 45 9
715 1090 9 6
715 1091 45 10
715 1109 23 1
715 1130 32 5
715 1168 43 10
715 1170 47 9
716 717 16 5
716 723 11 3
716 733 11 7
716 765 45 7
716 775 43 4
716 795 14 7
716 825 9 9
716 835 5 9
716 955 29 1
716 960 23 9
716 1058 35 5
716 1105 5 3
716 1148 37 6
717 724 40 6
717 725 3 5
717 726 31 1
717 727 14 8
717 728 23 3
717 729 7 7
717 777 25 7
717 800 46 6
717 825 27 7
717 830 7 7
717 860 28 5
717 921 8 8
717 961 16 8
717 996 39 9
717 1021 2 2
717 1132 23 2
717 1145 28 3
718 814 30 8
720 747 38 2
720 953 17 2
721 1007 49 8
721 1089 2 10
722 1173 26 10
728 1142 14 5
730 731 48 3
730 732 43 7
730 733 44 2
730 734 12 8
730 735 38 10
730 862 46 2
730 922 17 1
730 955 46 7
730 964 30 9
730 997 20 4
730 1015 31 5
730 1018 37 7
730 1056 2 8
730 1168 33 5
731 732 21 1
731 733 30 7
731 734 9 8
731 736 29 7
731 737 47 7
731 738 42 8
731 739 16 6
731 740 47 8
731 741 6 3
731 776 2 5
731 796 37 6
731 830 5 3
731 919 30 3
731 1092 30 5
731 1147 29 8
732 733 12 3
732 734 11 9
732 742 9 10
732 743 8 6
732 744 18 9
732 825 39 7
732 955 49 3
732 966 43 1
732 1130 49 9
733 734 43 3
733 745 42 4
733 746 27 7
733 747 48 1
733 748 20 10
733 755 5 8
733 766 27 9
733 795 39 2
733 825 19 5
733 835 11 10
733 1109 14 6
733 1131 2 1
733 1148 42 3
733 1171 35 7
734 749 17 10
734 750 50 4
734 751 3 10
734 752 11 5
734 753 26 6
734 754 37 10
734 756 10 2
734 765 42 8
734 776 31 9
734 861 5 6
734 876 7 7
734 878 14 8
734 996 2 9
734 1056 1 3
734 1090 30 9
734 1107 37 1
736 761 24 9
738 1161 44 6
741 794 28 8
741 1032 8 8
742 1063 27 5
750 1081 17 1
751 773 33 7
751 874 5 2
751 1182 23 2
752 911 16 3
755 756 6 8
755 757 43 3
755 796 30 4
755 799 3 9
755 835 12 8
755 861 26 5
755 879 46 2
755 916 40 8
755 955 31 1
755 965 27 3
755 1019 20 8
755 1020 7 3
755 1058 12 4
755 1059 14 2
755 1108 37 6
755 1167 50 2
756 758 31 4
756 759 39 1
756 760 39 3
756 761 33 10
756 762 40 5
756 763 17 10
756 764 33 10
756 766 19 1
756 776 11 10
756 825 27 7
756 832 17 5
756 860 4 8
756 879 30 7
756 920 1 9
756 963 24 2
756 996 48 1
756 998 37 3
756 1092 7 10
756 1108 35 4
756 1131 33 6
756 1146 2 2
756 1148 23 5
756 1171 28 7
758 1137 40 3
758 1180 6 10
759 814 29 9
759 1007 30 3
762 1062 24 1
765 766 25 4
765 767 21 1
765 768 22 9
765 769 47 2
765 770 23 10
765 776 1 8
765 778 6 7
765 825 42 8
765 862 23 9
765 882 36 8
765 955 29 2
765 963 11 7
765 1021 41 3
765 1060 5 3
765 1090 39 4
765 1109 14 10
765 1130 25 9
765 1132 10 3
765 1148 44 3
765 1166 45 8
765 1169 21 5
766 771 46 4
766 772 12 4
766 773 43 4
766 774 19 9
766 796 19 2
766 797 13 5
766 825 6 1
766 831 16 7
766 875 15 3
766 915 45 3
766 921 28 7
766 964 43 8
766 996 48 9
766 998 28 8
766 1090 5 10
766 1106 33 1
766 1146 10 3
768 989 17 9
768 1142 44 6
769 785 25 4
775 776 5 2
775 777 20 1
775 778 17 3
775 779 11 1
775 780 29 6
775 781 4 5
775 782 36 4
775 783 38 7
775 784 28 6
775 799 21 2
775 825 12 3
775 861 46 8
775 881 11 9
775 1056 36 10
775 1091 45 3
775 1105 35 8
775 1106 45 2
775 1132 31 9
775 1166 34 5
776 777 19 4
776 778 30 10
776 785 19 6
776 786 17 2
776 881 2 10
776 918 24 4
776 920 45 5
776 955 45 8
776 962 14 2
776 965 30 8
776 1015 14 3
777 778 43 4
777 787 26 1
777 788 18 8
777 789 40 10
777 833 12 6
777 996 10 8
777 1090 42 3
777 1132 22 8
777 1148 39 1
778 790 38 6
778 791 32 7
778 792 19 2
778 793 35 8
778 794 32 7
778 795 47 6
778 825 41 10
778 995 5 3
778 1019 1 5
778 1056 49 10
778 1148 37 3
778 1168 18 1
779 1078 1 9
791 925 27 6
795 796 5 7
795 797 27 7
795 798 24 6
795 799 48 2
795 800 25 4
795 801 40 2
795 802 27 8
795 803 40 2
795 804 23 5
795 805 2 5
795 806 39 3
795 955 47 2
795 1108 4 7
795 1146 14 10
795 1167 44 7
796 797 27 9
796 798 45 10
796 799 32 4
796 800 22 1
796 807 15 8
796 876 42 8
796 877 29 3
796 1019 6 1
796 1148 7 4
796 1165 5 9
797 798 33 6
797 799 42 7
797 800 10 2
797 808 22 2
797 809 33 5
797 825 31 5
797 861 1 1
797 915 33 4
797 955 15 4
797 964 20 8
797 1059 38 7
797 1131 11 8
798 799 20 5
798 800 11 5
798 810 41 9
798 811 41 6
798 812 21 10
798 833 48 5
798 996 31 4
798 1058 31 8
799 800 30 8
799 813 15 7
799 814 25 9
799 815 36 8
799 816 42 3
799 817 10 5
799 861 32 5
799 963 32 10
799 996 6 6
799 1022 17 8
799 1092 40 6
799 1108 33 1
800 818 16 8
800 819 21 2
800 820 49 9
800 821 22 3
800 822 25 4
800 823 9 5
800 824 48 9
800 825 29 10
800 835 2 10
800 921 35 1
800 1091 8 9
804 866 29 9
815 896 21 5
818 978 44 3
818 1195 3 3
824 933 2 10
825 826 27 5
825 827 41 5
825 828 13 2
825 829 4 3
825 830 7 4
825 831 18 1
825 861 42 5
825 862 10 6
825 876 13 6
825 878 28 9
825 917 12 2
825 922 25 9
825 955 14 5
825 966 19 2
825 995 23 8
825 996 25 8
825 1016 40 9
825 1021 27 3
825 1058 14 7
825 1059 49 9
825 1091 9 2
825 1092 29 10
825 1108 12 9
825 1130 30 6
825 1131 28 10
825 1147 44 5
825 1166 32 9
825 1167 13 2
828 857 36 5
829 971 11 7
830 831 46 8
830 832 22 2
830 833 12 4
830 834 37 1
830 835 20 10
830 836 20 1
830 837 39 5
830 838 39 5
830 839 44 8
830 840 47 2
830 841 15 10
830 917 47 1
830 1132 10 2
831 832 46 8
831 833 39 9
831 834 19 7
831 835 46 5
831 842 43 5
831 843 31 5
831 844 6 8
831 845 7 10
831 846 20 4
831 847 2 1
831 918 16 2
831 955 48 6
831 964 8 5
831 1168 36 1
832 833 49 7
832 834 14 8
832 835 14 10
832 848 25 2
832 849 13 2
832 850 46 10
832 851 7 8
832 860 17 7
832 877 19 7
832 1057 10 9
832 1090 46 5
832 1108 26 10
832 1145 4 9
833 834 18 2
833 835 31 6
833 852 34 3
833 853 30 7
833 961 46 8
833 998 14 1
833 1059 47 3
833 1090 44 1
833 1105 6 2
834 835 24 4
834 854 48 2
834 855 6 5
834 856 3 2
834 955 48 10
834 998 19 3
834 1015 13 3
834 1132 17 10
835 857 47 6
835 858 36 10
835 859 26 3
835 861 35 4
835 878 49 5
835 1017 7 7
835 1148 17 4
835 1167 36 6
838 1121 48 9
843 1037 49 4
844 1142 27 2
845 853 2 10
845 1037 38 6
848 1051 23 5
849 1089 39 7
860 861 30 9
860 862 48 3
860 863 26 7
860 864 13 3
860 961 45 7
860 1015 5 9
860 1018 43 3
860 1060 10 2
860 1091 26 6
860 1092 1 2
860 1108 1 4
860 1131 7 8
860 1171 9 5
861 862 23 7
861 865 17 5
861 866 2 8
861 867 44 2
861 868 35 2
861 869 36 7
861 870 13 3
861 878 23 7
861 955 30 2
861 966 43 1
861 1055 10 8
861 1106 34 2
861 1132 22 1
861 1148 24 7
861 1166 28 7
862 871 21 4
862 872 33 6
862 873 13 9
862 874 36 1
862 919 49 8
862 921 15 8
862 955 27 6
862 995 42 1
862 998 44 7
862 1145 14 2
868 1116 32 9
871 952 19 2
873 1004 10 6
873 1151 8 7
875 876 1 7
875 877 48 6
875 878 7 3
875 879 4 8
875 880 42 10
875 881 48 10
875 882 13 8
875 883 8 5
875 884 38 2
875 955 50 9
875 996 40 4
875 1091 24 10
875 1092 4 7
876 877 2 5
876 878 35 8
876 879 19 6
876 880 41 8
876 881 34 9
876 882 37 9
876 885 30 9
876 886 49 3
876 887 27 4
876 888 12 8
876 889 18 10
876 890 33 2
876 915 40 3
876 995 32 4
877 878 27 8
877 879 41 7
877 880 10 6
877 881 13 7
877 882 32 1
877 891 32 2
877 1055 25 10
878 879 18 9
878 880 37 10
878 881 2 2
878 882 18 3
878 892 36 2
878 893 30 10
878 894 50 6
878 895 28 9
878 896 9 8
878 920 18 9
878 1019 28 1
879 880 5 5
879 881 23 5
879 882 10 8
879 897 39 1
879 898 39 7
879 899 46 8
879 900 19 9
879 960 29 9
879 961 20 4
879 1056 3 7
879 1108 20 7
880 881 18 1
880 882 31 1
880 901 3 3
880 902 18 2
880 903 41 9
880 904 31 3
880 1021 30 6
880 1148 45 10
880 1166 48 10
881 882 20 1
881 905 17 2
881 906 50 2
881 907 32 6
881 908 5 8
881 909 42 1
881 910 19 5
881 955 11 6
881 1148 10 6
882 911 44 6
882 912 6 2
882 913 16 7
882 914 19 10
882 1109 26 7
882 1131 17 9
882 1132 11 2
882 1168 21 3
886 925 50 10
886 1185 47 7
895 1043 50 7
898 1172 34 8
915 916 43 10
915 917 25 7
915 918 13 3
915 919 5 8
915 920 39 1
915 921 5 1
915 922 9 3
915 923 40 8
915 924 7 1
915 925 1 8
915 926 44 1
915 927 8 4
915 1020 1 3
916 917 11 7
916 918 31 4
916 919 46 10
916 920 48 2
916 921 29 6
916 922 35 6
916 928 26 6
916 929 17 1
916 930 8 1
916 931 32 10
916 998 1 7
916 1057 8 9
916 1106 47 7
917 918 27 9
917 919 9 7
917 920 10 7
917 921 47 3
917 922 22 1
917 932 41 5
917 933 10 3
917 934 4 5
917 935 43 4
917 936 47 3
917 1147 49 7
917 1170 11 10
918 919 23 1
918 920 16 7
918 921 2 3
918 922 14 2
918 937 35 5
918 938 33 5
919 920 3 8
919 921 12 4
919 922 29 1
919 939 6 5
919 940 29 10
919 941 29 7
919 942 38 6
919 943 19 8
919 944 21 6
919 955 5 3
919 997 21 10
919 1091 17 4
919 1108 5 7
919 1145 12 8
920 921 44 6
920 922 6 7
920 945 34 5
920 946 41 9
920 947 35 3
920 965 42 1
920 1057 50 5
920 1166 15 6
921 922 20 10
921 948 35 8
921 949 23 3
921 950 8 8
921 951 32 6
921 952 41 2
921 953 28 8
921 955 17 5
921 963 41 2
921 1090 45 2
921 1130 35 9
922 954 5 8
922 1018 42 4
922 1131 46 3
925 1112 14 8
925 1158 33 7
929 1042 2 2
933 1142 22 2
939 1014 13 2
939 1176 49 7
943 1050 27 10
943 1182 6 2
946 1195 28 3
955 956 5 9
955 957 31 2
955 958 21 4
955 959 37 9
955 963 31 4
955 966 35 8
955 996 49 1
955 998 45 10
955 1017 3 5
955 1021 38 2
955 1058 11 5
955 1060 31 4
955 1090 4 10
955 1092 44 2
955 1105 17 5
955 1107 48 7
955 1131 27 6
955 1145 21 5
955 1148 44 2
955 1165 33 4
956 1187 40 2
960 961 18 9
960 962 29 6
960 963 7 3
960 964 21 10
960 965 43 7
960 966 10 8
960 967 41 1
960 968 11 6
960 969 5 5
960 1015 2 3
960 1058 6 5
960 1060 8 2
960 1167 22 1
961 962 18 9
961 963 1 3
961 964 23 9
961 965 17 1
961 966 9 5
961 970 7 9
961 971 24 6
961 972 50 1
961 973 31 8
961 974 50 1
961 1130 15 4
962 963 16 4
962 964 34 1
962 965 33 2
962 966 30 5
962 975 40 6
962 976 50 3
962 977 15 3
962 978 36 9
963 964 48 8
963 965 1 2
963 966 43 1
963 979 38 6
963 980 14 10
963 981 45 1
963 1108 16 1
963 1146 21 7
963 1170 31 3
964 965 49 4
964 966 22 1
964 982 22 3
964 983 30 10
964 984 39 5
964 985 14 7
964 986 50 10
964 987 50 8
964 998 10 1
964 1091 2 3
965 966 1 6
965 988 25 5
965 989 21 7
965 990 4 5
965 991 2 10
965 992 29 3
965 1090 8 3
965 1147 33 1
966 993 3 4
966 994 12 3
966 997 2 1
966 1018 6 6
966 1109 39 3
966 1131 43 4
968 1102 19 7
981 1068 32 8
984 1129 33 4
991 1122 40 3
992 1182 46 7
995 996 47 9
995 997 15 10
995 998 34 6
995 999 45 8
995 1000 2 9
995 1001 37 8
996 997 31 10
996 998 11 9
996 1002 40 1
996 1003 43 7
996 1004 25 8
996 1005 41 10
996 1006 29 6
996 1007 30 3
996 1021 19 8
996 1108 15 1
996 1130 19 8
996 1131 19 1
996 1145 2 1
996 1169 26 4
997 998 7 4
997 1008 6 10
997 1009 23 9
997 1010 34 7
997 1011 37 10
997 1018 38 4
997 1058 48 7
997 1061 12 1
997 1090 1 9
997 1109 11 7
997 1147 13 1
998 1012 12 8
998 1013 18 1
998 1014 28 4
998 1092 9 7
998 1168 27 1
1007 1034 40 5
1012 1074 27 4
1014 1042 31 3
1014 1185 17 6
1015 1016 13 6
1015 1017 29 7
1015 1018 25 10
1015 1019 12 5
1015 1020 1 2
1015 1021 27 10
1015 1022 29 2
1015 1023 13 3
1015 1024 21 7
1015 1025 25 2
1015 1026 22 3
1015 1027 3 8
1015 1028 41 9
1016 1017 21 9
1016 1018 18 2
1016 1019 14 2
1016 1020 2 1
1016 1021 29 3
1016 1022 13 3
1016 1029 8 4
1016 1030 40 2
1016 1031 48 2
1016 1169 1 8
1017 1018 6 5
1017 1019 3 4
1017 1020 19 1
1017 1021 38 6
1017 1022 48 4
1017 1032 42 3
1017 1055 4 8
1017 1148 16 7
1018 1019 2 4
1018 1020 14 1
1018 1021 14 1
1018 1022 21 5
1018 1033 40 4
1018 1034 13 6
1018 1035 46 3
1018 1036 6 3
1018 1037 23 7
1018 1038 40 3
1018 1090 27 8
1018 1105 17 3
1018 1108 14 4
1018 1132 8 2
1019 1020 20 1
1019 1021 5 6
1019 1022 14 8
1019 1039 2 9
1019 1040 48 6
1019 1170 44 10
1020 1021 37 6
1020 1022 19 8
1020 1041 29 1
1020 1042 3 3
1020 1043 27 4
1020 1044 37 7
1020 1045 17 1
1020 1046 1 9
1020 1092 6 7
1020 1132 3 7
1021 1022 50 1
1021 1047 32 2
1021 1048 36 1
1021 1145 9 3
1022 1049 32 10
1022 1050 50 2
1022 1051 21 8
1022 1052 20 3
1022 1053 5 8
1022 1054 28 10
1022 1060 47 9
1023 1041 35 9
1025 1027 50 6
1026 1127 26 4
1031 1153 40 10
1046 1155 14 2
1055 1056 31 4
1055 1057 49 7
1055 1058 40 7
1055 1059 37 3
1055 1060 35 6
1055 1061 33 1
1055 1062 29 1
1055 1063 35 5
1055 1064 14 10
1055 1065 8 4
1055 1066 27 4
1055 1107 5 6
1055 1131 40 9
1056 1057 25 8
1056 1058 5 6
1056 1059 6 7
1056 1060 42 5
1056 1061 26 9
1056 1067 47 5
1056 1068 39 9
1056 1069 46 10
1056 1070 23 6
1056 1071 10 5
1056 1072 30 3
1056 1169 16 6
1057 1058 41 3
1057 1059 14 10
1057 1060 45 4
1057 1061 23 10
1057 1073 33 9
1057 1074 36 9
1057 1075 29 4
1057 1076 22 6
1057 1077 30 4
1058 1059 26 7
1058 1060 8 9
1058 1061 33 9
1058 1078 14 2
1058 1091 3 3
1058 1105 14 5
1058 1148 5 4
1058 1170 8 2
1059 1060 14 6
1059 1061 46 10
1059 1079 2 9
1059 1080 8 2
1059 1081 32 5
1059 1082 3 9
1059 1083 6 2
1060 1061 27 6
1060 1084 24 8
1060 1085 5 8
1060 1086 29 9
1060 1087 21 5
1060 1088 26 4
1060 1090 18 3
1060 1130 47 5
1061 1089 20 9
1061 1147 2 10
1068 1184 37 6
1075 1138 4 3
1078 1085 16 10
1083 1088 41 9
1090 1091 45 5
1090 1092 18 9
1090 1093 39 2
1090 1094 14 10
1090 1095 8 10
1090 1096 4 7
1090 1097 35 9
1090 1146 41 8
1090 1170 41 5
1091 1092 27 10
1091 1098 21 5
1091 1099 2 5
1091 1100 29 8
1091 1101 28 1
1091 1102 11 9
1091 1103 48 10
1091 1108 36 7
1091 1109 16 9
1091 1132 6 8
1091 1168 32 9
1092 1104 23 2
1092 1145 39 5
1105 1106 40 7
1105 1107 30 8
1105 1108 14 3
1105 1109 27 6
1105 1110 4 2
1105 1111 20 9
1105 1112 20 1
1105 1113 44 9
1105 1114 26 6
1106 1107 50 6
1106 1108 26 9
1106 1109 36 4
1106 1115 46 8
1106 1116 46 7
1106 1117 25 4
1106 1130 41 9
1106 1146 17 8
1107 1108 35 1
1107 1109 8 5
1107 1118 23 1
1107 1119 26 5
1107 1120 47 3
1107 1121 35 8
1107 1122 32 8
1107 1123 28 8
1107 1130 13 2
1107 1168 22 9
1108 1109 11 8
1108 1124 21 2
1108 1125 18 6
1108 1126 10 8
1108 1127 22 9
1108 1145 19 4
1108 1170 15 7
1109 1128 33 9
1109 1129 20 3
1111 1158 40 3
1121 1134 43 1
1130 1131 20 9
1130 1132 50 9
1130 1133 7 2
1130 1134 39 10
1130 1135 34 7
1130 1136 35 9
1130 1168 44 6
1131 1132 7 10
1131 1137 38 6
1131 1138 3 6
1131 1139 23 3
1131 1140 32 3
1131 1148 31 8
1131 1169 25 2
1132 1141 45 6
1132 1142 18 4
1132 1143 29 1
1132 1144 45 3
1132 1145 1 8
1144 1186 33 2
1145 1146 42 9
1145 1147 22 6
1145 1148 30 9
1145 1149 11 3
1145 1150 36 8
1145 1151 46 10
1145 1152 19 7
1146 1147 46 6
1146 1148 15 7
1146 1153 50 8
1146 1154 14 10
1146 1155 45 8
1146 1156 21 2
1146 1157 40 7
1146 1158 44 5
1146 1166 6 5
1147 1148 10 7
1147 1159 9 10
1147 1160 14 4
1147 1161 38 2
1147 1162 10 1
1148 1163 18 9
1148 1164 36 9
1148 1171 13 3
1165 1166 13 5
1165 1167 50 7
1165 1168 43 10
1165 1169 40 5
1165 1170 33 3
1165 1171 37 1
1165 1172 13 5
1165 1173 35 9
1165 1174 25 8
1165 1175 14 7
1165 1176 48 5
1166 1167 22 5
1166 1168 15 3
1166 1169 3 1
1166 1170 22 9
1166 1171 39 1
1166 1177 29 5
1166 1178 12 4
1166 1179 17 6
1166 1180 14 8
1167 1168 2 8
1167 1169 46 3
1167 1170 50 7
1167 1171 41 2
1167 1181 4 10
1167 1182 34 2
1167 1183 11 4
1168 1169 31 5
1168 1170 1 8
1168 1171 21 2
1168 1184 1 5
1168 1185 28 3
1169 1170 13 2
1169 1171 47 10
1169 1186 36 4
1169 1187 1 3
1169 1188 34 5
1169 1189 19 6
1170 1171 29 3
1170 1190 39 4
1170 1191 27 4
1170 1192 42 7
1170 1193 39 9
1171 1194 38 4
1171 1195 45 8
1171 1196 4 2
1171 1197 46 5
1171 1198 28 10
1171 1199 9 8

0 972 39
1 341 17
2 819 20
3 726 33
4 600 6
5 906 46
6 515 18
7 1104 46
8 545 40
9 1196 2
10 139 30
11 1123 17
12 88 29
13 118 7
14 784 25
15 560 17
16 1197 27
17 1181 2
18 967 28
19 656 14
20 924 3
21 638 20
22 1030 17
23 33 80
24 711 24
25 210 19
26 700 4
27 889 13
28 836 18
29 626 40
30 714 53
31 691 21
32 164 28
33 740 26
34 563 16
35 803 45
36 818 18
37 978 36
38 99 10
39 349 19
40 173 24
41 245 37
42 242 7
43 1175 27
44 1110 18
45 116 89
46 750 41
47 883 4
48 246 15
49 857 35
50 606 7
51 614 32
52 282 28
53 150 43
54 627 3
55 725 1
56 130 16
57 320 21
58 312 21
59 956 18
60 787 18
61 102 22
62 4 2
63 233 73
64 1088 68
65 93 22
66 98 35
67 238 25
68 275 78
69 781 3
70 720 39
71 690 37
72 426 2
73 907 17
74 1133 25
75 868 36
76 1062 34
77 1095 36
78 304 8
79 1043 33
80 1198 38
81 344 32
82 195 11
83 828 12
84 1191 13
85 1031 22
86 412 44
87 447 14
88 665 62
89 217 39
90 172 17
91 1054 28
92 927 5
93 1003 26
94 123 15
95 141 11
96 535 20
97 865 4
98 211 5
99 722 38
100 815 39
101 494 6
102 658 43
103 315 66
104 368 37
105 189 19
106 743 16
107 959 25
108 736 43
109 274 8
110 885 14
111 492 10
112 290 16
113 1194 41
114 456 25
115 83 19
116 386 9
117 244 25
118 635 22
119 411 12
120 1190 12
121 117 40
122 354 31
123 594 19
124 620 22
125 662 6
126 467 17
127 159 25
128 1007 104
129 79 22
130 347 37
131 90 13
132 185 28
133 741 11
134 793 15
135 287 20
136 427 6
137 870 16
138 1189 12
139 848 29
140 1068 99
141 936 22
142 801 26
143 1129 33
144 713 11
145 373 59
146 11 34
147 16 26
148 727 4
149 197 27
150 1128 21
151 897 28
152 493 40
153 811 20
154 547 33
155 854 22
156 191 64
157 1013 8
158 802 8
159 682 9
160 568 36
161 751 21
162 370 19
163 303 24
164 931 7
165 945 29
166 1028 55
167 592 6
168 523 18
169 338 11
170 183 16
171 754 75
172 444 24
173 1153 45
174 306 28
175 634 26
176 501 3
177 718 36
178 66 39
179 792 14
180 820 11
181 457 25
182 385 18
183 890 44
184 541 42
185 636 10
186 235 22
187 470 23
188 324 7
189 764 47
190 681 2
191 1144 74
192 593 26
193 888 4
194 366 31
195 944 13
196 1040 16
197 17 20
198 937 18
199 89 16
200 837 15
201 738 22
202 749 11
203 1047 8
204 840 25
205 465 42
206 437 22
207 616 13
208 169 28
209 365 20
210 307 22
211 761 25
212 434 17
213 683 22
214 957 14
215 968 17
216 190 20
217 69 29
218 510 50
219 1045 17
220 989 20
221 281 13
222 618 30
223 5 68
224 108 39
225 280 4
226 379 17
227 452 6
228 474 56
229 562 26
230 867 23
231 1004 13
232 261 4
233 892 18
234 621 14
235 1143 19
236 129 7
237 435 13
238 101 5
239 580 29
240 599 31
241 807 16
242 785 15
243 40 35
244 1186 68
245 505 27
246 184 9
247 813 14
248 142 22
249 1080 2
250 810 24
251 533 19
252 68 25
253 1014 26
254 607 33
255 1049 60
256 514 16
257 953 56
258 903 45
259 673 8
260 1103 22
261 8 41
262 993 13
263 779 16
264 92 38
265 72 33
266 708 66
267 512 12
268 1179 28
269 1187 11
270 1036 4
271 343 3
272 251 36
273 144 22
274 1173 15
275 1070 12
276 605 39
277 975 15
278 990 24
279 166 20
280 1069 58
281 827 33
282 948 19
283 895 56
284 131 22
285 729 37
286 850 30
287 1120 49
288 500 52
289 478 20
290 723 5
291 991 24
292 491 35
293 858 31
294 987 28
295 181 16
296 689 6
297 1150 14
298 849 54
299 34 21
300 404 54
301 1063 22
302 625 37
303 397 16
304 70 3
305 214 19
306 657 28
307 42 23
308 659 13
309 209 34
310 1039 2
311 319 43
312 264 23
313 358 24
314 174 23
315 1033 10
316 814 70
317 269 46
318 37 2
319 707 25
320 1138 8
321 742 18
322 1151 65
323 752 8
324 1115 24
325 598 8
326 239 61
327 574 6
328 663 48
329 976 11
330 103 42
331 579 32
332 421 27
333 119 22
334 1048 53
335 1159 3
336 577 18
337 581 42
338 407 8
339 753 50
340 305 9
341 498 59
342 475 60
343 1135 14
344 709 14
345 1141 95
346 886 90
347 1024 12
348 1193 26
349 1126 5
350 669 38
351 1112 48
352 384 7
353 639 10
354 208 23
355 929 11
356 293 42
357 223 6
358 941 25
359 134 62
360 94 9
361 864 14
362 678 50
363 699 32
364 608 4
365 588 12
366 688 28
367 901 10
368 259 18
369 258 31
370 1098 15
371 979 37
372 520 15
373 58 55
374 310 15
375 1094 7
376 222 20
377 155 12
378 224 22
379 432 48
380 151 50
381 346 15
382 206 6
383 812 5
384 1037 36
385 842 17
386 686 5
387 369 26
388 767 19
389 839 24
390 87 103
391 869 37
392 609 12
393 952 36
394 1066 18
395 856 2
396 216 1
397 710 49
398 762 34
399 342 43
400 1114 15
401 18 29
402 198 59
403 537 33
404 674 2
405 1127 31
406 323 26
407 65 34
408 1067 31
409 104 37
410 193 45
411 909 22
412 374 15
413 396 48
414 321 11
415 422 20
416 149 49
417 522 6
418 490 18
419 158 1
420 451 13
421 1074 21
422 973 13
423 140 17
424 180 27
425 192 32
426 546 18
427 504 26
428 1029 7
429 256 10
430 279 25
431 1136 23
432 44 20
433 247 61
434 1097 36
435 747 48
436 946 18
437 1099 23
438 587 10
439 706 47
440 348 12
441 511 22
442 468 32
443 212 6
444 125 15
445 925 85
446 943 33
447 912 4
448 1113 47
449 3 7
450 1158 49
451 35 36
452 352 28
453 829 21
454 1075 21
455 661 11
456 157 20
457 156 58
458 670 4
459 496 11
460 168 1
461 1078 14
462 425 21
463 196 25
464 154 41
465 1051 48
466 186 3
467 988 12
468 19 64
469 783 27
470 253 10
471 692 20
472 1140 22
473 619 24
474 339 4
475 423 35
476 47 20
477 161 7
478 167 14
479 565 27
