1200 5230 480

0 25 200
1 50 500
2 75 800
3 100 1200
4 125 1700
5 150 2300
6 175 3000
7 200 3800
8 225 4600
9 250 5500

0 1500
1 1500
2 1500
3 1500
4 2000
5 1500
6 2000
7 1000
8 2000
9 1000
10 1500
11 1500
12 1500
13 2000
14 1500
15 1000
16 1000
17 2000
18 2000
19 2000
20 2000
21 2000
22 1500
23 2000
24 2000
25 1000
26 1500
27 1500
28 1500
29 500
30 500
31 500
32 500
33 500
34 2000
35 1500
36 1500
37 2000
38 1500
39 2000
40 1500
41 1000
42 1500
43 2000
44 2000
45 1500
46 1500
47 1500
48 1500
49 1500
50 1500
51 1500
52 1000
53 2000
54 1000
55 2000
56 1000
57 2000
58 2000
59 1000
60 2000
61 2000
62 2000
63 1000
64 2000
65 1500
66 2000
67 2000
68 1000
69 1000
70 1500
71 1500
72 1500
73 1500
74 1500
75 1000
76 1500
77 2000
78 2000
79 2000
80 1000
81 1000
82 1500
83 1500
84 2000
85 2000
86 2000
87 2000
88 1500
89 2000
90 2000
91 2000
92 2000
93 1500
94 2000
95 1500
96 1500
97 1500
98 1500
99 1500
100 2000
101 2000
102 2000
103 2000
104 2000
105 2000
106 1000
107 2000
108 1500
109 2000
110 1500
111 1500
112 1500
113 1500
114 2000
115 2000
116 2000
117 2000
118 2000
119 1000
120 1000
121 2000
122 1000
123 2000
124 2000
125 1500
126 2000
127 1500
128 1000
129 2000
130 1000
131 1500
132 1500
133 1000
134 1500
135 1500
136 1500
137 1500
138 500
139 1000
140 1500
141 2000
142 1000
143 1000
144 1000
145 2000
146 2000
147 2000
148 1500
149 500
150 1000
151 1000
152 2000
153 2000
154 2000
155 2000
156 1500
157 2000
158 1500
159 2000
160 1500
161 1500
162 1500
163 1500
164 1500
165 1500
166 2000
167 2000
168 2000
169 1500
170 2000
171 1000
172 2000
173 2000
174 1500
175 1000
176 2000
177 1500
178 1500
179 2000
180 2000
181 2000
182 2000
183 1500
184 2000
185 1500
186 2000
187 1000
188 2000
189 2000
190 1500
191 2000
192 1500
193 1500
194 2000
195 1500
196 1000
197 1500
198 1500
199 1000
200 2000
201 2000
202 1500
203 1500
204 1000
205 2000
206 2000
207 2000
208 2000
209 1500
210 2000
211 1500
212 2000
213 2000
214 2000
215 1500
216 1000
217 1500
218 1500
219 1500
220 1500
221 1500
222 1500
223 1000
224 2000
225 2000
226 2000
227 1500
228 500
229 500
230 1500
231 500
232 1000
233 1000
234 1500
235 2000
236 2000
237 2000
238 2000
239 2000
240 2000
241 1000
242 1500
243 1000
244 2000
245 2000
246 2000
247 2000
248 2000
249 2000
250 2000
251 2000
252 1000
253 2000
254 2000
255 1500
256 1500
257 1500
258 1500
259 1500
260 1500
261 1500
262 1500
263 1000
264 2000
265 2000
266 2000
267 1500
268 2000
269 2000
270 2000
271 2000
272 1000
273 1000
274 1500
275 1000
276 2000
277 1000
278 2000
279 1000
280 1500
281 2000
282 1500
283 1000
284 1500
285 1500
286 1500
287 2000
288 1000
289 1000
290 1000
291 2000
292 1000
293 2000
294 1000
295 1500
296 1500
297 1500
298 1500
299 1500
300 1000
301 1500
302 2000
303 1000
304 2000
305 2000
306 2000
307 2000
308 1000
309 2000
310 1000
311 2000
312 1500
313 2000
314 1000
315 1000
316 2000
317 1000
318 2000
319 1500
320 1500
321 2000
322 1000
323 2000
324 1000
325 1500
326 1000
327 1500
328 2000
329 1000
330 1500
331 1500
332 2000
333 2000
334 1000
335 1500
336 1500
337 1500
338 1500
339 2000
340 1500
341 1000
342 2000
343 2000
344 2000
345 2000
346 2000
347 2000
348 2000
349 2000
350 1000
351 1500
352 2000
353 2000
354 1500
355 1500
356 1500
357 2000
358 1000
359 1500
360 2000
361 2000
362 2000
363 2000
364 1000
365 1500
366 1000
367 1500
368 2000
369 1500
370 1000
371 500
372 1000
373 1500
374 2000
375 2000
376 2000
377 1500
378 2000
379 2000
380 1500
381 1500
382 1500
383 1000
384 2000
385 2000
386 2000
387 1500
388 1000
389 2000
390 1000
391 2000
392 2000
393 1500
394 1000
395 1500
396 2000
397 2000
398 1000
399 500
400 1500
401 1500
402 1500
403 1500
404 1500
405 1500
406 2000
407 2000
408 1000
409 2000
410 1000
411 1500
412 1500
413 1000
414 2000
415 2000
416 1000
417 2000
418 2000
419 2000
420 1000
421 1000
422 1000
423 2000
424 1000
425 1500
426 2000
427 2000
428 2000
429 1500
430 1500
431 1500
432 1500
433 1500
434 2000
435 2000
436 2000
437 2000
438 2000
439 1500
440 1000
441 1000
442 2000
443 2000
444 1000
445 2000
446 1000
447 2000
448 1500
449 2000
450 1500
451 1500
452 1500
453 1500
454 1500
455 2000
456 2000
457 1000
458 1000
459 2000
460 1500
461 2000
462 1500
463 2000
464 1500
465 1500
466 2000
467 2000
468 2000
469 1000
470 2000
471 2000
472 2000
473 1500
474 1500
475 1500
476 2000
477 1500
478 1000
479 1500
480 1500
481 1000
482 2000
483 1000
484 1500
485 1000
486 500
487 1000
488 1500
489 1500
490 1500
491 1500
492 1500
493 1500
494 2000
495 2000
496 1500
497 2000
498 2000
499 1000
500 1000
501 2000
502 1500
503 1000
504 1000
505 2000
506 1000
507 2000
508 1500
509 2000
510 1500
511 1000
512 1500
513 1000
514 1000
515 2000
516 2000
517 2000
518 1000
519 2000
520 500
521 2000
522 1500
523 1500
524 2000
525 2000
526 1500
527 1500
528 1500
529 1500
530 1500
531 1500
532 1500
533 1500
534 1500
535 1500
536 1000
537 1500
538 2000
539 2000
540 1500
541 2000
542 2000
543 2000
544 2000
545 1000
546 1500
547 1500
548 2000
549 2000
550 2000
551 2000
552 1000
553 1500
554 2000
555 1500
556 1500
557 2000
558 2000
559 1500
560 1500
561 1500
562 1500
563 1000
564 1000
565 1500
566 1500
567 1500
568 2000
569 2000
570 1000
571 2000
572 1000
573 1000
574 2000
575 2000
576 2000
577 2000
578 1500
579 2000
580 1500
581 1500
582 2000
583 2000
584 1000
585 1500
586 500
587 1000
588 2000
589 2000
590 1500
591 1000
592 1500
593 1000
594 2000
595 2000
596 2000
597 1000
598 2000
599 1000
600 1500
601 2000
602 2000
603 2000
604 1000
605 1500
606 1000
607 1500
608 1500
609 1000
610 2000
611 2000
612 1000
613 1000
614 1500
615 1500
616 500
617 1500
618 1000
619 2000
620 1000
621 1000
622 1500
623 1000
624 2000
625 1500
626 1500
627 1500
628 1500
629 1000
630 1000
631 2000
632 1000
633 2000
634 1500
635 2000
636 2000
637 1500
638 2000
639 2000
640 2000
641 2000
642 1500
643 2000
644 1500
645 1500
646 2000
647 1000
648 2000
649 1500
650 1500
651 1000
652 1500
653 1500
654 1000
655 1500
656 1500
657 2000
658 1000
659 2000
660 1000
661 1500
662 1500
663 2000
664 1500
665 500
666 2000
667 2000
668 2000
669 500
670 1500
671 500
672 1000
673 2000
674 2000
675 2000
676 2000
677 1000
678 2000
679 1500
680 2000
681 1500
682 2000
683 1000
684 2000
685 1000
686 1500
687 1500
688 1500
689 1500
690 500
691 1500
692 1500
693 2000
694 2000
695 1500
696 1000
697 2000
698 2000
699 2000
700 2000
701 2000
702 1000
703 2000
704 2000
705 1500
706 1000
707 1500
708 2000
709 2000
710 1500
711 1500
712 1000
713 1500
714 1500
715 2000
716 2000
717 2000
718 2000
719 1000
720 1500
721 500
722 500
723 2000
724 1000
725 1000
726 1000
727 2000
728 1000
729 2000
730 2000
731 2000
732 1500
733 2000
734 2000
735 1500
736 1500
737 1500
738 1500
739 2000
740 1000
741 2000
742 1500
743 1000
744 1500
745 1000
746 2000
747 2000
748 2000
749 1000
750 1500
751 1000
752 2000
753 1000
754 2000
755 1000
756 1500
757 500
758 1500
759 1000
760 1500
761 1500
762 1000
763 1500
764 1500
765 1000
766 1000
767 2000
768 1000
769 1000
770 1000
771 2000
772 1500
773 1000
774 2000
775 1500
776 1500
777 2000
778 1000
779 1500
780 1000
781 2000
782 2000
783 2000
784 2000
785 1500
786 1500
787 1000
788 2000
789 2000
790 2000
791 2000
792 1500
793 2000
794 1500
795 2000
796 2000
797 2000
798 1500
799 1500
800 1500
801 1000
802 1500
803 2000
804 1500
805 2000
806 1500
807 500
808 1000
809 1000
810 1000
811 1000
812 2000
813 1000
814 1500
815 1500
816 1500
817 1500
818 1500
819 1000
820 1500
821 1500
822 1500
823 2000
824 1500
825 1500
826 1500
827 2000
828 2000
829 2000
830 2000
831 1000
832 2000
833 2000
834 2000
835 1500
836 2000
837 2000
838 1500
839 1500
840 1500
841 1500
842 1000
843 2000
844 1000
845 2000
846 2000
847 1000
848 2000
849 2000
850 1500
851 1500
852 1500
853 1000
854 1500
855 1500
856 1500
857 2000
858 2000
859 1000
860 2000
861 2000
862 2000
863 2000
864 1000
865 1500
866 1000
867 2000
868 1500
869 2000
870 1500
871 1000
872 1000
873 1000
874 2000
875 1000
876 1000
877 2000
878 2000
879 1000
880 1500
881 1500
882 1500
883 1000
884 2000
885 2000
886 2000
887 2000
888 2000
889 1000
890 2000
891 1500
892 2000
893 1500
894 1500
895 2000
896 2000
897 2000
898 500
899 1500
900 1000
901 1000
902 1500
903 1500
904 1500
905 500
906 500
907 500
908 500
909 500
910 1000
911 1500
912 2000
913 1500
914 1000
915 2000
916 1000
917 1500
918 2000
919 1000
920 1000
921 2000
922 1500
923 1000
924 2000
925 1500
926 1500
927 1000
928 2000
929 1500
930 2000
931 2000
932 1500
933 1500
934 2000
935 2000
936 1000
937 2000
938 500
939 1500
940 1500
941 1500
942 1500
943 1500
944 1500
945 1500
946 1000
947 1000
948 2000
949 2000
950 2000
951 2000
952 2000
953 1000
954 1000
955 2000
956 1000
957 1000
958 1500
959 2000
960 2000
961 2000
962 2000
963 1000
964 2000
965 2000
966 1500
967 2000
968 1000
969 2000
970 1500
971 1500
972 1500
973 1500
974 1000
975 1000
976 1500
977 1000
978 2000
979 1500
980 2000
981 2000
982 2000
983 2000
984 1000
985 1000
986 2000
987 1500
988 1500
989 1500
990 1000
991 2000
992 2000
993 2000
994 2000
995 1000
996 500
997 500
998 1500
999 500
1000 500
1001 1500
1002 2000
1003 2000
1004 2000
1005 1500
1006 1500
1007 2000
1008 1000
1009 1500
1010 1500
1011 1000
1012 1000
1013 1500
1014 2000
1015 1500
1016 1500
1017 1500
1018 1500
1019 1500
1020 1500
1021 1500
1022 2000
1023 1000
1024 1000
1025 2000
1026 1000
1027 1000
1028 2000
1029 2000
1030 2000
1031 1000
1032 2000
1033 1500
1034 1500
1035 1000
1036 2000
1037 2000
1038 2000
1039 1000
1040 1000
1041 2000
1042 1000
1043 1000
1044 2000
1045 2000
1046 2000
1047 1500
1048 1000
1049 2000
1050 1500
1051 1500
1052 1500
1053 1500
1054 2000
1055 2000
1056 2000
1057 1000
1058 1500
1059 2000
1060 1000
1061 1000
1062 1000
1063 2000
1064 1500
1065 2000
1066 2000
1067 1000
1068 1000
1069 2000
1070 1500
1071 1500
1072 1000
1073 1500
1074 1500
1075 1500
1076 1000
1077 2000
1078 1000
1079 2000
1080 2000
1081 2000
1082 2000
1083 1000
1084 1500
1085 1500
1086 2000
1087 1500
1088 2000
1089 1000
1090 2000
1091 1500
1092 2000
1093 1000
1094 1500
1095 1500
1096 1500
1097 2000
1098 2000
1099 1000
1100 1500
1101 1500
1102 1500
1103 1000
1104 1500
1105 1500
1106 1000
1107 2000
1108 2000
1109 1500
1110 2000
1111 1500
1112 2000
1113 2000
1114 1000
1115 1500
1116 1000
1117 1500
1118 2000
1119 1500
1120 1000
1121 2000
1122 1000
1123 1000
1124 2000
1125 1000
1126 1500
1127 2000
1128 2000
1129 1500
1130 1000
1131 1500
1132 1000
1133 1500
1134 1500
1135 1000
1136 1500
1137 1000
1138 2000
1139 1500
1140 1000
1141 2000
1142 2000
1143 2000
1144 1000
1145 1000
1146 2000
1147 2000
1148 2000
1149 2000
1150 2000
1151 1500
1152 1500
1153 1000
1154 1000
1155 1500
1156 1500
1157 1500
1158 1500
1159 1500
1160 1500
1161 1500
1162 1500
1163 1500
1164 1000
1165 2000
1166 1500
1167 2000
1168 2000
1169 1500
1170 2000
1171 1000
1172 1000
1173 2000
1174 2000
1175 2000
1176 1000
1177 2000
1178 2000
1179 2000
1180 1000
1181 2000
1182 2000
1183 1000
1184 2000
1185 2000
1186 1000
1187 2000
1188 1000
1189 2000
1190 2000
1191 2000
1192 1500
1193 2000
1194 2000
1195 2000
1196 2000
1197 1000
1198 1000
1199 2000

0 1 41 5
0 2 11 10
0 3 5 5
0 4 1 7
0 5 5 4
0 10 27 6
0 25 7 10
0 45 22 9
0 65 18 7
0 70 48 9
0 97 34 2
0 111 6 3
0 112 3 1
0 130 29 3
0 160 38 10
0 195 31 9
0 257 22 9
0 286 21 9
0 296 24 5
0 297 25 7
0 320 21 8
0 325 42 9
0 335 26 6
0 365 42 1
0 366 20 4
0 402 25 4
0 433 12 9
0 450 25 8
0 454 12 10
0 480 2 10
0 491 14 6
0 510 29 9
0 533 23 1
0 555 13 8
0 566 1 9
0 567 1 10
0 600 17 6
0 645 27 8
0 656 39 1
0 685 45 9
0 687 37 1
0 713 11 5
0 735 29 1
0 751 39 9
0 762 28 3
0 786 30 4
0 840 22 2
0 851 8 9
0 853 50 9
0 883 34 2
0 901 49 2
0 902 8 10
0 926 7 5
0 943 9 4
0 975 3 4
0 1005 23 9
0 1052 2 2
0 1070 37 3
0 1075 28 3
0 1102 16 1
0 1158 26 6
1 6 18 5
1 7 12 4
1 8 49 6
1 9 11 3
1 26 30 5
1 46 2 1
1 65 47 9
1 71 39 3
1 97 7 8
1 130 6 6
1 161 2 6
1 190 42 5
1 217 13 4
1 220 8 6
1 257 37 1
1 285 44 8
1 320 45 8
1 330 32 6
1 335 7 10
1 355 10 5
1 380 32 1
1 383 5 7
1 404 35 7
1 431 49 4
1 475 12 9
1 493 50 9
1 510 14 3
1 532 30 9
1 606 36 3
1 607 47 8
1 626 30 5
1 628 38 6
1 712 10 4
1 736 29 3
1 750 4 5
1 761 26 1
1 787 7 8
1 801 18 2
1 818 39 8
1 926 24 10
1 945 43 7
1 974 5 7
1 1015 48 6
1 1020 5 8
1 1050 4 10
1 1105 47 9
1 1131 33 8
1 1132 4 4
1 1161 5 2
2 184 17 9
3 848 16 5
3 1116 13 2
4 267 13 10
4 742 26 2
5 959 33 5
6 293 30 10
6 502 20 5
6 1146 37 8
10 11 17 3
10 12 33 7
10 13 35 1
10 14 1 9
10 72 1 10
10 96 24 5
10 198 25 8
10 222 1 7
10 285 35 4
10 296 49 9
10 320 36 5
10 325 29 10
10 330 21 3
10 355 5 9
10 365 34 2
10 367 16 5
10 381 26 10
10 401 30 6
10 450 26 6
10 475 10 3
10 510 41 5
10 562 6 8
10 600 44 10
10 605 20 9
10 628 49 9
10 735 1 7
10 787 45 8
10 882 36 10
10 903 2 1
10 1021 39 10
10 1051 30 10
10 1072 16 10
10 1074 34 7
10 1131 40 4
10 1160 5 2
11 12 47 5
11 15 41 1
11 16 24 5
11 17 13 8
11 18 39 3
11 19 13 6
11 27 24 1
11 47 9 3
11 65 27 7
11 96 21 4
11 111 10 10
11 113 8 3
11 133 19 6
11 164 23 3
11 197 7 10
11 219 41 2
11 255 2 7
11 296 32 10
11 336 50 7
11 381 46 3
11 454 29 6
11 480 45 3
11 490 25 3
11 530 38 10
11 555 12 4
11 560 14 7
11 606 19 10
11 626 31 6
11 645 17 2
11 655 42 6
11 711 14 1
11 713 38 9
11 735 25 1
11 751 26 8
11 760 35 6
11 802 33 6
11 816 4 7
11 840 2 7
11 841 2 8
11 853 29 5
11 926 49 2
11 927 28 6
11 941 1 8
11 943 26 6
11 971 15 1
11 1019 1 1
11 1053 3 8
11 1104 38 1
11 1131 11 10
12 20 4 1
12 21 33 2
12 22 26 10
12 23 27 2
12 24 17 4
12 28 31 10
12 47 32 1
12 65 8 1
12 72 13 5
12 132 35 4
12 163 42 10
12 190 19 2
12 260 42 2
12 286 31 10
12 320 31 10
12 325 17 1
12 330 50 6
12 338 20 6
12 355 45 7
12 401 27 7
12 431 4 9
12 432 23 8
12 475 17 2
12 480 10 9
12 492 5 4
12 510 46 7
12 534 14 7
12 555 41 9
12 600 2 10
12 651 6 9
12 685 9 6
12 688 40 6
12 750 32 4
12 760 39 5
12 787 14 4
12 802 13 4
12 815 15 10
12 851 3 9
12 880 18 10
12 970 21 4
12 1005 23 2
12 1006 13 7
12 1100 6 5
12 1156 48 2
13 804 24 9
14 518 21 4
14 675 50 5
14 774 10 2
17 183 40 7
17 739 21 5
18 392 10 1
19 507 48 7
19 637 20 10
20 270 49 8
21 575 23 8
22 791 18 4
23 319 5 2
24 124 43 10
24 393 6 2
25 26 35 3
25 27 20 9
25 28 31 4
25 29 30 7
25 30 39 9
25 31 45 9
25 32 4 8
25 33 35 8
25 112 19 5
25 164 15 10
25 190 29 3
25 195 8 2
25 216 50 4
25 257 16 4
25 286 49 8
25 403 12 1
25 431 4 6
25 433 15 7
25 492 30 4
25 513 38 5
25 532 27 10
25 645 49 9
25 687 44 3
25 689 20 3
25 802 19 3
25 819 50 3
25 855 6 9
25 942 16 3
25 944 12 8
25 1006 10 5
25 1157 12 3
26 27 17 8
26 28 13 10
26 34 37 8
26 35 36 8
26 36 12 8
26 37 47 10
26 96 27 6
26 97 24 8
26 135 15 7
26 257 50 8
26 286 20 3
26 296 13 6
26 320 20 1
26 330 4 4
26 338 14 10
26 355 28 4
26 365 7 4
26 380 12 10
26 475 23 8
26 481 24 6
26 512 49 9
26 555 46 8
26 564 1 8
26 600 31 5
26 607 26 1
26 712 48 6
26 737 36 6
26 750 50 6
26 763 28 5
26 787 46 4
26 840 15 4
26 841 35 8
26 900 5 6
26 903 23 1
26 972 25 2
26 1005 1 9
26 1017 20 5
27 28 26 8
27 38 5 6
27 39 2 6
27 40 44 5
27 41 3 3
27 45 31 1
27 65 9 7
27 71 48 10
27 134 10 3
27 197 29 5
27 221 15 3
27 298 27 3
27 325 38 10
27 355 27 10
27 402 7 4
27 451 41 9
27 453 9 9
27 481 10 9
27 533 1 8
27 555 4 1
27 566 42 9
27 626 46 5
27 645 1 6
27 654 43 7
27 713 42 8
27 737 35 5
27 761 17 2
27 785 20 5
27 800 36 6
27 851 6 6
27 925 14 7
27 927 34 8
27 971 26 8
27 1053 18 6
27 1074 30 2
27 1075 46 6
27 1101 11 4
27 1104 14 1
27 1131 25 1
28 42 40 4
28 43 41 4
28 44 39 8
28 45 8 7
28 70 1 5
28 163 29 3
28 190 34 1
28 320 11 8
28 325 31 10
28 330 20 3
28 365 15 9
28 382 16 10
28 475 43 2
28 490 34 2
28 607 10 1
28 625 35 2
28 650 41 9
28 750 23 5
28 818 20 2
28 880 9 1
28 883 26 8
28 1017 18 5
28 1051 6 9
28 1133 19 10
28 1163 16 2
29 604 18 10
34 460 21 10
34 1010 43 5
35 550 40 8
36 279 46 6
36 948 41 7
37 670 26 9
38 341 29 8
38 1174 40 5
39 667 23 7
40 447 42 5
40 951 8 1
40 1045 1 4
42 129 12 1
42 241 40 5
42 824 23 10
43 177 17 4
44 578 29 6
45 46 31 5
45 47 40 4
45 48 33 5
45 49 23 3
45 50 1 1
45 51 38 1
45 52 46 7
45 53 47 6
45 54 46 8
45 65 19 6
45 190 17 10
45 330 28 1
45 336 50 8
45 382 1 3
45 400 43 7
45 404 22 10
45 431 25 5
45 563 27 7
45 654 13 3
45 713 32 5
45 736 11 4
45 763 39 8
45 785 47 2
45 801 21 2
45 851 24 3
45 880 32 10
45 944 34 6
45 1053 45 7
45 1134 2 2
46 47 7 6
46 48 28 5
46 55 24 9
46 56 19 5
46 57 35 2
46 71 17 2
46 111 49 10
46 113 1 5
46 133 44 3
46 221 43 10
46 256 44 2
46 297 42 4
46 320 26 5
46 451 36 3
46 453 50 8
46 480 10 9
46 481 28 1
46 490 24 4
46 492 29 9
46 555 41 2
46 600 11 2
46 606 36 5
46 645 37 2
46 655 49 6
46 762 35 7
46 815 27 9
46 818 39 7
46 840 36 3
46 841 47 4
46 853 4 8
46 882 19 2
46 1005 4 9
46 1017 44 2
46 1070 6 3
46 1103 29 2
47 48 4 5
47 58 11 6
47 131 11 8
47 196 47 5
47 198 50 2
47 220 30 9
47 258 47 9
47 325 24 9
47 337 43 10
47 355 12 2
47 367 45 3
47 380 17 4
47 475 29 7
47 510 1 2
47 511 7 2
47 533 10 5
47 555 25 2
47 600 21 10
47 605 14 10
47 627 22 1
47 711 3 2
47 751 28 9
47 787 11 8
47 903 35 6
47 927 36 10
47 943 18 3
47 976 8 3
47 1016 39 7
47 1071 16 7
47 1104 37 9
47 1156 16 10
48 59 6 1
48 60 12 3
48 61 35 2
48 62 9 5
48 63 46 3
48 64 37 9
48 65 31 1
48 70 17 5
48 95 41 3
48 162 46 4
48 190 26 8
48 285 49 9
48 286 10 9
48 297 9 2
48 320 30 2
48 325 24 5
48 355 30 10
48 365 39 9
48 432 50 2
48 475 41 4
48 532 2 3
48 560 23 8
48 626 29 5
48 687 39 7
48 737 50 3
48 751 26 5
48 801 35 7
48 900 42 2
48 927 28 5
48 975 12 1
48 1050 18 8
48 1134 9 10
48 1163 48 8
49 398 41 9
49 771 36 8
50 1032 16 7
51 514 6 8
51 986 41 10
52 552 17 3
53 664 43 1
53 1094 3 4
55 115 23 2
55 744 26 4
58 301 20 8
58 642 18 7
58 1058 23 2
59 98 30 1
60 108 16 7
60 747 20 2
61 77 40 9
61 799 12 2
61 1169 26 9
62 176 9 7
62 202 5 4
62 551 13 5
64 836 12 7
65 66 28 6
65 67 44 3
65 68 36 10
65 69 33 1
65 73 33 8
65 74 10 8
65 95 27 7
65 97 23 8
65 112 47 7
65 132 2 1
65 135 1 5
65 160 35 5
65 164 11 8
65 190 50 7
65 195 1 3
65 216 42 2
65 217 23 3
65 257 15 3
65 260 18 10
65 286 8 9
65 297 29 3
65 298 30 8
65 320 19 4
65 325 9 5
65 330 40 1
65 335 35 10
65 355 19 3
65 356 7 2
65 365 8 6
65 382 9 5
65 400 21 3
65 401 49 1
65 431 23 8
65 433 9 8
65 452 40 2
65 453 3 2
65 475 12 2
65 480 35 4
65 491 21 9
65 492 10 9
65 510 18 5
65 511 1 4
65 531 34 3
65 532 38 4
65 555 11 1
65 561 28 2
65 565 17 10
65 600 23 7
65 605 47 8
65 607 33 3
65 627 18 6
65 645 48 2
65 650 47 3
65 655 28 10
65 685 20 8
65 688 30 10
65 711 24 3
65 713 17 8
65 736 20 4
65 737 42 2
65 750 29 8
65 762 19 3
65 763 20 6
65 785 1 2
65 801 11 9
65 802 36 3
65 815 50 8
65 819 5 10
65 840 32 2
65 841 12 3
65 850 10 2
65 851 19 7
65 880 47 2
65 882 50 9
65 902 33 9
65 925 43 10
65 927 1 1
65 941 5 7
65 945 44 8
65 971 45 8
65 974 29 5
65 1005 4 8
65 1015 46 7
65 1021 6 6
65 1053 6 9
65 1071 30 2
65 1075 40 6
65 1102 11 5
65 1104 11 3
65 1132 33 10
65 1133 18 5
65 1155 13 7
65 1163 4 8
67 806 19 6
70 71 19 10
70 72 29 7
70 73 20 1
70 74 34 10
70 75 16 9
70 76 37 1
70 77 29 8
70 78 25 8
70 132 3 9
70 163 45 8
70 220 10 2
70 380 43 4
70 454 38 9
70 475 9 1
70 491 3 2
70 511 49 5
70 531 38 3
70 555 32 6
70 736 30 4
70 815 5 5
70 817 48 4
70 840 12 9
70 854 33 5
70 925 8 9
70 1020 6 10
70 1050 11 10
71 72 38 5
71 73 23 9
71 74 29 7
71 79 21 7
71 80 10 9
71 81 37 1
71 82 38 10
71 83 40 3
71 84 33 4
71 85 11 7
71 86 35 8
71 320 27 10
71 330 1 5
71 356 17 10
71 380 5 4
71 402 35 5
71 452 44 3
71 481 31 1
71 605 19 6
71 625 17 3
71 685 10 10
71 687 48 3
71 750 37 8
71 764 19 2
71 882 1 9
71 901 48 10
71 970 2 8
71 1006 17 6
71 1051 49 3
71 1074 31 2
71 1131 38 2
72 73 12 3
72 74 29 9
72 87 47 7
72 132 25 7
72 195 21 6
72 216 43 8
72 295 50 5
72 325 22 2
72 336 9 1
72 356 36 8
72 431 21 8
72 475 3 10
72 713 26 10
72 736 47 4
72 751 42 4
72 786 19 3
72 840 37 6
72 926 16 4
72 940 14 7
72 944 8 3
72 1006 46 5
72 1163 44 8
73 74 43 8
73 88 11 5
73 89 30 1
73 90 10 6
73 91 1 4
73 92 36 10
73 95 15 6
73 164 31 5
73 197 48 5
73 257 16 8
73 285 16 6
73 297 1 9
73 320 13 9
73 325 41 3
73 330 47 4
73 336 25 6
73 431 50 8
73 481 34 1
73 533 46 7
73 714 8 2
73 762 12 10
73 785 39 6
73 851 13 5
73 1071 21 4
73 1101 13 3
73 1130 34 7
74 93 20 3
74 94 18 10
74 96 46 8
74 111 40 3
74 112 23 2
74 190 32 1
74 255 20 4
74 285 39 5
74 366 48 9
74 367 15 4
74 404 36 7
74 490 38 4
74 511 47 2
74 555 32 8
74 565 8 10
74 567 44 1
74 600 6 6
74 606 30 9
74 625 17 4
74 645 39 2
74 653 33 1
74 655 17 7
74 801 31 10
74 802 23 4
74 904 49 1
74 973 26 7
74 1020 16 7
74 1103 16 2
74 1161 44 10
76 589 49 2
77 137 3 6
77 172 31 5
78 622 10 4
78 1077 2 7
79 140 4 9
79 592 48 2
80 508 33 10
82 739 19 4
83 574 21 10
84 127 48 9
84 281 5 7
86 209 6 6
86 1001 11 4
88 885 6 5
90 467 33 3
90 642 48 2
91 535 7 3
93 268 36 4
93 1059 6 4
94 738 23 1
95 96 9 3
95 97 8 5
95 98 38 7
95 99 18 7
95 100 35 8
95 101 33 10
95 111 4 3
95 112 45 5
95 161 6 1
95 219 7 6
95 256 35 7
95 285 26 9
95 330 39 7
95 335 46 5
95 355 25 3
95 366 44 7
95 367 32 10
95 380 13 3
95 381 1 8
95 430 27 7
95 432 19 2
95 491 6 7
95 510 37 5
95 533 33 1
95 561 26 4
95 600 4 3
95 605 40 6
95 607 15 9
95 625 26 2
95 628 13 9
95 653 40 8
95 763 10 4
95 786 36 8
95 787 4 7
95 881 10 1
95 883 27 1
95 903 40 1
95 926 30 10
95 927 22 5
95 940 46 2
95 974 31 8
95 1006 24 1
95 1050 8 7
95 1104 3 3
95 1133 2 8
95 1134 23 1
95 1157 34 10
95 1158 31 9
96 97 33 7
96 102 39 6
96 103 10 9
96 104 30 4
96 105 11 3
96 106 25 8
96 134 27 5
96 135 2 1
96 161 39 6
96 190 14 4
96 195 2 6
96 220 30 1
96 260 8 5
96 297 36 10
96 320 22 10
96 325 27 5
96 335 19 1
96 356 46 10
96 402 18 3
96 453 43 4
96 475 3 6
96 481 40 3
96 493 26 6
96 510 1 8
96 533 4 5
96 645 5 4
96 655 27 3
96 685 37 7
96 710 37 2
96 737 47 7
96 751 28 9
96 841 3 1
96 850 49 7
96 940 7 3
96 1006 30 1
96 1017 13 4
96 1073 35 7
96 1104 31 6
97 107 23 5
97 108 15 7
97 109 5 6
97 195 11 7
97 285 44 3
97 297 21 6
97 320 43 1
97 403 6 1
97 453 18 8
97 475 28 6
97 481 1 1
97 555 37 7
97 563 36 4
97 600 2 10
97 689 42 8
97 761 18 5
97 800 44 4
97 802 14 4
97 816 48 6
97 817 39 6
97 840 10 3
97 903 2 4
97 971 23 7
97 1016 44 7
97 1051 45 4
97 1070 2 2
98 1025 42 6
99 204 23 10
99 748 7 4
100 278 34 7
101 206 19 9
102 771 34 3
102 1096 10 5
104 826 38 2
106 989 42 6
108 811 15 3
109 878 1 5
110 111 50 8
110 112 25 3
110 113 25 2
110 114 20 7
110 115 28 7
110 116 37 9
110 117 46 7
110 118 37 4
110 134 12 1
110 165 21 4
110 190 5 1
110 256 41 3
110 297 39 8
110 330 20 9
110 336 27 2
110 366 48 8
110 380 3 8
110 404 29 3
110 430 12 2
110 453 24 2
110 475 16 10
110 480 25 8
110 481 2 3
110 606 40 9
110 627 23 8
110 645 7 6
110 655 21 7
110 656 27 3
110 689 34 7
110 735 17 10
110 750 22 1
110 787 29 4
110 817 19 6
110 855 2 5
110 903 35 5
110 925 30 6
110 972 38 8
110 1005 45 7
110 1017 36 3
110 1134 13 3
111 112 39 5
111 113 47 3
111 119 33 8
111 120 21 3
111 121 19 1
111 122 37 4
111 134 33 1
111 195 46 6
111 320 29 4
111 337 45 7
111 365 44 6
111 383 24 2
111 531 3 10
111 534 31 8
111 555 7 6
111 565 48 1
111 566 8 1
111 600 30 6
111 605 39 8
111 714 47 2
111 751 49 7
111 943 6 2
111 976 8 9
111 1005 6 8
111 1016 16 8
111 1075 32 7
111 1158 45 2
112 113 32 7
112 123 13 7
112 124 2 5
112 125 22 9
112 126 11 2
112 190 34 6
112 221 3 9
112 257 46 8
112 286 5 6
112 325 27 4
112 330 4 2
112 356 17 4
112 433 14 1
112 454 5 7
112 493 15 10
112 512 18 8
112 555 29 9
112 645 45 2
112 686 13 10
112 764 16 4
112 786 39 7
112 840 5 5
112 882 19 4
112 925 31 2
112 943 29 1
112 1053 41 6
112 1074 22 8
112 1102 25 6
112 1103 26 7
112 1132 35 10
112 1159 18 1
113 127 1 6
113 128 40 2
113 129 29 3
113 165 49 5
113 195 38 8
113 217 50 4
113 295 18 10
113 320 29 5
113 355 49 1
113 403 27 2
113 475 35 6
113 492 33 6
113 513 35 3
113 600 37 10
113 626 26 9
113 711 47 8
113 735 27 7
113 762 39 9
113 801 48 7
113 802 48 3
113 819 26 10
113 840 50 6
113 854 39 7
113 880 33 8
113 901 1 9
113 1052 6 8
114 994 30 3
118 442 49 6
121 472 7 10
122 388 33 2
125 1193 36 10
126 589 38 2
130 131 2 7
130 132 16 2
130 133 29 9
130 134 32 1
130 135 17 3
130 136 44 1
130 137 27 8
130 138 3 10
130 163 12 1
130 165 7 4
130 296 23 1
130 337 46 2
130 430 2 6
130 475 8 1
130 555 19 2
130 560 11 4
130 654 16 1
130 686 39 7
130 735 43 1
130 854 37 7
130 881 24 2
130 925 17 9
130 1020 32 9
130 1051 41 7
130 1163 24 9
131 132 42 6
131 133 43 10
131 134 38 6
131 135 22 3
131 139 6 9
131 140 10 2
131 141 16 8
131 142 8 2
131 143 36 9
131 215 19 9
131 325 26 6
131 330 19 10
131 355 32 1
131 431 11 6
131 481 41 9
131 491 32 8
131 600 44 10
131 607 28 8
131 750 36 4
131 763 3 5
131 819 39 8
131 853 42 4
131 902 21 3
131 1006 35 7
131 1070 18 2
131 1105 10 9
131 1131 46 10
131 1159 35 4
132 133 44 10
132 134 50 2
132 135 41 6
132 144 45 8
132 145 40 1
132 146 50 4
132 147 42 8
132 148 34 3
132 190 37 10
132 195 9 8
132 197 33 7
132 286 15 8
132 299 22 2
132 320 31 9
132 325 45 5
132 355 45 8
132 365 12 3
132 454 41 3
132 491 48 3
132 565 36 8
132 606 30 3
132 627 10 4
132 645 27 1
132 688 18 4
132 751 2 10
132 1017 38 10
132 1071 1 4
133 134 38 7
133 135 49 10
133 149 27 10
133 150 25 2
133 151 6 3
133 330 6 4
133 338 39 2
133 366 18 7
133 480 28 4
133 600 28 3
133 710 19 2
133 736 19 7
133 763 8 2
133 787 6 2
133 840 9 6
133 1104 46 5
134 135 26 2
134 152 24 3
134 153 38 1
134 190 50 6
134 215 29 10
134 260 8 8
134 320 13 6
134 381 11 10
134 512 15 7
134 645 49 4
134 786 25 1
134 802 30 1
134 818 36 5
134 881 45 3
134 927 27 1
134 941 26 3
134 970 37 9
134 976 16 8
134 1005 37 8
134 1053 33 9
135 154 8 2
135 155 32 5
135 156 11 3
135 157 27 9
135 158 43 6
135 159 38 8
135 259 18 1
135 285 16 4
135 381 47 3
135 401 36 5
135 404 22 2
135 451 12 3
135 513 45 10
135 532 12 7
135 534 28 2
135 555 29 10
135 627 8 4
135 650 39 5
135 801 40 7
135 840 50 2
135 902 45 5
135 944 23 10
135 1134 17 8
136 549 40 8
136 576 37 6
141 1173 17 3
145 148 2 8
145 1126 9 5
148 425 45 9
150 202 7 5
150 308 1 8
150 1096 30 9
151 177 10 6
151 578 10 1
152 931 15 3
153 387 23 8
153 527 39 9
153 541 14 8
153 937 23 9
154 675 24 4
154 1189 18 1
155 351 34 7
155 466 37 6
155 834 39 10
156 270 27 1
158 312 39 8
158 668 42 10
158 982 23 6
160 161 21 3
160 162 31 2
160 163 2 6
160 164 38 5
160 165 43 4
160 166 49 10
160 167 1 6
160 168 4 9
160 190 28 3
160 260 47 5
160 286 23 2
160 320 15 7
160 405 45 10
160 475 12 8
160 481 16 1
160 555 22 8
160 560 22 7
160 605 20 8
160 645 16 5
160 736 32 5
160 1006 44 8
160 1052 22 8
160 1072 4 10
161 162 44 4
161 163 29 10
161 164 12 3
161 165 6 9
161 169 36 6
161 170 32 3
161 198 14 6
161 259 12 1
161 325 37 10
161 335 28 9
161 380 9 4
161 382 20 8
161 404 35 5
161 475 20 9
161 565 22 4
161 656 20 1
161 687 25 2
161 785 10 8
161 841 24 1
161 1050 41 1
161 1161 18 10
162 163 22 3
162 164 13 6
162 165 36 5
162 171 16 9
162 172 5 4
162 173 20 2
162 174 26 3
162 175 32 2
162 190 16 9
162 325 30 6
162 330 45 5
162 336 31 9
162 430 43 2
162 480 10 4
162 600 27 3
162 626 3 1
162 645 24 5
162 760 34 5
162 904 4 1
162 926 40 3
162 943 44 4
162 975 15 2
162 1131 12 3
162 1160 10 2
163 164 29 5
163 165 48 10
163 176 14 8
163 177 49 2
163 221 29 3
163 286 33 1
163 295 45 4
163 366 11 2
163 430 34 8
163 452 6 1
163 600 20 8
163 737 23 6
163 800 35 8
163 881 35 9
163 1073 6 7
163 1100 48 2
163 1133 37 8
164 165 7 10
164 178 31 7
164 179 1 2
164 180 7 9
164 181 26 5
164 182 6 8
164 198 29 7
164 218 7 8
164 298 1 2
164 320 50 9
164 355 24 7
164 356 13 3
164 530 24 7
164 533 49 7
164 627 33 9
164 651 24 10
164 711 43 5
164 714 25 4
164 751 50 8
164 801 19 1
164 840 16 10
164 882 19 1
164 903 39 3
164 927 8 4
164 944 26 5
164 1005 26 8
164 1018 44 5
164 1104 27 4
165 183 12 1
165 184 41 9
165 185 40 4
165 186 49 3
165 187 38 1
165 188 45 10
165 189 15 4
165 330 14 8
165 366 19 3
165 451 42 2
165 490 28 4
165 511 18 10
165 513 20 2
165 555 3 4
165 605 27 2
165 688 10 6
165 751 45 8
165 762 43 3
165 785 43 5
165 816 24 6
165 819 38 7
165 851 33 7
165 854 42 5
165 975 22 3
167 674 29 6
169 249 33 7
171 637 12 1
173 267 43 2
174 897 24 4
177 594 36 3
177 699 7 8
178 251 36 10
178 630 37 3
179 547 6 10
180 393 44 8
180 1034 28 7
183 244 27 3
183 353 10 4
183 629 2 10
184 1193 38 5
185 752 45 8
186 1129 4 5
188 1004 4 10
190 191 6 3
190 192 35 1
190 193 11 3
190 194 14 1
190 197 17 2
190 198 19 10
190 218 27 6
190 221 43 8
190 257 3 4
190 258 50 4
190 286 26 10
190 299 6 8
190 320 9 10
190 325 15 3
190 330 7 6
190 335 17 7
190 336 19 5
190 355 20 2
190 367 4 3
190 380 46 1
190 382 43 10
190 403 2 4
190 405 47 7
190 431 22 8
190 433 6 8
190 450 30 3
190 452 36 5
190 475 20 9
190 480 16 7
190 481 2 5
190 492 21 7
190 513 6 7
190 532 28 10
190 555 22 7
190 563 27 1
190 565 27 10
190 600 45 6
190 606 26 7
190 608 31 1
190 626 38 7
190 627 4 7
190 645 47 4
190 654 28 10
190 655 3 8
190 688 37 7
190 689 11 6
190 711 37 6
190 712 23 10
190 736 4 5
190 737 28 8
190 750 31 8
190 751 37 6
190 761 1 10
190 763 6 6
190 785 43 5
190 787 49 7
190 800 9 3
190 817 46 2
190 818 29 8
190 840 16 5
190 841 41 5
190 852 12 2
190 853 15 5
190 883 31 3
190 900 48 2
190 902 14 3
190 927 45 1
190 941 48 1
190 942 25 1
190 974 26 6
190 975 35 4
190 1005 36 5
190 1015 45 5
190 1016 7 1
190 1051 38 3
190 1053 21 5
190 1070 6 3
190 1072 47 1
190 1103 26 9
190 1104 11 4
190 1132 40 7
190 1134 22 5
190 1161 6 4
190 1163 12 9
192 1148 15 5
193 347 29 7
194 635 43 6
195 196 21 5
195 197 49 5
195 198 6 9
195 199 15 4
195 200 3 9
195 201 6 7
195 202 25 1
195 216 44 1
195 257 2 10
195 297 3 3
195 298 15 7
195 325 18 2
195 330 44 7
195 336 22 4
195 356 17 4
195 365 21 1
195 450 29 7
195 600 19 10
195 605 40 1
195 926 11 9
195 1006 36 8
195 1020 40 2
195 1130 47 9
196 197 25 4
196 198 37 6
196 203 22 8
196 286 10 7
196 320 31 1
196 381 43 4
196 383 49 9
196 403 24 1
196 450 2 9
196 475 44 9
196 481 10 1
196 555 41 9
196 645 31 4
196 711 9 7
196 714 15 8
196 762 45 1
196 786 7 9
196 840 43 6
196 841 9 1
196 880 24 6
196 883 24 5
196 926 1 7
196 940 31 4
196 1006 31 10
196 1050 36 7
196 1103 35 7
197 198 29 3
197 204 37 3
197 205 49 6
197 206 48 9
197 207 20 6
197 208 3 6
197 325 11 7
197 330 21 10
197 356 38 8
197 404 37 4
197 431 47 6
197 433 42 8
197 490 33 9
197 492 35 3
197 510 2 6
197 512 32 4
197 533 19 10
197 555 28 2
197 561 19 7
197 653 4 2
197 654 44 10
197 735 40 8
197 737 50 4
197 750 41 9
197 751 8 1
197 801 9 9
197 818 2 4
197 852 18 8
197 904 35 2
197 975 31 1
197 1018 2 4
197 1070 9 9
197 1071 49 3
197 1130 25 2
197 1157 47 9
198 209 40 7
198 210 50 4
198 211 17 8
198 212 33 10
198 213 2 2
198 214 47 4
198 217 36 1
198 257 8 4
198 285 16 1
198 320 16 5
198 366 17 4
198 475 4 8
198 481 48 1
198 533 48 3
198 565 11 9
198 600 33 5
198 626 6 3
198 628 2 10
198 645 26 7
198 686 2 3
198 689 36 8
198 762 30 2
198 785 7 4
198 800 15 6
198 818 21 10
198 940 5 1
198 973 41 2
198 1050 24 5
198 1104 21 9
198 1157 26 3
201 559 46 7
203 871 49 10
203 1079 1 2
205 234 17 8
205 384 31 4
205 1047 46 5
208 472 41 1
211 1045 2 7
212 470 20 4
213 662 40 2
213 804 33 7
214 268 45 7
214 661 25 4
214 796 9 8
215 216 29 4
215 217 6 4
215 218 37 5
215 219 29 8
215 220 23 8
215 221 22 2
215 222 7 1
215 223 16 5
215 224 27 5
215 225 37 9
215 226 30 9
215 227 8 5
215 320 6 5
215 480 37 6
215 555 27 9
215 565 36 2
215 655 48 1
215 736 40 9
215 751 20 6
215 764 19 1
215 787 46 1
215 850 7 9
215 1005 21 7
215 1132 22 3
216 217 4 2
216 218 43 3
216 219 38 5
216 220 12 7
216 221 19 9
216 222 6 1
216 228 47 1
216 229 15 8
216 230 2 4
216 231 9 4
216 325 36 7
216 405 16 5
216 493 31 1
216 566 50 9
216 605 2 3
216 625 41 2
216 714 22 1
216 841 12 2
216 851 13 9
216 903 19 8
216 972 46 6
216 1050 17 9
217 218 15 1
217 219 28 3
217 220 7 7
217 221 31 3
217 222 2 5
217 232 10 7
217 233 2 9
217 234 7 7
217 235 15 8
217 236 22 2
217 237 2 4
217 238 50 2
217 296 13 8
217 330 15 1
217 381 36 4
217 401 37 1
217 491 21 3
217 530 12 2
217 763 1 10
217 816 40 2
217 925 18 10
217 942 6 4
218 219 26 7
218 220 30 3
218 221 44 3
218 222 9 3
218 239 37 7
218 240 31 7
218 241 24 5
218 242 11 5
218 243 5 7
218 260 36 5
218 285 49 6
218 475 31 6
218 555 49 5
218 600 19 2
218 687 31 2
218 801 11 5
218 802 28 4
218 1073 18 2
218 1075 9 2
218 1100 4 4
218 1157 17 6
219 220 45 5
219 221 11 3
219 222 32 10
219 244 23 10
219 245 4 7
219 330 22 4
219 337 31 3
219 382 22 8
219 454 26 1
219 510 18 4
219 512 15 2
219 605 20 5
219 650 16 8
219 687 34 3
219 815 34 7
219 1020 30 8
219 1051 50 10
220 221 33 8
220 222 32 9
220 246 10 9
220 247 34 7
220 248 30 9
220 255 41 4
220 299 11 3
220 320 17 8
220 336 16 8
220 366 48 9
220 475 37 2
220 880 26 5
220 1156 49 5
221 222 8 4
221 249 45 7
221 250 6 7
221 251 41 1
221 432 2 8
221 534 5 4
221 600 8 7
221 628 5 4
221 645 15 10
221 710 49 5
221 736 20 7
221 881 27 9
221 927 45 1
221 1006 23 2
221 1017 4 2
221 1105 43 9
221 1133 13 7
222 252 43 6
222 253 40 10
222 254 6 4
222 356 34 2
222 366 48 6
222 433 37 5
222 454 46 5
222 645 48 10
222 750 18 10
222 785 37 6
222 900 21 9
222 941 44 2
222 972 6 9
224 345 17 10
225 559 1 5
225 615 17 8
226 508 32 9
227 250 9 6
230 253 41 1
234 776 8 8
236 473 9 6
238 1047 43 7
239 732 33 8
239 767 40 9
242 890 43 6
243 572 40 10
247 877 7 5
248 327 7 3
248 1096 47 5
249 704 43 2
250 703 8 7
251 414 38 10
251 448 18 4
255 256 23 4
255 257 36 8
255 258 9 2
255 259 2 1
255 260 49 2
255 261 36 7
255 262 11 1
255 263 11 8
255 264 49 4
255 265 15 1
255 266 40 7
255 285 10 6
255 335 7 6
255 367 33 10
255 430 32 7
255 475 3 2
255 561 40 5
255 625 9 9
255 656 45 2
255 712 18 5
255 800 33 3
255 840 9 3
255 841 19 5
255 1005 23 9
255 1006 43 10
255 1074 32 1
255 1130 48 4
256 257 1 2
256 258 41 3
256 259 26 9
256 260 24 5
256 267 14 9
256 268 41 3
256 269 14 5
256 286 20 9
256 320 37 7
256 325 43 2
256 355 32 5
256 356 43 1
256 480 5 7
256 511 46 8
256 600 27 1
256 608 29 1
256 689 15 4
256 850 26 10
256 901 6 7
256 1018 39 1
257 258 31 4
257 259 48 4
257 260 20 10
257 270 25 8
257 271 40 4
257 272 41 2
257 273 17 6
257 297 2 7
257 299 22 9
257 338 10 1
257 381 13 6
257 382 6 3
257 480 19 7
257 493 10 9
257 531 24 5
257 645 21 10
257 711 22 4
257 750 23 3
257 760 49 1
257 815 47 8
257 882 7 1
257 970 38 8
257 1050 47 10
257 1105 35 5
258 259 23 7
258 260 49 4
258 274 37 7
258 275 31 2
258 276 3 1
258 403 31 6
258 433 19 6
258 475 42 2
258 534 28 10
258 645 4 5
258 737 43 4
258 802 3 2
258 853 45 3
258 926 48 1
258 940 23 7
258 1130 31 4
259 260 29 3
259 277 20 1
259 278 49 5
259 320 35 10
259 330 18 4
259 452 6 7
259 513 13 1
259 555 4 1
259 607 4 3
259 651 26 5
259 787 11 3
259 815 45 9
259 882 32 1
259 900 6 4
259 926 6 7
259 972 43 7
259 1015 33 2
259 1102 29 5
259 1161 34 1
260 279 41 4
260 280 9 1
260 281 23 3
260 282 16 3
260 283 40 9
260 284 33 2
260 325 20 3
260 330 34 2
260 367 30 10
260 401 14 4
260 453 14 6
260 492 35 9
260 555 23 3
260 566 47 5
260 626 48 9
260 688 7 9
260 736 12 6
260 750 36 3
260 762 35 8
260 785 2 1
260 944 3 7
260 1051 18 6
260 1072 17 9
260 1161 28 9
261 848 32 4
261 862 1 7
262 749 49 7
262 948 26 8
264 443 19 5
266 346 43 5
266 739 9 8
267 527 19 9
268 843 1 10
269 581 34 5
270 276 12 7
274 291 14 4
278 484 35 9
278 752 36 1
280 918 37 7
282 505 45 7
282 580 35 2
284 467 4 6
285 286 25 8
285 287 35 7
285 288 44 9
285 289 34 7
285 290 37 7
285 291 22 5
285 292 18 1
285 295 32 10
285 320 7 5
285 330 9 4
285 336 28 2
285 337 19 8
285 356 29 1
285 367 49 6
285 383 23 6
285 405 14 1
285 433 2 7
285 453 45 10
285 475 22 10
285 481 45 9
285 490 48 5
285 493 1 5
285 511 37 1
285 555 46 5
285 565 21 4
285 600 23 7
285 625 26 8
285 628 45 9
285 654 17 8
285 686 23 8
285 688 40 1
285 736 23 5
285 750 23 10
285 760 23 3
285 764 34 8
285 786 16 6
285 787 28 10
285 802 31 7
285 819 16 10
285 841 17 1
285 851 3 2
285 854 45 9
285 903 18 9
285 927 21 1
285 943 17 7
285 944 29 10
285 1005 4 10
285 1006 44 6
285 1016 43 8
285 1070 22 5
285 1075 38 8
285 1132 32 7
285 1134 4 3
286 293 25 3
286 294 11 10
286 298 15 10
286 320 4 6
286 325 22 10
286 330 36 1
286 355 29 2
286 365 39 6
286 405 30 5
286 430 1 2
286 450 9 8
286 475 14 2
286 480 33 7
286 510 44 3
286 531 23 9
286 560 46 7
286 607 49 9
286 645 24 4
286 651 5 1
286 710 48 6
286 736 42 8
286 750 7 8
286 800 32 6
286 816 12 9
286 841 42 4
286 881 36 10
286 883 21 2
286 902 42 8
286 972 27 5
286 1015 24 7
286 1050 3 4
286 1052 29 8
286 1101 6 10
286 1104 31 9
286 1155 2 7
286 1160 2 5
287 377 25 5
287 529 48 9
291 615 8 3
291 1095 43 3
295 296 6 6
295 297 10 4
295 298 5 4
295 299 2 8
295 300 44 2
295 301 46 3
295 302 50 9
295 303 16 8
295 481 19 8
295 493 14 3
295 532 41 3
295 555 5 9
295 562 5 6
295 627 11 8
295 645 20 6
295 735 41 4
295 750 2 7
295 802 47 10
295 850 42 1
295 1005 39 9
295 1051 9 6
295 1074 5 7
295 1163 47 8
296 297 33 9
296 298 50 10
296 299 14 10
296 304 37 1
296 305 25 10
296 306 23 10
296 325 30 5
296 330 39 3
296 433 45 4
296 492 5 1
296 566 26 8
296 625 14 6
296 654 30 7
296 713 3 2
296 714 1 10
296 735 48 2
296 763 33 1
296 817 23 2
296 818 3 2
296 854 49 4
296 925 19 2
296 943 27 3
296 1021 45 3
296 1070 22 8
297 298 43 6
297 299 17 9
297 307 33 3
297 308 32 3
297 309 37 6
297 310 46 2
297 311 26 5
297 312 49 5
297 325 33 7
297 336 36 10
297 355 18 7
297 356 18 2
297 365 17 10
297 432 13 10
297 450 29 9
297 600 6 8
297 607 44 5
297 651 29 2
297 800 28 10
297 840 24 7
297 881 21 6
297 927 10 4
297 976 5 2
297 1019 29 8
297 1103 8 4
297 1163 3 4
298 299 34 9
298 313 41 2
298 314 28 6
298 315 1 5
298 316 38 4
298 317 40 9
298 330 18 7
298 381 18 5
298 403 33 5
298 450 18 9
298 475 12 8
298 481 2 2
298 510 32 5
298 513 21 10
298 534 31 2
298 600 8 4
298 607 13 2
298 686 5 9
298 688 12 6
298 751 21 9
298 787 7 1
298 841 24 9
298 880 38 6
298 903 43 10
298 1006 49 3
298 1050 32 7
298 1101 47 7
298 1134 24 10
299 318 16 1
299 319 44 9
299 320 33 8
299 366 1 3
299 381 23 2
299 405 7 4
299 555 27 1
299 760 15 2
299 785 5 2
299 904 4 9
299 940 9 4
299 971 13 9
299 1133 40 6
301 1043 4 6
302 868 7 10
304 340 39 4
304 425 1 10
305 439 43 9
305 967 42 3
306 445 17 2
307 361 40 4
308 448 11 3
308 695 26 2
309 911 9 8
310 528 46 7
311 387 28 1
312 805 43 6
312 1032 4 1
314 591 50 9
314 1139 30 8
315 1009 18 10
318 933 15 9
319 977 38 7
320 321 39 1
320 322 37 6
320 323 15 10
320 324 19 5
320 325 41 4
320 330 37 9
320 335 5 9
320 355 12 6
320 367 14 1
320 380 1 1
320 382 40 8
320 400 16 7
320 403 9 7
320 431 25 5
320 433 27 7
320 453 29 3
320 475 6 6
320 481 21 10
320 490 11 9
320 493 41 7
320 511 34 6
320 512 6 2
320 533 13 5
320 555 17 4
320 560 24 10
320 563 22 5
320 600 33 10
320 607 13 6
320 608 47 8
320 625 32 3
320 628 46 8
320 645 23 9
320 652 44 6
320 686 31 1
320 687 8 6
320 713 14 4
320 714 50 5
320 735 21 1
320 751 3 6
320 760 1 9
320 763 30 5
320 786 40 2
320 787 25 6
320 801 30 7
320 802 46 4
320 815 6 4
320 817 32 7
320 841 26 1
320 850 23 4
320 853 34 6
320 882 5 9
320 883 43 3
320 901 30 1
320 927 19 4
320 940 43 3
320 945 27 3
320 970 20 3
320 971 21 6
320 1005 24 7
320 1006 11 8
320 1015 12 4
320 1021 44 1
320 1050 27 1
320 1053 38 9
320 1070 31 5
320 1073 40 6
320 1100 34 10
320 1103 46 10
320 1131 2 2
320 1133 6 3
320 1156 45 9
322 1139 18 5
324 371 31 2
325 326 30 8
325 327 43 8
325 328 16 8
325 329 21 9
325 330 23 1
325 336 29 5
325 338 41 3
325 355 45 7
325 356 4 10
325 365 22 7
325 367 5 7
325 382 41 6
325 383 34 3
325 403 4 3
325 405 1 7
325 430 32 1
325 433 15 1
325 452 27 6
325 454 22 2
325 475 32 9
325 481 45 6
325 490 44 3
325 493 30 4
325 511 11 9
325 512 3 2
325 532 38 10
325 533 44 8
325 555 44 6
325 561 10 9
325 600 11 3
325 606 33 6
325 608 49 1
325 626 19 10
325 627 4 1
325 645 22 6
325 655 3 10
325 656 16 2
325 688 26 4
325 711 31 4
325 712 31 3
325 735 30 10
325 737 17 6
325 750 44 8
325 751 24 4
325 760 28 1
325 764 14 6
325 786 43 4
325 800 16 5
325 816 50 1
325 840 34 7
325 851 26 5
325 881 18 2
325 882 14 10
325 903 15 10
325 904 8 2
325 926 38 3
325 940 31 7
325 941 26 3
325 971 38 9
325 975 8 1
325 1005 19 10
325 1015 35 3
325 1019 10 8
325 1050 47 6
325 1052 49 4
325 1073 8 10
325 1075 3 9
325 1101 27 1
325 1104 43 3
325 1131 19 3
325 1162 35 2
327 811 27 10
327 1069 4 8
328 479 31 1
328 1029 26 2
330 331 1 10
330 332 5 9
330 333 30 7
330 334 50 4
330 335 14 10
330 337 2 10
330 355 2 8
330 366 43 5
330 380 49 2
330 383 33 9
330 401 39 9
330 404 7 3
330 430 10 7
330 433 40 8
330 451 46 9
330 452 25 4
330 475 28 8
330 480 5 7
330 481 11 1
330 491 34 3
330 492 15 6
330 511 46 1
330 512 39 8
330 531 48 4
330 533 33 6
330 555 41 10
330 561 42 8
330 565 33 9
330 600 22 10
330 605 8 8
330 627 35 6
330 628 20 7
330 645 35 1
330 651 37 9
330 656 22 4
330 686 13 7
330 688 37 5
330 710 37 8
330 712 7 9
330 736 4 7
330 737 30 3
330 750 47 8
330 751 21 4
330 763 16 3
330 787 49 9
330 801 17 8
330 816 6 4
330 818 13 9
330 840 38 5
330 841 10 8
330 853 14 3
330 854 18 3
330 882 2 8
330 883 49 8
330 901 27 9
330 903 3 6
330 925 48 2
330 944 2 1
330 972 2 5
330 973 9 6
330 1005 24 6
330 1006 1 7
330 1017 9 5
330 1020 28 9
330 1051 25 4
330 1052 21 3
330 1072 48 9
330 1074 34 2
330 1102 27 3
330 1105 47 2
330 1132 16 9
330 1133 4 6
330 1158 48 3
330 1159 15 8
331 471 7 3
331 494 24 6
333 894 35 10
335 336 31 1
335 337 6 1
335 338 13 7
335 339 12 3
335 340 47 10
335 341 13 3
335 342 17 1
335 356 50 7
335 380 1 4
335 430 13 3
335 450 34 6
335 475 12 6
335 480 45 4
335 481 48 4
335 490 31 4
335 510 10 7
335 511 25 6
335 626 23 1
335 645 31 3
335 760 50 9
335 816 6 3
335 840 29 5
335 945 2 5
335 1019 12 2
335 1052 46 6
335 1075 28 2
335 1158 22 5
336 337 21 7
336 338 18 5
336 343 20 1
336 344 27 6
336 355 49 6
336 365 25 4
336 381 22 10
336 454 20 2
336 490 10 5
336 600 29 6
336 605 38 4
336 656 10 1
336 689 22 7
336 751 12 7
336 764 7 6
336 785 25 2
336 800 12 6
336 854 22 4
336 883 43 4
336 900 41 8
336 926 19 3
336 941 22 10
336 1016 17 5
336 1071 7 6
336 1103 41 1
337 338 19 4
337 345 46 3
337 346 37 6
337 347 43 9
337 348 23 4
337 349 17 1
337 350 36 1
337 351 8 6
337 352 8 10
337 403 38 7
337 475 40 10
337 713 7 10
337 735 10 10
337 751 26 6
337 881 22 5
337 904 9 1
337 970 35 1
337 1005 20 1
337 1006 18 1
337 1052 11 4
337 1104 44 7
337 1132 50 10
337 1163 7 6
338 353 41 2
338 354 44 3
338 367 36 5
338 403 1 4
338 433 27 5
338 530 10 8
338 555 41 9
338 561 35 3
338 566 31 8
338 600 31 9
338 607 24 6
338 628 39 4
338 645 23 6
338 650 40 2
338 685 46 1
338 712 45 2
338 735 40 1
338 787 14 6
338 802 43 10
338 817 14 10
338 841 3 5
338 850 7 2
338 927 11 7
338 975 48 7
338 1131 38 10
339 994 29 8
341 1013 49 1
344 548 34 5
344 1128 45 10
348 415 6 4
348 838 49 1
349 546 26 7
349 1119 46 10
351 581 5 7
351 601 26 10
354 1055 3 6
355 356 38 6
355 357 37 2
355 358 8 4
355 359 16 5
355 366 2 1
355 367 30 8
355 431 2 4
355 433 9 7
355 452 43 7
355 475 36 4
355 480 35 9
355 481 11 7
355 555 48 10
355 564 9 1
355 600 30 3
355 607 9 6
355 626 43 10
355 645 32 1
355 655 41 10
355 689 17 3
355 712 28 7
355 735 16 8
355 736 31 5
355 750 45 4
355 751 38 2
355 762 11 5
355 786 33 2
355 816 1 2
355 819 46 9
355 841 18 2
355 900 40 1
355 925 15 10
355 942 2 9
355 975 43 8
355 1006 44 8
355 1050 17 6
355 1101 24 6
355 1103 28 9
355 1131 5 10
355 1134 49 3
356 360 21 9
356 361 49 8
356 362 1 8
356 363 1 1
356 364 46 10
356 381 24 7
356 382 45 1
356 401 7 8
356 453 15 4
356 493 41 5
356 510 9 5
356 513 20 10
356 531 31 8
356 532 49 5
356 555 34 8
356 562 26 3
356 608 45 2
356 625 26 8
356 645 37 8
356 652 49 4
356 685 11 1
356 710 50 8
356 762 1 3
356 787 24 3
356 800 47 5
356 801 47 2
356 841 8 7
356 855 17 3
356 881 4 4
356 883 27 10
356 903 38 10
356 925 12 7
356 941 11 10
356 973 38 9
356 1006 19 4
356 1016 40 10
356 1021 16 7
356 1051 15 2
356 1071 7 9
356 1075 42 7
356 1155 5 2
356 1160 1 10
357 1179 32 3
358 642 48 7
358 1078 9 2
359 862 46 2
362 443 13 5
362 967 47 4
364 1183 37 4
365 366 21 6
365 367 16 6
365 368 32 8
365 369 49 5
365 370 17 3
365 451 3 5
365 454 44 6
365 481 50 2
365 493 45 8
365 532 31 8
365 555 40 2
365 608 45 10
365 645 3 2
365 656 9 1
365 687 45 3
365 711 42 9
365 714 38 4
365 736 44 7
365 761 18 6
365 785 41 2
365 786 13 2
365 800 49 2
365 852 29 7
365 880 8 1
365 883 32 6
365 925 36 10
365 927 11 10
365 970 32 10
365 1015 26 4
365 1017 47 3
365 1051 24 2
365 1130 33 1
365 1156 18 10
366 367 30 3
366 371 49 1
366 372 28 2
366 383 47 10
366 404 15 8
366 405 2 6
366 430 14 2
366 510 47 7
366 555 33 6
366 600 3 9
366 605 9 7
366 626 39 1
366 652 40 9
366 689 50 4
366 735 21 7
366 750 40 1
366 801 8 10
366 819 28 8
366 841 13 1
366 850 5 5
366 900 44 6
366 940 9 7
366 1005 45 6
366 1105 20 9
366 1131 13 9
367 373 1 9
367 374 18 1
367 375 34 1
367 376 31 9
367 377 15 8
367 378 16 9
367 379 16 4
367 381 18 10
367 433 3 6
367 475 35 5
367 481 6 6
367 493 6 1
367 534 33 6
367 562 50 9
367 566 2 7
367 645 19 6
367 751 28 2
367 764 48 9
367 819 27 5
367 840 32 4
367 904 15 10
367 944 14 9
367 976 11 4
367 1006 15 7
367 1050 15 7
367 1071 18 6
367 1074 25 6
367 1104 43 9
367 1163 24 5
368 1115 10 1
369 496 8 8
369 734 31 6
370 919 13 6
372 614 16 6
372 758 39 5
373 928 20 10
374 1115 43 1
375 425 41 4
377 550 33 5
377 1037 7 2
379 644 12 1
380 381 40 8
380 382 4 7
380 383 17 1
380 384 43 8
380 385 50 5
380 386 29 4
380 387 15 6
380 388 33 5
380 389 19 1
380 450 2 7
380 475 22 9
380 480 42 6
380 481 45 4
380 492 30 6
380 532 35 7
380 605 24 5
380 645 3 5
380 710 29 4
380 800 24 8
380 816 30 5
380 851 22 10
380 881 40 2
380 882 45 1
380 902 45 10
380 925 40 8
380 1017 5 1
380 1071 7 4
380 1158 50 10
381 382 32 1
381 383 25 10
381 390 27 3
381 391 13 6
381 392 12 9
381 393 2 8
381 394 43 4
381 432 23 2
381 475 37 6
381 510 45 10
381 531 48 7
381 555 39 1
381 627 32 8
381 689 23 10
381 736 28 2
381 750 11 10
381 903 37 2
381 971 31 8
381 1005 18 2
381 1018 44 3
381 1050 25 1
381 1053 40 7
382 383 16 9
382 395 13 6
382 396 24 1
382 397 1 5
382 398 29 1
382 404 8 10
382 555 24 8
382 566 41 3
382 600 48 9
382 627 42 6
382 645 17 8
382 656 23 2
382 711 3 10
382 737 7 5
382 751 41 3
382 785 48 7
382 786 50 5
382 816 14 1
382 852 19 3
382 941 15 7
382 944 34 5
382 971 15 3
382 1130 6 8
383 399 7 9
383 404 31 3
383 431 1 5
383 450 35 4
383 493 49 7
383 510 43 7
383 562 49 4
383 606 14 8
383 653 21 5
383 689 42 4
383 761 30 1
383 762 33 7
383 802 42 1
383 841 14 8
383 926 24 3
383 1005 38 4
383 1101 31 7
383 1103 16 7
383 1157 42 4
384 1010 3 9
385 502 23 5
387 543 36 4
388 473 21 3
389 617 36 7
389 767 10 6
389 1022 43 5
391 1143 30 8
392 1190 48 4
393 1112 28 1
395 782 47 5
395 829 5 9
397 429 40 9
397 822 30 2
400 401 46 2
400 402 42 2
400 403 1 3
400 404 29 8
400 405 45 3
400 406 39 8
400 407 38 1
400 408 25 9
400 409 42 1
400 410 3 8
400 555 42 1
400 566 6 6
400 689 3 2
400 712 45 6
400 762 23 10
400 852 15 9
400 927 44 9
400 1006 32 6
400 1072 45 9
401 402 20 6
401 403 18 1
401 404 27 5
401 405 34 9
401 411 6 8
401 412 20 8
401 413 5 8
401 414 17 5
401 415 15 2
401 416 40 7
401 417 35 2
401 450 4 5
401 491 22 7
401 492 5 1
401 512 45 9
401 687 49 7
401 751 39 4
401 764 11 3
401 786 6 3
401 841 45 3
401 883 18 6
401 941 37 10
402 403 14 1
402 404 40 6
402 405 44 6
402 418 20 7
402 452 44 6
402 475 32 5
402 510 21 9
402 628 47 7
402 645 26 6
402 735 7 10
402 850 43 7
402 927 15 4
402 945 7 3
402 976 47 2
402 1051 32 5
402 1163 24 8
403 404 3 2
403 405 6 4
403 419 32 10
403 420 39 2
403 475 1 1
403 600 24 5
403 645 40 9
403 651 15 3
403 737 5 10
403 802 19 7
403 819 38 7
403 1016 33 3
403 1020 34 6
403 1132 15 8
404 405 34 5
404 421 13 3
404 422 49 6
404 423 8 1
404 424 38 10
404 425 38 6
404 432 4 4
404 481 19 2
404 555 21 7
404 562 2 2
404 628 21 6
404 655 30 8
404 786 47 9
404 801 1 4
404 882 13 6
404 901 29 2
404 903 12 9
404 1104 1 3
404 1105 25 4
405 426 36 6
405 427 6 9
405 428 9 2
405 429 44 5
405 430 12 10
405 480 41 6
405 534 42 4
405 600 4 7
405 607 20 6
405 608 28 10
405 710 36 10
405 751 21 6
405 841 44 8
405 974 10 8
405 1053 20 9
405 1075 33 3
405 1134 29 3
405 1162 41 5
407 1118 11 6
408 670 39 9
408 995 35 4
408 1164 34 4
409 746 37 3
411 595 27 2
411 891 31 9
412 501 5 5
415 991 14 4
419 462 21 3
419 1117 21 3
423 715 18 4
424 545 37 10
429 507 39 4
430 431 45 5
430 432 21 5
430 433 1 6
430 434 48 3
430 435 1 6
430 436 27 7
430 437 13 1
430 438 39 9
430 450 17 10
430 475 21 1
430 492 49 2
430 533 37 7
430 534 42 1
430 628 12 10
430 735 40 2
430 737 35 5
430 750 35 10
430 786 5 8
430 802 2 4
430 852 38 9
430 882 36 10
430 900 10 4
430 925 42 4
430 973 42 10
430 1015 43 2
430 1051 47 7
430 1130 14 3
430 1134 49 1
430 1156 49 1
431 432 17 1
431 433 10 2
431 439 35 6
431 440 33 4
431 441 12 10
431 442 21 7
431 490 31 7
431 555 43 4
431 563 37 2
431 645 15 8
431 713 35 5
431 751 45 1
431 761 37 7
431 802 24 8
431 840 29 2
431 854 37 4
431 927 6 7
431 945 31 1
431 1051 30 4
431 1162 25 10
432 433 5 5
432 443 20 2
432 444 13 4
432 445 13 7
432 475 5 2
432 480 36 5
432 511 50 3
432 560 39 1
432 600 27 4
432 607 36 2
432 655 1 1
432 687 40 5
432 817 13 9
432 883 31 6
432 901 16 4
432 940 49 7
432 1005 20 4
432 1070 35 3
432 1103 34 9
433 446 11 5
433 447 33 8
433 448 4 3
433 449 6 2
433 450 49 5
433 480 19 1
433 512 44 3
433 600 40 8
433 608 1 7
433 625 39 4
433 645 39 6
433 655 49 8
433 712 3 7
433 761 5 6
433 786 36 2
433 816 5 1
433 973 37 6
433 1006 45 7
433 1021 1 4
433 1100 15 9
437 535 13 5
439 667 34 8
443 949 49 8
446 1186 32 1
448 758 50 10
449 1192 21 10
450 451 11 3
450 452 11 10
450 453 21 9
450 454 45 9
450 455 14 4
450 456 37 9
450 457 29 8
450 475 42 6
450 533 19 2
450 600 42 8
450 606 18 6
450 652 19 3
450 785 24 6
450 800 20 8
450 840 27 6
450 927 35 10
450 1006 22 7
450 1075 11 4
451 452 34 3
451 453 44 5
451 454 8 3
451 458 37 8
451 459 9 5
451 460 42 6
451 461 34 10
451 462 10 5
451 563 1 4
451 628 35 4
451 711 31 2
451 712 13 9
451 735 8 2
451 764 40 4
451 818 49 10
451 945 19 8
451 976 27 3
451 1105 11 7
452 453 18 8
452 454 43 5
452 463 36 2
452 464 11 8
452 493 11 3
452 513 19 1
452 607 33 10
452 627 3 6
452 645 21 7
452 688 25 5
452 689 13 2
452 737 2 6
452 751 17 5
452 785 7 5
452 818 31 2
452 880 7 1
452 883 17 9
452 902 11 5
452 943 27 8
452 973 48 6
452 1020 43 2
452 1131 32 8
453 454 9 2
453 465 24 6
453 466 3 2
453 467 2 6
453 468 24 5
453 469 28 5
453 470 35 2
453 481 16 8
453 555 22 4
453 600 15 4
453 650 22 7
453 750 11 9
453 760 37 3
453 801 25 6
453 852 15 1
453 853 37 1
453 904 3 9
453 926 42 5
453 1157 29 10
453 1162 15 7
454 471 26 7
454 472 4 5
454 473 14 6
454 474 21 4
454 510 42 10
454 532 24 5
454 555 25 6
454 564 36 5
454 1019 38 9
454 1050 46 5
454 1051 4 7
454 1071 48 10
454 1105 18 3
454 1131 44 6
459 558 17 1
459 571 35 6
460 1076 29 5
461 489 13 2
461 892 28 4
462 918 12 2
463 965 26 6
464 517 34 7
465 648 44 5
468 484 22 5
470 1003 46 10
472 1014 29 8
474 635 44 3
474 1187 36 8
475 476 11 2
475 477 17 2
475 478 26 7
475 479 46 3
475 480 3 8
475 481 15 9
475 493 16 10
475 512 21 5
475 513 37 6
475 531 33 1
475 533 28 7
475 555 37 4
475 560 17 7
475 564 34 4
475 600 37 2
475 607 12 10
475 608 34 3
475 625 45 9
475 628 50 2
475 645 19 7
475 655 35 6
475 656 23 1
475 685 41 6
475 711 44 3
475 737 28 1
475 750 22 5
475 751 46 3
475 761 25 5
475 786 2 7
475 787 45 10
475 800 6 5
475 801 18 9
475 815 24 1
475 819 26 2
475 840 43 9
475 841 24 10
475 850 19 10
475 855 19 8
475 880 19 4
475 902 29 3
475 903 41 4
475 925 2 6
475 940 9 6
475 941 3 7
475 976 44 6
475 1005 22 10
475 1017 42 3
475 1020 12 8
475 1051 23 4
475 1052 5 2
475 1072 2 1
475 1073 24 3
475 1105 15 7
475 1131 17 7
475 1134 39 4
475 1155 22 2
475 1161 50 5
477 495 23 2
478 953 1 7
479 509 44 2
479 549 26 8
479 1191 2 8
480 481 26 2
480 482 46 1
480 483 40 10
480 484 42 8
480 485 20 3
480 492 45 1
480 512 15 4
480 513 4 9
480 555 31 10
480 566 42 2
480 600 40 6
480 608 43 8
480 627 28 6
480 651 39 1
480 688 39 8
480 737 50 7
480 750 4 9
480 751 45 1
480 763 33 7
480 816 16 1
480 818 25 10
480 841 27 8
480 854 22 1
480 880 18 9
480 900 25 8
480 903 47 3
480 927 22 4
480 1005 31 2
480 1021 50 10
480 1050 8 8
480 1101 43 3
480 1102 28 3
480 1156 18 6
481 486 2 5
481 487 5 8
481 488 40 10
481 489 12 7
481 491 48 5
481 532 10 5
481 534 22 7
481 555 17 3
481 565 34 10
481 607 20 6
481 628 49 5
481 645 7 8
481 650 45 4
481 685 20 6
481 712 26 6
481 713 50 4
481 736 44 3
481 760 50 8
481 785 44 8
481 787 28 2
481 802 20 4
481 840 22 3
481 854 50 10
481 881 34 2
481 926 37 3
481 942 36 6
481 944 6 5
481 974 11 3
481 975 24 10
481 1005 25 5
481 1019 11 5
481 1050 48 5
481 1073 18 2
481 1134 38 7
481 1159 9 2
487 894 38 3
488 863 25 10
490 491 28 4
490 492 33 9
490 493 28 6
490 494 28 3
490 511 17 5
490 555 24 9
490 686 39 7
490 750 1 7
490 762 26 9
490 816 29 6
490 902 43 6
490 927 27 10
490 972 5 2
490 1019 5 4
490 1101 22 3
490 1131 41 1
490 1158 42 1
491 492 28 10
491 493 7 6
491 495 28 8
491 496 23 2
491 497 21 4
491 498 9 3
491 499 14 7
491 500 20 7
491 501 26 3
491 502 15 10
491 531 38 1
491 555 12 6
491 627 36 1
491 656 40 1
491 710 14 4
491 737 3 3
491 750 26 5
491 841 16 5
491 880 44 2
491 900 29 4
491 944 15 10
491 1005 20 1
491 1015 38 5
491 1052 27 3
491 1073 39 4
491 1074 23 9
491 1130 12 3
491 1163 3 2
492 493 13 2
492 503 7 10
492 504 16 9
492 505 31 3
492 563 7 6
492 600 22 7
492 607 14 2
492 627 48 8
492 645 46 3
492 711 22 3
492 735 29 8
492 785 22 2
492 800 32 4
492 850 13 7
492 881 28 3
492 927 40 5
492 975 7 4
492 1006 36 7
492 1053 25 4
492 1105 43 3
493 506 23 8
493 507 37 6
493 508 34 6
493 509 25 4
493 511 11 3
493 564 35 4
493 607 27 1
493 688 35 3
493 763 28 6
493 800 22 10
493 816 7 7
493 841 14 3
493 850 38 10
493 940 6 4
495 1121 7 7
496 769 27 8
496 836 4 6
497 678 41 4
498 1199 3 7
499 1078 5 10
507 1058 1 4
510 511 42 6
510 512 13 4
510 513 15 10
510 514 41 6
510 515 44 5
510 516 3 2
510 517 27 7
510 518 12 3
510 519 9 2
510 534 36 6
510 600 2 5
510 606 47 8
510 645 28 8
510 687 37 10
510 710 14 10
510 763 4 5
510 785 17 4
510 882 3 7
510 901 40 2
510 1006 31 10
510 1050 9 2
510 1100 18 5
510 1156 40 9
511 512 7 1
511 513 6 5
511 520 15 7
511 531 44 1
511 555 48 4
511 564 22 3
511 605 16 10
511 628 41 4
511 650 3 2
511 735 30 3
511 787 40 5
511 800 2 9
511 819 11 3
511 841 11 8
511 854 9 10
511 904 47 2
511 927 28 2
511 1006 45 1
511 1053 7 3
511 1103 27 1
511 1131 1 6
511 1133 34 4
512 513 44 2
512 521 20 6
512 522 5 1
512 523 12 7
512 524 34 9
512 525 42 1
512 526 22 9
512 555 6 7
512 600 37 1
512 687 39 2
512 713 8 3
512 736 23 6
512 750 20 6
512 761 43 8
512 819 28 4
512 880 25 10
512 927 40 6
512 1074 19 9
513 527 19 1
513 528 32 9
513 529 7 9
513 563 17 9
513 627 7 1
513 645 50 10
513 750 34 1
513 800 8 3
513 840 42 8
513 855 34 5
513 943 13 5
513 945 9 7
513 973 11 9
513 1015 30 5
513 1021 26 3
513 1074 9 6
513 1159 29 6
518 765 36 8
520 618 42 2
521 585 32 5
521 692 5 7
522 896 35 10
523 1012 15 5
523 1190 2 4
526 1108 13 6
528 896 1 6
530 531 24 2
530 532 36 7
530 533 10 6
530 534 36 4
530 535 19 5
530 536 28 10
530 537 32 10
530 538 40 5
530 600 44 8
530 627 10 3
530 628 28 1
530 645 1 8
530 656 18 2
530 763 27 7
530 786 14 10
530 841 16 6
530 925 37 1
530 942 19 5
530 1006 32 9
530 1052 35 9
530 1053 4 6
530 1074 17 5
531 532 21 5
531 533 35 6
531 534 43 6
531 539 7 4
531 540 28 2
531 541 47 5
531 555 6 6
531 600 30 10
531 651 43 6
531 750 40 3
531 801 20 4
531 802 26 6
531 815 46 2
531 851 49 6
531 854 21 3
531 903 18 5
531 941 22 3
531 1100 8 4
531 1101 17 6
531 1132 7 4
532 533 22 4
532 534 19 4
532 542 17 3
532 543 26 7
532 544 28 8
532 607 39 10
532 685 16 10
532 735 47 10
532 737 35 6
532 817 25 7
532 840 39 5
532 1021 17 10
532 1073 20 2
533 534 41 6
533 545 38 5
533 546 39 6
533 547 20 8
533 548 15 5
533 549 26 3
533 550 18 3
533 710 13 6
533 751 44 3
533 761 33 2
533 787 14 5
533 925 5 3
533 976 22 7
533 1006 6 5
533 1160 44 7
533 1161 9 1
534 551 29 2
534 552 35 2
534 553 11 10
534 554 28 7
534 555 35 3
534 562 35 10
534 564 13 2
534 605 31 7
534 645 22 6
534 689 26 9
534 713 36 1
534 881 7 1
534 883 24 1
534 900 2 6
534 970 3 9
534 1015 26 10
534 1132 14 7
535 726 47 9
535 792 26 5
535 1043 34 4
537 554 26 10
540 867 39 10
540 936 46 8
544 839 14 7
546 759 2 1
548 886 45 9
548 1187 33 3
550 1112 19 4
553 1029 21 4
555 556 7 5
555 557 19 5
555 558 24 2
555 559 14 3
555 564 36 4
555 600 27 5
555 607 36 3
555 625 19 7
555 645 44 10
555 652 34 4
555 654 49 10
555 686 30 1
555 688 16 5
555 712 33 2
555 737 15 6
555 750 5 3
555 762 46 5
555 763 34 8
555 786 2 6
555 800 4 9
555 801 1 4
555 816 21 10
555 840 34 9
555 852 48 3
555 855 22 7
555 881 8 1
555 883 47 7
555 900 23 1
555 925 14 5
555 926 10 6
555 942 4 1
555 943 39 1
555 971 45 8
555 973 36 3
555 1006 47 1
555 1015 39 8
555 1019 22 2
555 1051 29 5
555 1052 47 1
555 1072 47 2
555 1074 22 5
555 1102 10 1
555 1105 2 4
555 1132 1 1
555 1134 1 10
555 1158 41 6
555 1163 37 6
556 1179 35 2
558 998 1 4
558 1187 16 3
560 561 3 8
560 562 41 7
560 563 45 6
560 564 34 4
560 565 14 8
560 566 3 1
560 567 12 10
560 568 35 5
560 569 35 7
560 570 14 5
560 571 29 5
560 572 14 2
560 573 11 4
560 574 10 9
560 625 1 3
560 689 23 5
560 713 21 4
560 750 15 7
560 854 35 8
560 880 33 1
560 882 8 1
560 925 40 2
560 927 7 9
561 562 48 9
561 563 27 8
561 564 35 9
561 565 18 8
561 566 35 4
561 567 38 6
561 575 22 5
561 576 14 4
561 577 4 8
561 578 34 8
561 579 43 3
561 580 49 3
561 600 10 6
561 645 37 8
561 714 29 3
561 841 8 9
561 903 23 10
561 1016 22 5
561 1051 43 9
561 1053 16 6
561 1100 4 5
562 563 4 8
562 564 13 5
562 565 21 3
562 566 25 8
562 567 5 8
562 581 37 5
562 582 1 3
562 583 29 2
562 584 11 5
562 628 14 9
562 654 27 4
562 904 38 6
562 1131 26 10
563 564 7 5
563 565 28 10
563 566 40 1
563 567 1 3
563 585 39 2
563 786 29 2
563 800 13 9
563 818 41 7
563 972 35 2
563 1005 45 2
563 1006 11 5
563 1072 46 6
563 1073 29 2
564 565 25 9
564 566 8 6
564 567 1 7
564 586 21 1
564 645 27 2
564 688 24 4
564 735 15 6
564 760 31 5
564 800 22 5
564 840 49 1
564 1132 31 7
565 566 42 3
565 567 27 4
565 587 44 8
565 588 36 5
565 589 10 10
565 606 28 10
565 735 32 3
565 785 47 9
565 1158 23 6
566 567 7 9
566 590 31 10
566 591 42 9
566 592 41 5
566 593 7 5
566 594 15 4
566 608 11 5
566 650 44 1
566 750 10 9
566 971 36 3
567 595 26 3
567 596 44 10
567 597 34 7
567 598 23 7
567 599 15 1
567 761 15 3
567 817 10 3
567 851 11 5
567 943 9 1
567 944 47 9
567 1019 32 7
567 1100 7 5
567 1158 10 1
568 891 19 6
574 705 4 2
578 497 38 2
578 811 48 9
578 1115 23 5
580 747 33 8
585 622 19 5
585 835 16 6
585 871 28 5
589 1091 42 6
590 707 41 8
590 1028 22 8
594 1056 21 1
596 874 49 5
600 601 23 4
600 602 21 8
600 603 15 1
600 604 38 9
600 606 30 3
600 607 10 10
600 627 13 7
600 628 28 5
600 645 11 9
600 654 11 6
600 655 31 6
600 687 16 9
600 689 26 4
600 711 46 10
600 712 4 8
600 735 31 5
600 736 32 2
600 750 39 1
600 751 39 2
600 760 41 6
600 762 20 2
600 785 25 1
600 787 6 8
600 800 24 3
600 801 11 6
600 816 48 4
600 840 22 7
600 854 4 7
600 855 23 5
600 882 23 7
600 883 49 9
600 903 32 1
600 904 31 2
600 925 41 7
600 927 50 5
600 940 4 4
600 944 30 6
600 971 32 1
600 1005 33 5
600 1016 5 3
600 1019 39 6
600 1050 9 8
600 1051 33 5
600 1073 3 2
600 1075 30 5
600 1101 33 2
600 1102 14 3
600 1131 23 4
600 1134 7 3
600 1160 1 9
600 1162 27 10
603 1033 45 1
605 606 12 2
605 607 13 8
605 608 32 1
605 609 16 9
605 610 39 1
605 611 32 2
605 612 22 4
605 613 20 3
605 614 25 7
605 625 39 9
605 645 14 10
605 654 16 4
605 710 49 3
605 751 33 8
605 819 14 2
605 852 6 3
605 880 31 10
605 1006 4 7
605 1016 43 10
605 1019 34 1
606 607 28 1
606 608 44 9
606 615 14 3
606 616 2 9
606 617 50 7
606 736 34 8
606 764 49 5
606 800 36 8
606 819 10 3
606 840 5 9
606 841 4 6
606 927 44 7
606 1132 28 9
606 1133 30 9
606 1158 20 7
607 608 19 4
607 618 9 6
607 619 34 1
607 620 39 10
607 621 15 10
607 622 50 2
607 645 34 8
607 656 28 2
607 686 4 2
607 687 25 4
607 711 19 7
607 763 24 4
607 785 18 2
607 855 14 4
607 901 39 9
607 974 11 3
607 1052 23 6
607 1072 15 8
607 1100 17 9
607 1161 38 10
608 623 44 1
608 624 19 6
608 736 35 2
608 750 17 10
608 802 23 10
608 882 28 9
608 904 49 4
608 927 43 3
608 942 14 7
608 943 31 1
608 972 32 1
608 1005 43 6
608 1050 16 1
608 1074 18 7
611 814 27 8
611 1107 20 10
614 1002 49 8
615 894 17 7
617 725 17 2
618 1091 48 6
619 679 43 6
623 753 24 9
624 1096 17 6
624 1139 35 8
625 626 49 2
625 627 31 1
625 628 37 5
625 629 37 10
625 630 1 7
625 631 48 6
625 645 31 10
625 714 30 5
625 736 36 2
625 802 41 4
625 903 12 10
625 971 14 2
625 1005 50 6
625 1018 2 10
625 1134 44 4
626 627 50 2
626 628 19 10
626 632 21 4
626 633 23 6
626 634 22 10
626 635 35 5
626 636 26 2
626 637 13 6
626 638 18 3
626 645 5 8
626 651 35 7
626 737 15 5
626 763 43 6
626 818 14 10
626 840 40 2
626 854 14 2
626 881 6 2
626 883 2 7
626 940 14 8
626 972 39 8
626 1053 12 7
626 1158 6 9
627 628 2 10
627 639 9 4
627 640 21 3
627 687 42 1
627 689 24 9
627 711 49 3
627 750 37 9
627 751 10 9
627 763 31 1
627 785 24 9
627 786 43 7
627 818 14 9
627 841 9 1
627 853 25 4
627 901 2 5
627 1015 29 1
627 1105 26 3
627 1133 12 3
628 641 17 10
628 642 11 5
628 643 1 2
628 644 37 9
628 650 47 4
628 800 38 6
628 925 19 7
628 1005 17 5
628 1071 35 1
628 1074 46 9
628 1105 12 9
628 1155 30 9
632 1001 27 2
633 709 2 3
634 752 39 10
635 695 24 9
636 682 17 1
637 692 24 10
637 792 9 2
639 987 46 1
640 937 42 6
643 681 19 8
643 856 43 7
645 646 31 9
645 647 15 1
645 648 18 10
645 649 13 8
645 650 5 1
645 655 36 10
645 685 26 8
645 687 14 10
645 710 19 3
645 713 32 8
645 735 3 7
645 736 36 9
645 750 10 3
645 751 30 7
645 760 9 6
645 761 29 8
645 786 30 9
645 787 50 4
645 800 14 4
645 802 40 3
645 815 49 10
645 816 44 6
645 840 48 4
645 852 48 1
645 855 20 2
645 881 23 10
645 883 20 8
645 901 12 9
645 904 22 8
645 925 28 7
645 926 49 5
645 943 33 9
645 945 38 2
645 972 17 6
645 1005 21 7
645 1019 18 3
645 1020 47 3
645 1050 36 4
645 1053 42 2
645 1070 27 3
645 1073 21 2
645 1101 34 6
645 1103 17 6
645 1132 32 8
645 1133 34 3
645 1160 47 3
645 1163 8 10
648 950 11 10
649 720 18 10
649 969 13 3
649 977 1 4
650 651 10 2
650 652 22 6
650 653 18 1
650 654 22 9
650 655 24 6
650 656 25 3
650 657 26 3
650 658 2 5
650 659 40 5
650 660 12 1
650 661 49 4
650 662 29 7
650 663 49 10
650 737 19 8
650 802 6 2
650 901 14 3
650 902 37 4
650 925 1 3
650 976 13 7
650 1006 21 4
650 1020 31 10
650 1073 24 9
650 1102 41 7
651 652 42 6
651 653 29 8
651 654 6 9
651 655 39 3
651 656 44 6
651 664 30 2
651 665 13 7
651 687 10 10
651 762 3 1
651 815 31 9
651 971 28 1
651 1018 27 6
652 653 12 3
652 654 1 9
652 655 6 4
652 656 32 1
652 666 23 5
652 667 36 4
652 786 13 4
653 654 32 9
653 655 41 6
653 656 11 6
653 668 14 3
653 687 5 4
653 802 39 8
653 841 38 10
653 853 47 6
653 926 35 3
653 1070 47 10
653 1156 38 10
653 1160 50 3
654 655 19 1
654 656 9 8
654 669 36 6
654 670 3 6
654 671 30 3
654 672 46 3
654 714 4 9
654 750 8 5
654 763 1 10
654 786 28 1
654 818 2 5
654 841 1 1
654 853 8 5
654 882 47 10
654 943 50 4
654 1103 22 4
655 656 17 9
655 673 14 5
655 674 42 5
655 736 39 1
655 750 17 3
655 882 41 4
655 1005 3 8
655 1131 40 9
656 675 23 10
656 676 27 1
656 677 30 10
656 678 33 1
656 679 38 10
656 680 47 8
656 681 3 8
656 682 14 6
656 683 20 4
656 684 17 1
656 710 12 8
656 942 16 9
656 1052 48 8
656 1134 12 3
663 1126 26 3
664 876 49 2
671 1000 16 5
672 775 16 6
673 1065 39 8
675 776 34 3
680 788 24 6
680 820 31 10
680 958 32 5
681 1117 9 1
684 1004 36 7
685 686 46 3
685 687 12 8
685 688 42 2
685 689 21 7
685 690 22 10
685 691 16 6
685 710 17 4
685 736 24 4
685 750 36 5
685 764 46 10
685 785 49 7
685 819 24 10
685 925 37 9
685 943 31 9
685 1006 39 7
685 1020 17 6
686 687 46 2
686 688 24 8
686 689 7 8
686 692 23 9
686 693 19 8
686 694 7 7
686 695 35 10
686 696 38 10
686 697 49 9
686 711 24 5
686 800 34 10
686 841 21 9
686 880 40 8
686 900 15 8
686 901 4 4
686 970 48 6
686 1050 28 2
686 1072 20 5
687 688 50 9
687 689 2 9
687 698 31 6
687 699 19 6
687 700 37 6
687 701 45 8
687 702 1 9
687 703 36 6
687 737 46 2
687 786 49 7
687 800 15 4
687 816 25 1
687 925 50 7
687 1075 21 2
687 1131 46 3
687 1161 27 2
688 689 2 5
688 704 22 9
688 705 33 2
688 750 45 9
688 763 37 2
688 855 17 3
688 883 16 8
688 943 50 2
688 974 38 4
688 1102 22 10
689 706 16 3
689 707 36 6
689 708 18 2
689 709 40 1
689 851 21 2
689 1052 29 5
689 1101 11 6
689 1130 2 8
689 1155 23 5
691 871 47 7
691 1146 5 5
692 995 11 6
693 1087 45 7
694 798 40 9
700 730 30 8
701 890 42 1
703 1037 9 4
704 917 28 5
706 707 40 7
706 908 20 6
706 1129 31 2
707 803 26 5
708 822 7 7
710 711 22 5
710 712 45 8
710 713 39 7
710 714 31 5
710 715 3 8
710 716 32 6
710 736 16 5
710 762 4 10
710 787 10 5
710 818 25 9
710 902 20 8
710 1005 22 5
710 1018 5 9
710 1052 17 10
710 1134 16 5
710 1160 41 4
711 712 5 8
711 713 14 7
711 714 9 3
711 717 12 3
711 718 41 10
711 719 10 9
711 801 13 7
711 841 47 1
711 882 34 4
711 927 31 9
711 976 47 2
711 1071 20 3
712 713 9 10
712 714 16 7
712 720 13 9
712 721 29 9
712 722 14 6
712 763 22 9
712 815 43 1
712 850 2 7
712 853 39 9
712 1016 43 6
712 1051 19 4
713 714 2 2
713 723 41 3
713 724 36 5
713 725 50 4
713 726 31 7
713 727 23 8
713 728 26 2
713 729 37 10
713 736 45 5
713 801 42 7
713 940 30 2
713 942 2 9
713 1075 13 3
714 730 13 3
714 731 49 5
714 732 32 5
714 733 34 1
714 734 49 10
714 750 8 8
714 751 1 3
714 787 16 5
714 840 30 8
714 883 36 10
714 900 29 9
714 925 9 8
714 973 45 3
714 1005 38 10
714 1102 50 1
714 1105 2 3
714 1132 32 7
714 1160 19 5
716 843 8 2
716 1038 7 2
717 922 3 9
718 1118 1 4
720 803 1 10
722 936 6 3
727 814 11 6
727 969 27 7
730 1085 42 2
733 949 17 10
734 897 5 9
735 736 48 4
735 737 26 9
735 738 14 5
735 739 47 1
735 740 32 4
735 750 29 5
735 760 11 5
735 802 9 2
735 881 4 3
735 883 11 9
735 901 47 10
735 940 14 2
735 974 22 10
735 1005 12 3
735 1100 27 7
735 1101 13 4
735 1134 36 6
735 1160 8 2
735 1161 29 7
736 737 10 1
736 741 43 2
736 742 30 9
736 743 15 10
736 744 44 4
736 745 12 2
736 751 44 6
736 786 4 7
736 787 10 3
736 841 38 2
736 851 2 1
736 925 22 4
736 945 8 2
736 974 31 1
736 1016 3 7
736 1052 5 2
736 1053 37 9
736 1070 35 9
736 1130 43 9
737 746 14 7
737 747 39 3
737 748 42 6
737 749 43 4
737 760 41 3
737 801 30 9
737 815 32 3
737 818 31 6
737 840 46 6
737 855 10 3
737 903 48 6
737 1005 29 1
737 1016 40 10
737 1073 48 7
739 885 32 10
741 814 44 10
741 1044 8 3
746 1085 21 7
748 989 45 10
750 751 28 1
750 752 7 7
750 753 29 1
750 754 8 1
750 755 18 3
750 756 29 1
750 760 8 5
750 761 40 1
750 819 20 6
750 841 45 4
750 851 47 4
750 852 13 2
750 881 32 9
750 900 15 3
750 927 44 2
750 1019 21 1
750 1021 20 6
750 1075 40 8
750 1161 22 3
751 757 15 7
751 758 29 3
751 759 23 8
751 785 35 7
751 786 14 8
751 800 10 6
751 801 48 3
751 817 42 6
751 840 9 9
751 882 10 7
751 902 45 1
751 925 42 8
751 940 20 8
751 945 35 4
751 971 18 8
751 972 20 2
751 1005 38 9
751 1052 3 10
751 1075 2 4
751 1101 1 9
751 1103 40 10
751 1132 35 9
751 1156 4 3
755 772 10 8
756 952 26 4
758 1032 44 3
759 893 18 10
760 761 15 1
760 762 39 2
760 763 11 2
760 764 18 10
760 765 35 1
760 766 2 3
760 767 17 5
760 768 37 2
760 815 23 5
760 972 28 2
760 1015 49 6
760 1070 48 1
760 1132 42 9
760 1133 7 5
761 762 9 10
761 763 27 5
761 764 4 6
761 769 21 8
761 770 9 2
761 771 24 2
761 772 26 5
761 840 7 7
761 852 13 7
761 901 3 1
761 904 11 10
761 940 38 4
761 973 7 10
761 1051 29 1
761 1052 14 3
761 1073 49 9
761 1105 33 7
762 763 4 10
762 764 11 7
762 773 44 6
762 785 48 6
762 817 34 4
762 925 16 2
762 926 3 8
762 940 34 3
762 1005 47 3
762 1019 35 6
762 1155 14 10
762 1159 46 2
763 764 23 1
763 774 5 9
763 775 5 3
763 776 42 2
763 777 23 2
763 778 42 2
763 779 31 8
763 780 4 1
763 781 36 1
763 787 21 7
763 800 30 7
763 841 34 9
763 880 7 2
763 1103 14 4
764 782 18 7
764 783 25 8
764 784 20 1
764 802 4 8
764 854 10 5
772 793 45 4
772 1041 44 9
773 814 48 3
775 790 31 4
776 820 41 8
779 1014 42 9
782 1175 20 3
783 1082 46 8
785 786 37 10
785 787 22 2
785 788 50 8
785 789 17 10
785 790 30 2
785 800 35 2
785 819 44 2
785 854 12 5
785 881 3 3
785 926 14 4
785 940 17 2
785 974 26 4
785 976 38 4
785 1020 10 6
785 1103 8 10
785 1133 3 4
785 1155 46 8
786 787 7 3
786 791 32 3
786 792 10 9
786 793 15 6
786 794 10 10
786 795 37 6
786 796 23 9
786 797 32 8
786 815 24 8
786 840 33 1
786 841 9 5
786 854 35 6
786 880 38 7
786 900 3 8
786 1051 32 7
786 1100 41 5
787 798 11 3
787 799 16 1
787 802 8 3
787 925 42 5
787 941 9 3
787 1005 33 8
787 1015 33 4
787 1053 33 5
787 1071 18 6
787 1074 6 7
787 1133 44 4
787 1163 19 9
788 821 37 7
788 1084 42 3
792 888 10 1
792 935 42 6
794 812 48 7
799 1011 4 4
800 801 18 9
800 802 47 3
800 803 49 1
800 804 42 10
800 805 32 2
800 853 23 1
800 880 46 3
800 902 48 8
800 926 20 7
800 976 31 3
800 1005 44 8
800 1070 29 2
800 1073 28 7
800 1155 31 7
801 802 19 2
801 806 41 5
801 807 29 9
801 815 19 7
801 841 31 2
801 850 23 8
801 883 9 8
801 902 16 6
801 927 32 2
801 942 49 7
801 944 5 1
801 974 40 8
801 1005 22 8
801 1018 34 8
801 1051 9 10
801 1052 46 4
801 1100 35 4
801 1105 34 2
801 1132 29 10
801 1163 46 7
802 808 14 4
802 809 45 10
802 810 42 3
802 811 14 2
802 812 14 5
802 813 15 4
802 814 15 2
802 815 8 8
802 841 38 1
802 1020 10 3
802 1132 9 7
809 1000 45 1
810 999 26 8
812 890 38 10
815 816 9 6
815 817 45 2
815 818 8 3
815 819 23 6
815 820 16 6
815 821 29 5
815 822 6 2
815 823 10 9
815 824 36 2
815 825 47 1
815 826 38 6
815 976 37 8
815 1015 3 6
815 1102 36 7
816 817 34 10
816 818 4 5
816 819 32 8
816 827 33 8
816 828 18 9
816 829 25 1
816 854 22 10
816 881 48 4
816 903 40 7
816 926 19 8
816 1006 39 9
816 1021 37 7
816 1052 11 2
816 1133 23 2
816 1155 9 9
817 818 20 9
817 819 1 1
817 830 25 6
817 831 40 8
817 832 8 1
817 841 9 9
817 883 49 2
817 944 11 2
817 971 28 10
817 1074 44 7
818 819 19 1
818 833 7 10
818 834 4 8
818 835 13 5
818 836 3 7
818 837 45 6
818 838 36 8
818 841 48 4
818 903 22 5
818 1006 49 3
818 1105 45 8
818 1132 42 1
818 1156 42 7
819 839 12 8
819 850 14 7
819 926 39 10
819 942 35 3
819 1050 37 9
819 1074 23 5
820 910 18 8
824 987 48 4
824 1098 18 6
825 918 41 7
828 1117 35 1
835 848 50 2
835 1009 21 10
840 841 20 5
840 842 10 1
840 843 18 5
840 844 1 10
840 845 23 5
840 846 32 4
840 881 26 10
840 901 30 5
840 942 22 2
840 971 11 9
840 1006 48 2
840 1016 14 1
840 1020 13 4
840 1050 36 10
840 1075 26 9
840 1130 12 6
840 1160 22 2
841 847 5 5
841 848 3 8
841 849 6 5
841 853 1 5
841 881 24 5
841 926 28 10
841 927 25 9
841 974 28 5
841 1006 50 5
841 1050 22 3
841 1072 7 9
841 1100 30 7
841 1104 20 10
841 1130 35 8
841 1160 37 3
845 1045 29 1
845 1170 23 5
850 851 44 8
850 852 39 8
850 853 30 1
850 854 22 7
850 855 24 3
850 856 1 3
850 857 29 5
850 858 2 8
850 859 11 2
850 860 16 6
850 880 45 3
850 903 36 10
850 925 49 3
850 944 39 8
850 972 8 10
850 1018 7 5
851 852 10 8
851 853 4 8
851 854 50 2
851 855 24 6
851 861 14 6
851 862 15 7
851 863 40 8
851 864 35 8
851 1006 33 2
851 1021 16 5
851 1053 50 5
851 1157 33 1
852 853 6 2
852 854 13 1
852 855 36 7
852 865 36 9
852 866 13 8
852 867 3 4
852 868 29 7
852 869 8 7
852 870 27 3
852 1104 8 8
853 854 50 2
853 855 34 1
853 871 39 3
853 883 18 6
853 1073 31 7
853 1100 43 4
853 1131 27 6
853 1133 33 8
854 855 15 1
854 872 39 6
854 873 38 1
854 874 22 10
854 944 29 8
854 975 23 4
854 1005 41 3
854 1053 50 1
854 1156 15 2
855 875 34 10
855 876 37 6
855 877 8 8
855 878 27 10
855 879 38 7
855 925 25 2
855 1072 35 8
860 917 46 1
862 969 37 3
863 961 7 6
865 921 36 8
870 918 49 8
871 1166 27 1
874 1115 2 7
880 881 39 6
880 882 37 8
880 883 13 8
880 884 20 3
880 885 26 3
880 886 44 8
880 887 17 8
880 888 31 3
880 925 47 9
880 1006 21 6
880 1053 11 4
880 1073 49 8
880 1100 28 7
880 1103 13 9
880 1156 42 4
881 882 11 7
881 883 21 4
881 889 11 5
881 890 48 6
881 1005 21 8
881 1019 30 10
881 1052 4 4
882 883 24 7
882 891 29 9
882 892 5 5
882 893 16 2
882 894 6 7
882 895 38 2
882 896 33 3
882 897 9 8
882 902 18 10
882 903 38 2
882 926 10 7
882 1070 7 4
882 1130 29 8
882 1131 22 1
882 1158 5 10
883 898 50 5
883 899 43 4
883 943 23 7
883 970 19 2
883 972 46 3
883 1019 14 10
884 1136 47 8
887 1179 25 7
888 986 20 10
890 937 13 9
893 1190 1 10
896 1194 10 9
897 929 45 3
899 1121 36 8
900 901 49 6
900 902 48 6
900 903 28 10
900 904 30 5
900 905 38 7
900 925 5 1
900 1020 48 6
901 902 43 8
901 903 10 4
901 904 17 7
901 906 49 3
901 907 21 2
901 908 40 8
901 909 21 2
901 910 28 4
901 911 4 2
901 1133 46 9
901 1159 35 4
902 903 35 1
902 904 39 5
902 912 12 7
902 913 44 4
902 914 37 1
902 915 15 5
902 916 39 1
902 917 14 9
902 926 9 4
902 972 42 9
902 1051 25 2
902 1053 13 5
902 1072 14 7
902 1075 14 6
902 1131 48 1
902 1161 26 1
903 904 11 2
903 918 35 1
903 919 48 9
903 920 9 8
903 944 1 6
903 1006 5 4
903 1101 35 6
903 1105 13 7
904 921 48 8
904 922 42 2
904 923 46 2
904 924 1 8
904 942 36 1
904 972 31 10
904 1020 36 7
911 982 2 2
911 1078 50 5
912 966 28 6
913 1168 4 4
924 948 16 7
925 926 20 5
925 927 21 10
925 928 23 5
925 929 13 2
925 930 41 9
925 931 42 1
925 932 18 3
925 933 28 4
925 943 19 4
925 1016 38 5
925 1159 49 2
926 927 27 8
926 934 25 5
926 935 10 4
926 936 48 2
926 937 25 6
926 972 43 10
926 1005 3 1
926 1006 47 3
926 1021 25 5
926 1072 35 6
926 1103 30 2
926 1131 30 10
926 1162 7 4
927 938 2 10
927 939 10 5
927 944 39 8
927 970 47 3
927 1050 50 5
927 1072 5 4
927 1103 44 7
927 1133 16 7
930 1151 5 3
931 992 10 8
932 960 33 4
939 1082 46 4
940 941 32 9
940 942 33 2
940 943 34 8
940 944 11 3
940 945 1 9
940 946 23 8
940 947 34 4
940 948 5 10
940 949 50 4
940 1131 14 3
941 942 37 8
941 943 40 1
941 944 23 7
941 945 6 9
941 950 13 6
941 951 1 10
941 952 7 4
941 953 41 7
941 1051 24 7
941 1134 32 1
942 943 31 6
942 944 36 9
942 945 46 7
942 954 21 6
942 955 40 4
942 956 39 8
942 957 25 5
942 958 35 1
942 959 28 9
942 960 16 4
942 961 50 10
942 1005 11 7
943 944 10 8
943 945 46 10
943 962 25 4
943 971 12 7
943 974 21 2
943 1021 49 7
943 1072 19 7
943 1155 1 2
944 945 42 4
944 963 43 9
944 964 41 8
944 965 2 7
944 1006 3 8
944 1021 20 6
944 1102 25 2
944 1159 46 4
945 966 41 10
945 967 5 9
945 968 12 7
945 969 35 3
945 1052 3 5
945 1102 39 2
949 1086 38 9
970 971 1 9
970 972 2 10
970 973 41 6
970 974 3 8
970 975 16 2
970 976 33 3
970 977 48 10
970 978 31 5
970 979 2 2
970 980 28 6
970 981 29 8
970 1052 12 9
970 1159 7 8
971 972 17 9
971 973 15 3
971 974 26 7
971 975 16 5
971 976 26 9
971 982 44 7
971 983 40 8
971 984 44 7
971 985 21 10
971 986 5 2
972 973 8 7
972 974 4 2
972 975 26 1
972 976 29 1
972 987 23 6
972 988 10 3
972 989 39 9
972 990 23 7
972 991 8 1
972 1006 40 4
973 974 15 1
973 975 19 10
973 976 33 1
973 992 9 1
973 993 25 6
973 994 1 3
973 995 29 7
973 1019 16 5
973 1021 19 8
973 1132 43 10
974 975 39 5
974 976 12 7
974 996 14 8
974 997 31 10
974 998 11 10
974 999 12 5
974 1073 23 1
974 1101 30 6
975 976 47 4
975 1000 3 2
975 1051 24 9
975 1102 30 3
975 1132 4 1
975 1159 39 2
976 1001 25 8
976 1002 48 2
976 1003 14 5
976 1004 45 7
976 1005 10 4
976 1074 47 1
979 1127 47 1
981 1111 8 1
982 1009 40 1
987 1085 12 7
987 1199 28 9
988 1143 32 10
998 1135 50 4
1005 1006 32 1
1005 1007 17 8
1005 1008 10 4
1005 1009 25 2
1005 1010 50 8
1005 1011 9 10
1005 1012 7 10
1005 1013 31 4
1005 1017 40 1
1005 1050 11 7
1005 1053 36 6
1005 1134 35 9
1006 1014 40 5
1006 1018 38 3
1006 1070 25 10
1006 1072 16 1
1006 1101 46 5
1006 1104 48 2
1006 1130 47 10
1006 1156 20 1
1006 1157 22 2
1008 1064 50 6
1009 1183 22 6
1013 1174 4 6
1015 1016 38 6
1015 1017 16 5
1015 1018 43 2
1015 1019 50 1
1015 1020 50 3
1015 1021 23 9
1015 1022 44 2
1015 1023 36 2
1015 1024 9 3
1015 1025 17 3
1015 1052 47 2
1015 1130 17 9
1016 1017 9 2
1016 1018 9 3
1016 1019 50 7
1016 1020 42 1
1016 1021 1 8
1016 1026 2 5
1016 1027 3 6
1016 1028 49 8
1016 1029 31 3
1016 1030 8 4
1016 1075 33 1
1016 1132 30 7
1017 1018 21 7
1017 1019 7 1
1017 1020 43 7
1017 1021 1 3
1017 1031 8 6
1017 1032 2 3
1017 1033 18 2
1017 1034 4 6
1017 1053 47 1
1017 1162 18 9
1018 653 38 8
1018 1019 40 9
1018 1020 3 3
1018 1021 41 2
1018 1035 24 8
1018 1036 32 1
1018 1067 20 7
1019 1020 36 7
1019 1021 10 5
1019 1037 37 7
1019 1038 6 3
1019 1039 43 7
1019 1040 45 1
1019 1041 15 5
1019 1042 37 3
1019 1043 10 5
1019 1071 15 6
1019 1105 20 8
1020 1021 39 5
1020 1044 33 2
1020 1045 8 10
1020 1046 10 9
1020 1047 11 2
1020 1048 21 4
1020 1156 30 7
1021 1049 32 3
1021 1100 11 3
1033 1124 16 10
1036 1152 50 3
1038 1081 4 9
1050 1051 19 10
1050 1052 5 1
1050 1053 28 4
1050 1054 36 6
1050 1055 28 8
1050 1056 16 2
1050 1105 3 2
1050 1131 21 3
1051 1052 5 3
1051 1053 11 10
1051 1057 12 6
1051 1058 8 10
1051 1059 11 10
1051 1060 37 2
1051 1061 1 2
1052 1053 30 1
1052 1062 43 2
1052 1063 46 10
1052 1064 37 1
1052 1065 17 6
1052 1105 34 3
1052 1130 5 10
1052 1155 27 3
1052 1156 49 10
1053 1066 7 5
1053 1067 4 3
1053 1068 20 4
1053 1069 32 9
1053 1071 37 1
1053 1075 10 6
1064 1150 45 7
1068 1198 5 7
1070 1071 43 10
1070 1072 49 1
1070 1073 23 5
1070 1074 23 1
1070 1075 17 3
1070 1076 25 4
1070 1077 3 9
1070 1078 19 2
1070 1079 50 1
1070 1080 2 9
1070 1081 6 1
1070 1131 7 6
1070 1158 28 5
1071 1072 45 4
1071 1073 8 2
1071 1074 49 4
1071 1075 40 4
1071 1082 33 4
1071 1083 49 10
1071 1084 28 4
1071 1104 16 2
1072 1073 15 1
1072 1074 22 1
1072 1075 46 5
1072 1085 10 2
1072 1104 5 3
1072 1130 25 4
1072 1157 47 8
1073 1074 32 1
1073 1075 42 1
1073 1086 38 7
1074 1075 21 2
1074 1087 46 2
1074 1088 12 3
1074 1089 31 8
1074 1090 12 3
1074 1091 11 5
1074 1092 10 5
1074 1093 48 10
1074 1094 39 6
1075 1095 25 6
1075 1096 1 7
1075 1097 36 1
1075 1098 47 1
1075 1099 33 4
1077 1128 39 1
1094 1137 20 6
1100 1101 47 6
1100 1102 37 7
1100 1103 34 6
1100 1104 44 8
1100 1105 50 7
1100 1106 6 4
1100 1107 9 6
1101 1102 10 3
1101 1103 6 4
1101 1104 40 9
1101 1105 28 3
1101 1108 15 3
1101 1109 31 10
1101 1110 19 2
1101 1111 30 7
1101 1112 10 6
1101 1162 23 7
1102 1103 27 6
1102 1104 47 10
1102 1105 19 7
1102 1113 11 2
1102 1114 37 9
1103 1104 18 5
1103 1105 6 8
1103 1115 35 7
1103 1116 29 3
1103 1117 1 4
1104 1105 14 1
1104 1118 31 2
1104 1119 18 3
1104 1120 17 6
1104 1121 16 4
1104 1122 30 9
1104 1123 33 4
1104 1124 33 3
1104 1125 50 1
1104 1130 19 9
1104 1134 40 9
1105 1126 2 4
1105 1127 30 10
1105 1128 50 9
1105 1129 50 2
1105 1155 20 4
1109 1178 23 7
1114 1140 29 8
1130 1131 34 8
1130 1132 21 7
1130 1133 44 10
1130 1134 10 8
1130 1135 16 10
1131 1132 21 6
1131 1133 9 4
1131 1134 38 2
1131 1136 5 7
1131 1137 13 6
1131 1138 33 5
1132 1133 48 10
1132 1134 8 5
1132 1139 27 1
1132 1158 34 7
1133 1134 13 4
1133 1140 50 4
1133 1141 27 8
1133 1142 25 1
1133 1143 7 10
1133 1144 29 3
1133 1145 33 10
1133 1146 6 4
1133 1147 26 4
1134 1148 47 3
1134 1149 8 3
1134 1150 9 4
1134 1151 8 7
1134 1152 39 1
1134 1153 24 8
1134 1154 2 6
1134 1157 34 9
1142 1166 42 8
1155 1156 6 7
1155 1157 35 3
1155 1158 26 5
1155 1159 29 7
1155 1160 37 1
1155 1161 7 10
1155 1162 49 6
1155 1163 5 9
1155 1164 30 6
1155 1165 49 10
1155 1166 17 8
1155 1167 34 6
1155 1168 38 2
1155 1169 23 8
1156 1157 24 3
1156 1158 19 6
1156 1159 44 4
1156 1160 22 2
1156 1161 22 6
1156 1162 41 7
1156 1163 50 6
1156 1170 28 4
1156 1171 18 9
1156 1172 17 5
1156 1173 20 9
1157 1158 47 8
1157 1159 16 8
1157 1160 42 2
1157 1161 25 3
1157 1162 7 8
1157 1163 12 4
1157 1174 22 9
1158 1159 30 6
1158 1160 40 4
1158 1161 31 2
1158 1162 32 6
1158 1163 18 10
1158 1175 46 9
1158 1176 27 2
1158 1177 38 9
1158 1178 31 7
1158 1179 48 3
1158 1180 12 5
1159 1160 48 2
1159 1161 45 1
1159 1162 44 10
1159 1163 40 3
1159 1181 47 1
1159 1182 37 2
1159 1183 21 6
1159 1184 24 9
1160 1161 17 3
1160 1162 36 10
1160 1163 43 3
1160 1185 2 8
1160 1186 34 3
1160 1187 18 1
1160 1188 44 4
1160 1189 27 6
1161 1162 20 3
1161 1163 11 5
1161 1190 20 7
1162 1163 47 6
1162 1191 49 3
1162 1192 43 5
1162 1193 29 3
1162 1194 9 1
1162 1195 17 10
1163 1196 42 5
1163 1197 6 7
1163 1198 49 10
1163 1199 37 8

0 601 16
1 640 18
2 1049 17
3 245 3
4 18 29
5 168 3
6 184 51
7 86 36
8 569 17
9 409 24
10 253 39
11 921 35
12 1088 3
13 887 22
14 703 13
15 952 17
16 62 21
17 680 63
18 376 10
19 1025 32
20 869 5
21 777 16
22 666 10
23 361 44
24 509 19
25 1167 9
26 845 46
27 505 48
28 918 114
29 698 20
30 419 28
31 4 12
32 834 25
33 829 9
34 783 46
35 1195 4
36 598 8
37 1168 22
38 596 46
39 983 10
40 1029 46
41 594 24
42 87 20
43 374 32
44 463 22
45 437 6
46 657 13
47 1187 33
48 992 11
49 316 18
50 391 12
51 579 23
52 723 21
53 84 51
54 476 6
55 186 23
56 1045 9
57 930 12
58 1054 20
59 1147 13
60 250 9
61 539 5
62 418 12
63 524 12
64 571 30
65 1190 43
66 858 2
67 357 18
68 1107 9
69 964 19
70 1030 3
71 389 49
72 1128 67
73 739 83
74 747 45
75 748 53
76 269 33
77 663 37
78 638 4
79 1196 18
80 517 26
81 305 40
82 238 40
83 293 30
84 206 40
85 249 29
86 981 10
87 1194 6
88 141 12
89 960 26
90 210 16
91 251 52
92 543 28
93 118 30
94 342 7
95 189 6
96 1086 48
97 611 33
98 715 8
99 928 14
100 39 9
101 519 5
102 91 3
103 179 3
104 884 28
105 727 27
106 188 26
107 554 33
108 212 18
109 699 6
110 105 6
111 588 21
112 235 6
113 577 2
114 378 9
115 1036 27
116 684 26
117 94 19
118 639 38
119 1121 25
120 1174 29
121 166 25
122 1003 25
123 1178 38
124 172 17
125 20 18
126 832 5
127 90 52
128 1097 9
129 771 36
130 784 9
131 205 88
132 863 44
133 21 31
134 271 9
135 85 8
136 734 27
137 115 33
138 34 38
139 774 9
140 924 12
141 986 28
142 467 20
143 1056 22
144 1112 21
145 181 8
146 843 11
147 154 30
148 978 9
149 318 8
150 344 41
151 157 8
152 438 25
153 153 58
154 515 21
155 254 3
156 676 15
157 717 7
158 950 15
159 602 14
160 803 28
161 435 1
162 709 17
163 1185 2
164 782 59
165 754 4
166 1037 36
167 1184 13
168 507 68
169 619 33
170 1175 27
171 53 64
172 574 15
173 201 27
174 576 21
175 934 13
176 276 10
177 1098 40
178 937 48
179 333 43
180 375 43
181 667 27
182 1138 17
183 827 18
184 456 25
185 959 34
186 66 14
187 311 34
188 1182 15
189 384 22
190 912 23
191 949 33
192 793 16
193 1046 6
194 1142 32
195 538 10
196 1055 7
197 967 42
198 1165 35
199 788 54
200 1141 18
201 13 18
202 501 13
203 407 29
204 43 18
205 796 16
206 633 13
207 892 15
208 595 37
209 1193 65
210 890 101
211 79 19
212 200 2
213 107 5
214 309 11
215 1077 29
216 805 23
217 955 27
218 1059 5
219 551 18
220 635 73
221 92 16
222 1065 26
223 1149 4
224 191 4
225 837 25
226 1127 38
227 306 25
228 194 26
229 347 40
230 731 14
231 278 60
232 575 12
233 104 21
234 1124 14
235 213 41
236 468 15
237 392 36
238 208 18
239 1081 5
240 268 73
241 1177 24
242 173 37
243 962 11
244 525 15
245 550 36
246 386 15
247 704 38
248 631 28
249 1044 20
250 789 12
251 1110 9
252 266 40
253 896 41
254 471 21
255 1022 36
256 1090 8
257 849 3
258 674 43
259 406 27
260 693 29
261 152 19
262 730 34
263 1092 7
264 77 25
265 675 38
266 1181 18
267 1148 32
268 541 28
269 443 25
270 461 36
271 1032 20
272 423 14
273 708 16
274 495 34
275 752 71
276 648 52
277 397 48
278 548 83
279 100 21
280 343 6
281 445 13
282 291 38
283 848 45
284 993 8
285 349 20
286 353 16
287 427 3
288 878 19
289 874 30
290 886 40
291 116 9
292 729 21
293 385 32
294 103 7
295 951 6
296 969 31
297 345 32
298 991 9
299 915 6
300 860 29
301 673 35
302 246 3
303 226 29
304 459 30
305 313 12
306 23 23
307 64 27
308 270 40
309 589 73
310 549 36
311 17 17
312 568 20
313 114 16
314 236 10
315 428 4
316 795 14
317 641 12
318 167 21
319 982 50
320 237 1
321 121 16
322 1199 41
323 1082 66
324 248 51
325 442 37
326 636 13
327 830 10
328 1041 13
329 994 34
330 1146 13
331 129 12
332 1028 18
333 126 15
334 610 19
335 668 34
336 497 66
337 494 20
338 1108 12
339 244 29
340 360 15
341 1143 41
342 302 16
343 1179 89
344 102 46
345 37 19
346 182 3
347 348 50
348 583 19
349 812 50
350 582 1
351 862 55
352 214 40
353 417 16
354 482 24
355 436 12
356 240 13
357 833 3
358 542 7
359 895 9
360 877 8
361 145 15
362 498 7
363 426 11
364 557 6
365 6 69
366 888 35
367 716 21
368 624 45
369 146 25
370 857 9
371 265 8
372 980 17
373 78 14
374 846 12
375 1080 1
376 207 13
377 147 12
378 396 11
379 89 19
380 643 18
381 897 17
382 414 20
383 935 18
384 931 24
385 1007 7
386 836 4
387 155 66
388 415 19
389 965 10
390 885 23
391 1173 19
392 123 9
393 109 3
394 694 22
395 746 28
396 170 14
397 697 14
398 58 24
399 603 23
400 124 24
401 57 23
402 352 5
403 434 23
404 867 13
405 287 62
406 44 34
407 521 31
408 362 13
409 861 6
410 239 40
411 455 7
412 470 51
413 117 20
414 180 17
415 19 44
416 1063 11
417 1014 36
418 767 29
419 718 15
420 101 31
421 733 24
422 466 15
423 8 34
424 61 73
425 1079 27
426 176 12
427 1113 8
428 55 29
429 1002 36
430 363 1
431 823 7
432 304 33
433 741 25
434 558 35
435 544 20
436 321 13
437 307 15
438 264 45
439 368 14
440 646 13
441 379 8
442 1170 26
443 1189 24
444 323 11
445 790 24
446 948 29
447 797 14
448 281 13
449 328 21
450 449 16
451 332 2
452 24 24
453 339 12
454 678 26
455 1004 18
456 224 19
457 1066 4
458 781 14
459 1191 22
460 1069 17
461 700 42
462 701 57
463 247 15
464 1118 29
465 60 29
466 1150 23
467 682 20
468 159 17
469 516 1
470 447 37
471 472 41
472 346 19
473 1038 8
474 961 13
475 791 20
476 67 33
477 225 32
478 828 27
479 659 21
