5           1
6           4
24          2
25          4
61          4
84          2
90          3
96          5
118         3
130         4
133         4
155         4
196         4
205         4
216         4
217         5
228         1
256         5
270         3
279         2
306         1
325         5
337         5
366         4
371         2
377         2
383         4
387         3
400         4
423         0
430         5
459         2
470         4
472         3
481         4
507         5
511         5
513         4
520         1
548         5
559         1
563         4
564         4
578         3
596         3
606         4
635         3
648         2
650         4
651         4
654         4
656         5
673         2
674         3
681         0
685         4
687         5
712         4
713         4
737         5
739         4
751         5
752         3
762         4
782         3
787         4
798         0
801         4
819         4
845         3
853         4
880         5
882         5
883         4
890         6
900         4
901         4
918         5
925         4
927         4
967         3
974         4
975         4
976         5
979         1
994         2
1015        5
1072        4
1075        4
1082        4
1103        4
1104        4
1128        3
1130        4
1132        4
1136        1
1143        2
1155        4
1158        4
1179        4
1190        3
1193        4
