6           4
7           4
40          4
43          4
59          1
63          4
64          4
87          1
98          2
105         5
117         2
130         4
137         3
153         4
154         4
180         5
182         4
204         2
211         4
223         1
232         4
233         2
236         4
238         4
240         1
271         4
291         5
299         4
302         5
333         3
337         4
366         5
374         3
394         2
402         4
424         1
444         3
470         4
471         4
485         3
486         3
488         3
496         4
498         5
499         4
521         0
523         1
525         5
537         5
547         2
551         5
571         4
574         5
575         4
576         4
578         4
583         1
614         3
619         3
623         4
638         3
642         2
645         5
662         1
669         4
690         5
705         2
731         4
747         5
760         3
796         2
802         4
804         4
818         5
822         2
826         3
830         5
835         4
863         4
890         4
899         4
901         2
912         5
952         4
967         4
976         5
990         6
1003        2
1018        2
1050        4
1067        5
1100        3
1110        1
1138        3
1163        4
1164        5
1169        3
1170        4
