3           3
13          2
20          4
28          2
37          5
42          5
66          4
78          5
81          4
87          3
113         4
139         3
144         4
160         4
161         5
191         5
203         4
224         2
233         5
258         4
276         5
285         4
287         5
289         4
294         4
320         4
356         4
359         4
434         4
439         3
446         4
463         3
472         2
480         4
481         4
485         5
486         4
497         4
516         4
519         4
520         4
521         4
539         1
551         4
555         5
561         1
569         5
595         4
596         0
599         4
601         4
610         4
615         4
631         4
661         4
670         4
707         4
725         3
732         4
734         4
746         1
761         5
762         5
780         4
816         5
821         4
830         4
835         3
840         5
847         4
868         3
901         3
905         4
908         5
924         1
926         4
927         5
938         3
942         4
947         3
951         3
953         3
966         4
992         4
1021        4
1022        4
1024        5
1056        4
1064        4
1079        4
1080        5
1086        3
1105        5
1151        0
1160        1
1175        4
1179        4
1181        3
1182        4
