1200 5274 480 2

750

0 25 2000
1 50 5000
2 75 9000
3 100 17000
4 125 25000
5 150 32000
6 175 38000
7 200 44000
8 225 50000
9 250 61000

0 40000
1 40000
2 40000
3 30000
4 20000
5 20000
6 30000
7 30000
8 30000
9 30000
10 20000
11 40000
12 40000
13 30000
14 30000
15 40000
16 40000
17 40000
18 40000
19 40000
20 20000
21 30000
22 20000
23 30000
24 30000
25 30000
26 30000
27 20000
28 30000
29 30000
30 20000
31 20000
32 30000
33 30000
34 20000
35 30000
36 30000
37 40000
38 30000
39 30000
40 40000
41 40000
42 40000
43 40000
44 40000
45 20000
46 20000
47 30000
48 20000
49 20000
50 30000
51 20000
52 30000
53 40000
54 20000
55 20000
56 40000
57 30000
58 30000
59 30000
60 30000
61 30000
62 30000
63 30000
64 30000
65 40000
66 40000
67 20000
68 40000
69 40000
70 20000
71 40000
72 40000
73 40000
74 30000
75 30000
76 20000
77 20000
78 30000
79 30000
80 20000
81 30000
82 5000
83 20000
84 20000
85 30000
86 30000
87 40000
88 20000
89 30000
90 30000
91 30000
92 20000
93 30000
94 40000
95 30000
96 30000
97 5000
98 30000
99 30000
100 30000
101 20000
102 30000
103 30000
104 40000
105 20000
106 30000
107 20000
108 30000
109 30000
110 40000
111 40000
112 40000
113 30000
114 40000
115 30000
116 30000
117 30000
118 20000
119 20000
120 20000
121 40000
122 30000
123 30000
124 30000
125 40000
126 40000
127 40000
128 20000
129 40000
130 30000
131 30000
132 30000
133 30000
134 30000
135 40000
136 30000
137 20000
138 30000
139 30000
140 5000
141 40000
142 5000
143 20000
144 40000
145 40000
146 30000
147 20000
148 20000
149 30000
150 20000
151 40000
152 40000
153 5000
154 5000
155 20000
156 40000
157 30000
158 30000
159 30000
160 30000
161 20000
162 20000
163 30000
164 30000
165 40000
166 40000
167 40000
168 30000
169 30000
170 30000
171 40000
172 20000
173 40000
174 30000
175 20000
176 20000
177 30000
178 30000
179 30000
180 20000
181 20000
182 40000
183 5000
184 5000
185 5000
186 40000
187 5000
188 30000
189 20000
190 20000
191 20000
192 30000
193 30000
194 30000
195 40000
196 40000
197 40000
198 40000
199 30000
200 40000
201 40000
202 40000
203 40000
204 30000
205 20000
206 30000
207 30000
208 40000
209 30000
210 30000
211 30000
212 40000
213 20000
214 40000
215 40000
216 40000
217 40000
218 30000
219 30000
220 20000
221 20000
222 20000
223 30000
224 20000
225 20000
226 20000
227 40000
228 40000
229 30000
230 40000
231 40000
232 30000
233 40000
234 40000
235 40000
236 30000
237 40000
238 30000
239 30000
240 40000
241 40000
242 20000
243 40000
244 40000
245 40000
246 40000
247 40000
248 30000
249 30000
250 30000
251 30000
252 30000
253 20000
254 40000
255 40000
256 20000
257 40000
258 5000
259 20000
260 20000
261 30000
262 30000
263 20000
264 40000
265 30000
266 40000
267 20000
268 40000
269 30000
270 30000
271 20000
272 30000
273 40000
274 20000
275 40000
276 40000
277 40000
278 40000
279 40000
280 40000
281 40000
282 40000
283 30000
284 20000
285 20000
286 30000
287 20000
288 20000
289 20000
290 20000
291 30000
292 30000
293 30000
294 40000
295 30000
296 30000
297 30000
298 20000
299 30000
300 20000
301 30000
302 30000
303 20000
304 20000
305 20000
306 20000
307 30000
308 20000
309 30000
310 40000
311 30000
312 30000
313 20000
314 40000
315 40000
316 40000
317 20000
318 40000
319 30000
320 20000
321 30000
322 20000
323 30000
324 30000
325 40000
326 40000
327 20000
328 20000
329 30000
330 30000
331 20000
332 20000
333 30000
334 20000
335 40000
336 40000
337 20000
338 40000
339 40000
340 20000
341 20000
342 20000
343 30000
344 30000
345 30000
346 30000
347 40000
348 30000
349 20000
350 20000
351 30000
352 30000
353 20000
354 20000
355 5000
356 20000
357 30000
358 30000
359 30000
360 30000
361 30000
362 30000
363 30000
364 40000
365 20000
366 40000
367 40000
368 40000
369 5000
370 30000
371 30000
372 30000
373 40000
374 30000
375 30000
376 20000
377 20000
378 40000
379 40000
380 40000
381 20000
382 20000
383 30000
384 30000
385 40000
386 40000
387 40000
388 40000
389 20000
390 40000
391 40000
392 40000
393 20000
394 40000
395 30000
396 20000
397 30000
398 20000
399 20000
400 30000
401 20000
402 40000
403 30000
404 30000
405 20000
406 30000
407 20000
408 40000
409 30000
410 30000
411 30000
412 5000
413 5000
414 30000
415 30000
416 40000
417 30000
418 40000
419 30000
420 40000
421 20000
422 20000
423 20000
424 30000
425 40000
426 40000
427 20000
428 20000
429 30000
430 30000
431 20000
432 30000
433 40000
434 30000
435 20000
436 40000
437 40000
438 40000
439 40000
440 5000
441 5000
442 30000
443 40000
444 30000
445 30000
446 30000
447 20000
448 40000
449 30000
450 30000
451 20000
452 20000
453 40000
454 30000
455 20000
456 30000
457 20000
458 30000
459 30000
460 40000
461 40000
462 40000
463 40000
464 40000
465 40000
466 40000
467 40000
468 40000
469 30000
470 30000
471 20000
472 20000
473 30000
474 30000
475 20000
476 20000
477 30000
478 30000
479 20000
480 30000
481 20000
482 30000
483 30000
484 30000
485 30000
486 30000
487 20000
488 40000
489 30000
490 30000
491 40000
492 30000
493 40000
494 20000
495 20000
496 30000
497 20000
498 30000
499 20000
500 20000
501 40000
502 20000
503 20000
504 20000
505 20000
506 40000
507 40000
508 40000
509 5000
510 30000
511 30000
512 20000
513 20000
514 30000
515 30000
516 20000
517 20000
518 20000
519 30000
520 30000
521 20000
522 30000
523 20000
524 30000
525 40000
526 40000
527 40000
528 40000
529 30000
530 30000
531 30000
532 30000
533 30000
534 40000
535 40000
536 40000
537 30000
538 30000
539 30000
540 40000
541 30000
542 30000
543 20000
544 30000
545 40000
546 40000
547 40000
548 30000
549 20000
550 30000
551 30000
552 20000
553 30000
554 40000
555 40000
556 40000
557 30000
558 20000
559 20000
560 40000
561 20000
562 40000
563 40000
564 20000
565 40000
566 40000
567 30000
568 20000
569 5000
570 40000
571 30000
572 40000
573 30000
574 30000
575 30000
576 20000
577 30000
578 20000
579 40000
580 40000
581 40000
582 40000
583 30000
584 20000
585 40000
586 30000
587 40000
588 30000
589 20000
590 40000
591 40000
592 30000
593 30000
594 20000
595 20000
596 40000
597 5000
598 30000
599 40000
600 20000
601 30000
602 20000
603 30000
604 30000
605 40000
606 40000
607 40000
608 40000
609 40000
610 30000
611 30000
612 30000
613 30000
614 20000
615 30000
616 30000
617 30000
618 30000
619 30000
620 30000
621 30000
622 30000
623 40000
624 20000
625 30000
626 40000
627 20000
628 30000
629 30000
630 40000
631 40000
632 30000
633 40000
634 30000
635 40000
636 30000
637 30000
638 20000
639 30000
640 20000
641 40000
642 40000
643 40000
644 40000
645 20000
646 5000
647 40000
648 20000
649 30000
650 30000
651 20000
652 20000
653 30000
654 20000
655 20000
656 30000
657 30000
658 30000
659 40000
660 30000
661 30000
662 30000
663 40000
664 30000
665 40000
666 40000
667 40000
668 40000
669 40000
670 30000
671 30000
672 30000
673 30000
674 30000
675 20000
676 30000
677 30000
678 40000
679 30000
680 20000
681 30000
682 20000
683 30000
684 30000
685 20000
686 30000
687 30000
688 30000
689 20000
690 40000
691 40000
692 40000
693 40000
694 40000
695 30000
696 40000
697 30000
698 30000
699 30000
700 40000
701 30000
702 30000
703 30000
704 40000
705 40000
706 40000
707 30000
708 20000
709 20000
710 40000
711 20000
712 20000
713 20000
714 30000
715 40000
716 40000
717 30000
718 30000
719 30000
720 20000
721 30000
722 30000
723 20000
724 30000
725 20000
726 40000
727 40000
728 40000
729 40000
730 40000
731 5000
732 5000
733 5000
734 30000
735 30000
736 20000
737 40000
738 20000
739 30000
740 40000
741 30000
742 20000
743 20000
744 30000
745 30000
746 30000
747 20000
748 40000
749 30000
750 30000
751 30000
752 20000
753 30000
754 30000
755 40000
756 20000
757 40000
758 40000
759 40000
760 40000
761 40000
762 30000
763 40000
764 30000
765 30000
766 30000
767 30000
768 5000
769 40000
770 40000
771 30000
772 30000
773 20000
774 20000
775 40000
776 30000
777 30000
778 30000
779 30000
780 30000
781 20000
782 40000
783 40000
784 20000
785 30000
786 20000
787 30000
788 40000
789 30000
790 40000
791 40000
792 20000
793 20000
794 40000
795 40000
796 40000
797 40000
798 40000
799 30000
800 20000
801 20000
802 40000
803 20000
804 30000
805 30000
806 30000
807 20000
808 5000
809 40000
810 20000
811 20000
812 5000
813 5000
814 30000
815 20000
816 20000
817 30000
818 30000
819 40000
820 30000
821 40000
822 30000
823 30000
824 30000
825 40000
826 40000
827 40000
828 30000
829 20000
830 30000
831 20000
832 30000
833 40000
834 20000
835 40000
836 40000
837 20000
838 40000
839 40000
840 40000
841 40000
842 30000
843 20000
844 30000
845 30000
846 20000
847 20000
848 30000
849 40000
850 20000
851 5000
852 30000
853 30000
854 20000
855 40000
856 40000
857 20000
858 40000
859 20000
860 20000
861 40000
862 30000
863 20000
864 30000
865 20000
866 40000
867 40000
868 30000
869 30000
870 40000
871 40000
872 30000
873 30000
874 20000
875 40000
876 40000
877 40000
878 40000
879 40000
880 40000
881 30000
882 20000
883 20000
884 30000
885 30000
886 30000
887 20000
888 30000
889 30000
890 30000
891 30000
892 30000
893 40000
894 40000
895 30000
896 30000
897 20000
898 30000
899 40000
900 30000
901 20000
902 30000
903 30000
904 20000
905 40000
906 20000
907 20000
908 30000
909 20000
910 30000
911 30000
912 40000
913 20000
914 5000
915 20000
916 40000
917 40000
918 40000
919 40000
920 5000
921 20000
922 20000
923 20000
924 20000
925 30000
926 40000
927 30000
928 30000
929 30000
930 20000
931 40000
932 30000
933 20000
934 30000
935 30000
936 20000
937 30000
938 40000
939 30000
940 40000
941 20000
942 30000
943 30000
944 30000
945 40000
946 30000
947 30000
948 20000
949 30000
950 40000
951 40000
952 40000
953 40000
954 20000
955 40000
956 30000
957 20000
958 30000
959 40000
960 30000
961 40000
962 30000
963 40000
964 20000
965 40000
966 20000
967 30000
968 30000
969 40000
970 30000
971 40000
972 40000
973 40000
974 30000
975 40000
976 40000
977 20000
978 40000
979 30000
980 40000
981 20000
982 40000
983 40000
984 30000
985 20000
986 40000
987 40000
988 20000
989 30000
990 5000
991 40000
992 20000
993 30000
994 40000
995 40000
996 30000
997 20000
998 40000
999 40000
1000 40000
1001 40000
1002 40000
1003 20000
1004 20000
1005 40000
1006 30000
1007 20000
1008 30000
1009 20000
1010 30000
1011 30000
1012 30000
1013 40000
1014 30000
1015 30000
1016 20000
1017 20000
1018 40000
1019 40000
1020 5000
1021 5000
1022 40000
1023 40000
1024 5000
1025 30000
1026 30000
1027 30000
1028 40000
1029 30000
1030 40000
1031 40000
1032 40000
1033 40000
1034 40000
1035 40000
1036 20000
1037 40000
1038 40000
1039 40000
1040 30000
1041 20000
1042 30000
1043 20000
1044 30000
1045 30000
1046 20000
1047 30000
1048 30000
1049 30000
1050 40000
1051 30000
1052 20000
1053 30000
1054 30000
1055 40000
1056 30000
1057 30000
1058 30000
1059 30000
1060 40000
1061 40000
1062 40000
1063 40000
1064 40000
1065 40000
1066 40000
1067 30000
1068 40000
1069 40000
1070 20000
1071 30000
1072 30000
1073 30000
1074 30000
1075 30000
1076 40000
1077 30000
1078 30000
1079 30000
1080 30000
1081 40000
1082 20000
1083 20000
1084 30000
1085 40000
1086 20000
1087 40000
1088 30000
1089 30000
1090 40000
1091 40000
1092 30000
1093 40000
1094 30000
1095 20000
1096 20000
1097 30000
1098 40000
1099 30000
1100 40000
1101 20000
1102 30000
1103 40000
1104 20000
1105 40000
1106 40000
1107 20000
1108 30000
1109 30000
1110 40000
1111 40000
1112 40000
1113 40000
1114 40000
1115 30000
1116 30000
1117 20000
1118 30000
1119 30000
1120 20000
1121 30000
1122 30000
1123 20000
1124 20000
1125 30000
1126 30000
1127 30000
1128 30000
1129 30000
1130 20000
1131 40000
1132 30000
1133 30000
1134 20000
1135 40000
1136 20000
1137 40000
1138 40000
1139 40000
1140 30000
1141 30000
1142 30000
1143 40000
1144 30000
1145 40000
1146 40000
1147 30000
1148 30000
1149 20000
1150 40000
1151 20000
1152 30000
1153 40000
1154 30000
1155 20000
1156 30000
1157 30000
1158 40000
1159 30000
1160 40000
1161 40000
1162 20000
1163 40000
1164 30000
1165 20000
1166 40000
1167 40000
1168 30000
1169 30000
1170 40000
1171 20000
1172 40000
1173 40000
1174 20000
1175 30000
1176 30000
1177 30000
1178 40000
1179 5000
1180 20000
1181 5000
1182 30000
1183 30000
1184 40000
1185 40000
1186 30000
1187 30000
1188 30000
1189 30000
1190 20000
1191 20000
1192 40000
1193 40000
1194 5000
1195 40000
1196 30000
1197 40000
1198 30000
1199 20000

0 1 13 7
0 2 25 3
0 3 1 9
0 4 29 10
0 5 45 7
0 19 34 9
0 71 12 9
0 110 20 5
0 112 14 2
0 128 34 10
0 152 37 3
0 165 12 5
0 166 14 1
0 195 31 3
0 230 3 10
0 231 8 1
0 242 33 4
0 277 36 3
0 316 36 8
0 326 12 9
0 339 50 7
0 340 20 3
0 365 48 6
0 368 39 5
0 392 43 3
0 438 17 1
0 525 14 8
0 546 25 4
0 582 36 9
0 631 21 9
0 643 33 6
0 669 31 5
0 691 28 8
0 705 26 1
0 715 4 5
0 716 33 1
0 726 12 1
0 836 18 3
0 879 41 8
0 940 24 7
0 951 50 4
0 952 43 1
0 1000 15 6
0 1004 18 10
0 1100 34 3
0 1113 8 2
1 2 39 8
1 6 45 3
1 7 43 2
1 8 28 2
1 9 29 1
1 10 29 7
1 11 11 8
1 15 27 3
1 44 37 5
1 125 36 9
1 151 48 2
1 180 22 7
1 196 6 10
1 280 29 8
1 326 3 5
1 388 22 8
1 426 1 7
1 468 24 4
1 508 43 3
1 536 12 8
1 547 8 6
1 595 17 4
1 605 42 6
1 608 44 10
1 691 36 9
1 706 23 6
1 761 15 4
1 796 22 1
1 825 37 4
1 865 42 6
1 878 27 9
1 905 22 4
1 918 34 9
1 919 45 7
1 945 4 6
1 981 2 9
1 982 29 3
1 1105 12 3
1 1160 31 5
1 1174 49 8
2 12 7 6
2 13 39 9
2 14 15 4
2 42 13 8
2 69 25 2
2 180 2 7
2 215 32 7
2 216 49 9
2 240 27 10
2 316 41 3
2 426 45 10
2 436 22 5
2 462 25 3
2 508 33 3
2 526 3 4
2 535 4 8
2 560 33 5
2 562 35 9
2 582 17 9
2 596 25 7
2 631 30 5
2 640 38 4
2 727 15 5
2 760 36 5
2 792 31 4
2 825 21 7
2 839 16 8
2 865 44 3
2 905 35 5
2 945 14 6
2 1032 12 10
2 1035 26 8
2 1061 18 1
2 1063 37 5
2 1091 48 2
2 1100 6 8
2 1105 20 1
2 1113 2 8
2 1137 39 2
2 1139 24 5
2 1173 36 4
2 1195 25 8
3 894 18 3
3 986 32 1
4 497 32 9
6 662 23 9
7 61 19 4
7 164 40 7
7 867 47 4
7 1099 45 10
8 626 15 9
11 475 9 9
11 708 23 10
11 745 14 7
12 482 41 3
12 494 23 10
12 1157 3 1
14 251 39 8
15 16 15 1
15 17 17 10
15 18 27 6
15 19 36 5
15 20 3 5
15 21 31 5
15 22 41 7
15 44 44 2
15 110 6 4
15 166 9 8
15 198 15 9
15 231 20 6
15 326 30 2
15 388 21 6
15 505 23 8
15 507 29 7
15 525 20 1
15 526 12 1
15 546 41 10
15 547 41 4
15 581 19 2
15 596 36 6
15 690 50 10
15 726 38 6
15 825 7 1
15 826 3 5
15 865 19 6
15 945 44 10
15 953 17 7
15 1032 47 10
15 1110 5 3
15 1160 44 7
15 1161 1 6
16 17 17 3
16 18 7 3
16 19 33 5
16 23 40 2
16 24 47 5
16 25 26 1
16 26 14 2
16 27 39 10
16 73 42 1
16 198 42 3
16 217 48 7
16 316 42 3
16 392 17 3
16 426 44 1
16 561 47 9
16 606 49 4
16 643 38 4
16 667 14 3
16 706 31 6
16 715 46 4
16 793 50 4
16 945 38 9
16 982 5 5
16 1001 2 7
16 1030 46 8
16 1060 46 6
16 1090 10 5
16 1195 2 8
17 18 36 1
17 19 45 6
17 28 9 1
17 29 37 7
17 110 1 2
17 151 9 1
17 180 44 4
17 245 48 2
17 365 43 10
17 439 21 8
17 463 37 3
17 536 38 1
17 630 30 1
17 644 40 4
17 669 45 2
17 757 36 4
17 875 40 1
17 906 41 10
17 915 18 8
17 916 18 9
17 940 36 4
17 951 43 1
17 1105 35 9
17 1136 21 5
17 1139 11 3
17 1172 5 5
17 1195 36 9
18 19 44 2
18 30 47 5
18 31 33 7
18 32 9 8
18 33 12 4
18 34 43 6
18 35 38 7
18 69 15 9
18 128 37 3
18 151 2 6
18 215 38 7
18 231 31 10
18 277 34 2
18 325 12 5
18 340 32 9
18 426 11 6
18 436 37 5
18 536 6 3
18 580 25 1
18 595 26 8
18 705 13 5
18 727 42 5
18 756 37 9
18 837 32 3
18 906 39 2
18 940 17 1
18 1000 28 4
18 1090 25 6
18 1100 25 8
18 1105 6 9
18 1113 3 1
18 1173 34 3
19 36 40 6
19 37 22 3
19 38 8 10
19 39 14 6
19 43 2 8
19 167 26 10
19 180 36 8
19 242 2 6
19 276 45 1
19 316 41 8
19 335 8 10
19 366 20 4
19 467 27 8
19 563 12 3
19 609 8 1
19 631 43 6
19 692 32 8
19 715 39 9
19 796 4 3
19 836 35 9
19 876 40 8
19 980 43 3
19 1060 48 10
19 1100 20 10
21 238 30 8
21 299 49 10
21 931 5 4
23 99 9 8
23 973 6 7
26 634 48 7
27 266 26 5
27 957 2 8
29 587 14 10
32 528 7 1
32 802 37 7
32 974 8 10
32 1097 44 6
33 737 48 4
34 992 15 4
35 1014 17 9
36 599 30 2
37 174 10 5
37 447 49 7
39 1053 7 7
40 41 26 3
40 42 36 5
40 43 21 1
40 44 40 4
40 45 13 4
40 46 19 2
40 47 16 9
40 48 31 5
40 49 16 9
40 68 50 10
40 110 39 8
40 126 21 9
40 150 28 3
40 167 21 7
40 216 17 8
40 281 2 5
40 505 33 5
40 631 3 2
40 640 19 3
40 669 1 2
40 690 12 10
40 760 19 3
40 880 43 10
40 906 25 9
40 953 10 5
40 980 26 8
40 1002 14 8
40 1032 44 5
40 1034 44 2
40 1091 50 3
40 1161 11 7
41 42 21 2
41 43 4 1
41 44 16 2
41 50 43 4
41 51 38 1
41 111 47 4
41 181 31 3
41 182 18 10
41 195 21 3
41 339 19 3
41 390 30 3
41 425 42 3
41 439 22 6
41 580 7 6
41 643 37 5
41 756 46 6
41 793 45 2
41 826 34 4
41 836 49 6
41 866 31 10
41 940 24 7
41 1100 14 2
41 1105 28 1
41 1135 48 10
41 1160 23 8
41 1171 35 1
42 43 25 6
42 44 46 1
42 52 27 3
42 53 6 5
42 54 24 2
42 55 8 7
42 152 16 9
42 196 50 2
42 217 38 6
42 230 29 2
42 315 19 4
42 325 31 3
42 326 32 5
42 339 17 8
42 426 42 1
42 467 41 3
42 526 12 7
42 536 8 10
42 563 42 2
42 595 41 7
42 669 3 5
42 715 43 2
42 726 50 3
42 919 37 4
42 954 27 6
42 1001 44 10
42 1105 13 4
42 1110 35 8
42 1114 50 3
42 1170 29 1
42 1195 26 3
43 44 4 6
43 56 34 6
43 57 29 1
43 58 26 1
43 242 1 3
43 244 6 8
43 278 27 10
43 366 33 9
43 387 44 1
43 460 10 1
43 546 31 1
43 595 21 6
43 609 16 4
43 691 12 10
43 705 21 7
43 706 11 6
43 728 1 8
43 791 5 10
43 906 19 8
43 918 6 1
43 1060 31 9
43 1100 28 8
43 1135 24 3
44 59 44 5
44 60 4 9
44 61 9 5
44 62 46 6
44 63 15 2
44 64 22 1
44 67 33 10
44 126 30 9
44 166 27 4
44 231 37 9
44 315 32 1
44 368 40 1
44 436 37 3
44 505 12 2
44 525 15 3
44 536 8 3
44 546 47 1
44 561 37 3
44 581 38 8
44 609 16 6
44 631 19 4
44 716 37 5
44 839 7 8
44 865 12 8
44 880 20 2
44 940 14 8
44 945 46 7
44 980 25 8
44 1065 48 1
44 1091 25 7
45 354 23 9
46 271 48 2
47 1145 15 3
48 1083 31 6
53 841 4 9
53 1012 25 10
54 990 38 2
55 652 31 9
56 75 25 9
56 650 27 1
58 228 9 8
59 724 6 5
61 540 39 7
62 164 46 8
63 227 28 1
63 319 41 3
63 493 34 6
63 1178 25 7
64 294 12 7
65 66 25 4
65 67 8 5
65 68 25 1
65 69 7 9
65 70 11 1
65 71 41 6
65 72 13 9
65 73 6 10
65 74 25 6
65 75 23 1
65 76 9 9
65 77 2 10
65 78 49 1
65 79 4 3
65 180 2 7
65 426 23 4
65 536 39 3
65 596 18 1
65 640 26 10
65 838 13 3
65 865 50 7
65 880 45 8
65 1062 44 4
65 1135 41 10
66 67 6 5
66 68 33 9
66 69 27 10
66 70 22 5
66 71 9 9
66 72 38 4
66 73 40 8
66 80 46 1
66 81 32 10
66 640 14 1
66 905 19 3
66 906 47 7
66 954 6 3
66 955 2 9
66 1062 14 1
66 1100 13 1
66 1105 10 1
66 1160 44 10
67 68 36 10
67 69 3 9
67 70 29 2
67 71 39 7
67 72 43 5
67 73 33 6
67 82 14 3
67 83 9 8
67 84 35 6
67 125 22 8
67 151 24 3
67 315 9 6
67 388 46 6
67 468 39 3
67 507 32 3
67 508 6 9
67 705 22 3
67 919 5 4
67 945 4 3
67 982 27 5
67 1091 20 3
67 1195 40 4
68 69 19 1
68 70 5 7
68 71 47 3
68 72 49 3
68 73 36 1
68 85 20 5
68 86 2 1
68 87 45 3
68 88 40 4
68 89 10 5
68 367 4 1
68 426 40 9
68 525 30 2
68 631 50 8
68 690 20 4
68 879 1 2
68 918 16 3
68 940 32 9
68 1000 36 6
69 70 2 10
69 71 12 9
69 72 11 9
69 73 35 4
69 90 21 5
69 91 3 2
69 92 21 8
69 93 18 6
69 94 15 3
69 95 3 3
69 96 42 1
69 111 8 1
69 165 31 1
69 339 39 1
69 367 18 3
69 385 32 5
69 545 34 9
69 580 24 9
69 669 23 6
69 728 19 9
69 756 12 10
69 1090 18 10
69 1112 8 8
70 71 1 8
70 72 23 4
70 73 8 3
70 97 34 9
70 181 20 1
70 242 32 8
70 526 32 5
70 547 27 3
70 580 13 7
70 607 14 4
70 692 40 10
70 706 9 3
70 838 14 3
70 980 38 10
70 1033 4 8
71 72 49 9
71 73 38 9
71 98 42 1
71 99 10 8
71 100 16 1
71 101 29 7
71 102 7 7
71 103 47 10
71 104 49 7
71 105 28 2
71 106 20 8
71 112 44 8
71 196 22 4
71 215 41 4
71 231 37 6
71 280 7 6
71 325 44 10
71 631 42 8
71 666 6 4
71 796 13 10
71 866 25 6
71 1003 19 10
71 1100 44 3
71 1136 16 6
71 1171 36 10
71 1195 19 2
72 73 7 9
72 107 28 3
72 108 40 3
72 128 14 3
72 166 17 3
72 217 22 6
72 245 34 3
72 277 45 8
72 326 30 7
72 468 8 4
72 560 35 3
72 609 22 4
72 715 39 2
72 796 19 1
72 826 45 1
72 945 49 3
72 1172 37 4
73 109 38 2
73 338 46 3
73 437 14 5
73 439 2 8
73 562 14 4
73 596 8 1
73 716 20 9
73 728 21 2
73 759 15 1
73 825 29 4
73 1033 8 8
73 1113 32 2
73 1160 39 8
75 145 24 2
75 1022 14 3
76 119 31 2
78 200 50 8
79 673 10 7
81 408 11 9
81 903 16 10
81 1058 34 8
82 990 39 8
83 973 39 1
84 114 14 1
85 799 1 8
85 1145 19 7
87 346 24 1
87 371 38 6
87 520 34 6
87 1149 32 9
90 884 10 5
91 1068 21 6
91 1176 42 7
92 1066 45 9
93 577 11 9
94 686 18 9
96 1089 23 2
98 533 33 2
98 637 41 2
98 647 38 3
101 887 27 4
102 269 22 1
102 450 46 10
102 1047 16 6
103 809 36 4
104 618 6 3
104 1164 23 9
106 658 35 1
107 1037 19 1
109 550 43 3
109 775 49 7
110 111 48 1
110 112 8 7
110 113 35 5
110 114 15 6
110 115 8 7
110 151 6 8
110 152 14 2
110 167 46 7
110 180 44 3
110 281 10 1
110 316 36 5
110 339 35 1
110 366 46 3
110 367 34 2
110 426 44 8
110 435 28 8
110 468 22 5
110 505 29 4
110 507 16 9
110 546 42 8
110 560 5 9
110 581 9 6
110 595 20 3
110 642 15 5
110 643 33 9
110 691 47 2
110 706 26 7
110 761 20 7
110 825 43 3
110 836 33 6
110 866 49 9
110 877 26 4
110 879 8 5
110 940 31 9
110 945 36 9
110 954 43 2
110 982 33 7
110 1005 23 1
110 1060 9 10
110 1100 1 9
110 1105 30 2
110 1111 31 6
110 1139 8 2
110 1172 20 6
110 1195 33 5
111 112 20 7
111 116 18 8
111 117 40 5
111 118 39 1
111 119 21 10
111 120 17 2
111 121 2 2
111 127 6 4
111 128 34 2
111 165 22 10
111 182 22 10
111 198 19 10
111 215 48 7
111 230 18 3
111 244 12 4
111 245 26 3
111 282 26 6
111 337 24 6
111 525 31 3
111 526 49 8
111 536 32 3
111 563 20 10
111 596 36 1
111 607 7 1
111 630 34 1
111 631 48 9
111 667 9 8
111 715 14 3
111 716 26 10
111 726 35 3
111 727 45 4
111 755 10 4
111 792 30 7
111 794 50 4
111 836 26 2
111 906 30 3
111 916 38 10
111 955 44 1
111 981 19 9
111 1031 14 9
111 1091 47 2
111 1105 38 3
111 1114 8 3
111 1161 4 10
112 122 42 7
112 123 39 10
112 124 4 6
112 196 3 2
112 216 26 5
112 231 23 3
112 315 43 10
112 326 43 3
112 391 19 10
112 392 4 2
112 439 45 10
112 463 16 8
112 536 11 3
112 545 29 10
112 582 31 8
112 607 5 2
112 666 30 1
112 692 22 4
112 706 44 1
112 825 49 9
112 865 46 1
112 906 29 7
112 917 24 5
112 1001 46 3
112 1033 44 8
112 1062 3 7
112 1090 36 1
112 1137 28 1
112 1161 33 3
112 1172 35 10
114 477 5 7
114 683 32 4
118 874 6 4
120 558 49 9
121 521 36 3
121 548 46 6
122 477 14 10
123 193 46 1
123 329 43 8
124 430 4 8
125 126 32 10
125 127 8 8
125 128 26 1
125 129 8 4
125 130 7 8
125 166 10 8
125 181 48 8
125 216 38 1
125 277 48 1
125 367 13 1
125 426 4 5
125 462 14 5
125 505 39 8
125 507 18 8
125 595 38 10
125 630 6 10
125 668 13 3
125 715 25 8
125 725 30 3
125 730 6 3
125 759 6 3
125 835 23 3
125 865 3 2
125 880 2 9
125 1004 6 6
125 1105 46 10
125 1110 11 10
125 1171 6 5
126 127 23 2
126 128 17 4
126 129 47 1
126 131 28 6
126 132 24 3
126 133 39 4
126 134 39 3
126 135 45 1
126 242 12 5
126 281 36 4
126 325 36 2
126 340 33 6
126 535 27 7
126 546 34 10
126 580 36 5
126 609 17 5
126 630 10 9
126 640 29 7
126 691 1 5
126 706 46 5
126 825 33 3
126 837 4 5
126 940 19 7
126 952 22 2
126 954 29 3
126 1032 7 4
126 1065 4 4
126 1100 22 10
126 1105 40 9
126 1111 21 4
126 1171 14 3
127 128 29 10
127 129 7 10
127 136 40 8
127 137 27 7
127 138 31 8
127 139 15 1
127 150 3 7
127 151 44 2
127 180 47 6
127 366 46 5
127 391 41 10
127 426 2 4
127 436 17 5
127 439 17 1
127 563 16 5
127 794 49 1
127 866 15 4
127 945 48 1
127 981 8 6
127 983 21 9
127 1161 46 5
127 1195 46 10
128 129 28 6
128 140 35 10
128 141 25 7
128 142 24 5
128 195 45 3
128 216 10 9
128 230 35 5
128 315 19 1
128 325 45 6
128 390 9 7
128 525 12 3
128 536 25 9
128 547 7 3
128 560 47 6
128 581 45 10
128 596 18 10
128 644 13 5
128 706 25 6
128 757 45 2
128 825 20 2
128 906 42 10
128 945 25 10
128 1001 42 2
128 1091 10 8
128 1100 22 1
128 1160 13 7
129 143 45 10
129 144 45 3
129 145 49 7
129 146 36 8
129 147 30 5
129 148 22 4
129 149 33 8
129 166 34 4
129 198 19 5
129 231 14 4
129 316 9 8
129 340 5 3
129 464 30 2
129 525 27 9
129 605 44 3
129 669 38 10
129 690 9 4
129 715 11 3
129 796 48 10
129 879 3 4
129 906 22 2
129 915 35 3
129 916 49 9
129 940 48 7
129 1030 24 3
129 1064 18 7
129 1091 25 6
129 1136 2 4
129 1137 33 8
129 1195 39 2
130 637 46 9
130 664 11 6
131 310 25 1
133 557 20 5
133 853 31 10
133 938 42 7
134 873 8 8
135 256 27 4
135 944 35 3
135 957 9 2
137 220 15 5
138 141 18 7
141 566 13 2
142 816 40 2
143 263 48 1
143 1130 18 1
144 772 28 3
144 1129 22 9
145 512 15 10
145 767 11 10
146 707 31 5
146 767 31 7
146 956 9 8
149 273 11 5
150 151 16 1
150 152 43 1
150 153 11 6
150 154 32 5
150 155 48 5
150 156 45 7
150 216 43 2
150 231 40 9
150 280 27 5
150 325 28 4
150 391 14 5
150 426 45 5
150 437 44 8
150 507 45 3
150 508 23 9
150 525 15 3
150 535 2 2
150 536 44 10
150 560 19 5
150 630 22 10
150 631 7 6
150 727 27 10
150 826 27 4
150 836 44 8
150 877 50 3
150 906 44 8
150 919 32 1
150 945 49 1
150 952 45 6
150 953 20 5
150 983 27 5
150 1003 26 7
150 1033 32 6
150 1063 23 9
150 1091 14 4
150 1105 15 9
150 1136 34 2
150 1174 26 10
151 152 32 5
151 157 48 3
151 158 15 2
151 159 1 7
151 167 41 5
151 180 29 4
151 182 36 4
151 195 14 5
151 244 22 2
151 282 43 1
151 315 18 7
151 339 19 9
151 367 29 2
151 439 4 7
151 465 35 3
151 545 41 1
151 562 41 5
151 595 22 8
151 596 40 1
151 606 35 2
151 641 12 6
151 643 23 1
151 665 8 6
151 690 25 3
151 692 31 3
151 705 3 1
151 716 24 8
151 757 16 9
151 838 21 9
151 865 19 4
151 905 15 9
151 919 6 8
151 1062 41 7
151 1100 36 2
151 1114 30 4
151 1160 19 1
151 1195 18 6
152 160 43 3
152 161 27 7
152 162 24 8
152 163 1 1
152 164 22 3
152 196 11 8
152 217 15 10
152 231 32 2
152 326 17 8
152 335 20 3
152 368 1 9
152 387 14 6
152 426 6 3
152 467 35 1
152 526 10 7
152 547 43 10
152 581 39 2
152 582 39 7
152 608 21 2
152 667 6 5
152 715 25 4
152 726 3 6
152 755 38 3
152 791 2 9
152 793 14 8
152 825 19 10
152 865 36 2
152 876 44 5
152 940 46 9
152 945 15 1
152 983 8 4
152 1001 13 6
152 1091 46 4
152 1100 38 6
152 1105 40 9
152 1114 34 2
152 1137 32 7
152 1160 43 3
152 1171 22 6
152 1195 32 1
155 294 12 6
156 797 19 3
156 1059 35 9
158 299 42 7
160 565 49 9
163 1167 25 1
164 370 30 7
164 959 35 4
165 166 50 8
165 167 16 8
165 168 28 6
165 169 43 7
165 170 32 3
165 171 45 9
165 172 13 4
165 215 13 6
165 216 19 4
165 231 37 10
165 278 8 6
165 315 4 5
165 325 48 1
165 388 19 2
165 437 14 3
165 525 41 7
165 546 41 9
165 580 16 9
165 606 31 5
165 641 22 5
165 667 8 4
165 690 35 6
165 705 11 10
165 706 16 5
165 729 43 3
165 758 27 8
165 796 10 4
165 835 30 3
165 945 46 10
165 981 13 2
165 983 31 2
165 1001 24 10
165 1030 29 5
165 1065 11 3
165 1090 18 10
165 1113 4 3
165 1137 42 8
165 1160 12 3
166 167 49 4
166 173 44 6
166 174 27 7
166 175 47 10
166 176 23 10
166 177 36 9
166 197 33 4
166 326 22 1
166 338 23 5
166 390 34 3
166 438 18 7
166 464 47 7
166 506 8 10
166 536 50 1
166 546 12 10
166 562 3 1
166 563 2 3
166 596 24 3
166 630 31 8
166 642 9 7
166 665 1 3
166 715 39 9
166 729 22 4
166 794 49 4
166 825 10 7
166 837 14 5
166 865 34 7
166 877 33 6
166 880 4 10
166 915 16 10
166 917 12 9
166 940 32 8
166 1091 17 3
166 1105 37 1
166 1160 49 10
166 1195 1 9
167 178 20 2
167 179 16 8
167 180 35 4
167 181 2 2
167 197 9 1
167 230 43 6
167 241 46 3
167 243 49 3
167 282 25 5
167 315 25 5
167 339 9 8
167 367 42 4
167 426 16 7
167 460 18 7
167 508 37 9
167 525 17 7
167 535 27 1
167 582 40 10
167 608 43 10
167 692 50 4
167 715 17 4
167 755 32 4
167 826 28 1
167 865 5 8
167 906 28 10
167 950 11 10
167 951 43 2
167 1001 48 6
167 1031 27 2
167 1060 7 10
167 1100 49 8
167 1105 9 6
167 1114 47 6
167 1135 45 6
167 1172 10 7
167 1173 37 7
167 1195 11 3
168 694 46 1
169 898 11 8
170 1013 31 1
171 550 11 9
173 722 46 10
174 542 17 2
177 623 29 1
177 783 4 3
178 247 28 2
179 623 38 7
180 181 42 5
180 182 11 1
180 183 43 6
180 217 44 8
180 231 20 1
180 240 14 6
180 243 20 3
180 325 13 1
180 366 44 9
180 387 40 8
180 425 20 3
180 466 45 7
180 505 20 6
180 525 10 8
180 545 2 10
180 608 18 3
180 631 40 9
180 667 28 1
180 730 8 7
180 761 12 2
180 791 33 6
180 794 21 1
180 866 11 10
180 880 25 3
180 940 5 7
180 945 19 5
180 1001 19 8
180 1030 15 1
180 1062 38 7
180 1105 3 1
180 1137 21 4
180 1139 42 6
180 1171 48 4
180 1195 43 4
181 182 6 6
181 184 29 5
181 185 28 6
181 186 44 5
181 187 2 2
181 216 12 3
181 276 9 9
181 315 20 10
181 326 9 7
181 366 6 4
181 386 21 10
181 425 29 7
181 435 20 3
181 462 10 7
181 505 12 5
181 535 41 3
181 547 3 2
181 561 44 1
181 582 28 7
181 595 31 2
181 692 12 9
181 705 49 7
181 706 36 8
181 840 39 7
181 906 29 1
181 915 15 9
181 919 47 7
181 940 2 5
181 945 35 5
181 950 43 10
181 952 18 7
181 1033 14 5
181 1060 27 5
181 1090 37 4
181 1100 32 5
181 1105 13 8
181 1113 30 6
181 1173 44 3
181 1195 19 9
182 188 45 8
182 189 34 9
182 190 14 9
182 191 44 6
182 192 47 1
182 193 9 10
182 194 42 9
182 195 27 6
182 197 28 1
182 231 50 4
182 282 50 10
182 337 42 4
182 439 25 9
182 535 18 2
182 560 39 9
182 582 35 10
182 596 44 6
182 606 37 3
182 631 35 5
182 642 37 5
182 643 50 4
182 669 37 8
182 715 8 10
182 716 38 2
182 726 28 5
182 755 26 6
182 825 21 7
182 826 38 8
182 839 22 8
182 866 21 10
182 879 24 5
182 982 31 2
182 983 7 4
182 1004 50 3
182 1091 45 5
182 1100 14 4
182 1113 19 5
182 1161 43 5
183 256 48 2
184 288 14 7
186 485 46 3
186 703 18 10
190 447 9 4
192 484 32 1
194 1156 14 9
195 196 16 2
195 197 40 8
195 198 5 8
195 199 21 4
195 200 46 7
195 201 25 9
195 202 3 2
195 217 15 5
195 230 41 1
195 276 10 8
195 277 17 2
195 326 33 1
195 425 37 9
195 437 33 7
195 463 29 9
195 465 48 4
195 526 4 1
195 535 17 6
195 581 39 4
195 582 34 2
195 690 8 5
195 757 39 1
195 794 20 3
195 825 29 2
195 826 41 10
195 837 10 4
195 876 1 9
195 905 5 1
195 918 12 9
195 945 44 6
195 951 46 5
195 982 41 1
195 1032 34 6
195 1035 31 8
195 1135 32 10
195 1161 12 8
195 1173 30 2
195 1195 26 10
196 197 30 1
196 198 28 7
196 203 1 9
196 204 36 1
196 205 48 10
196 206 24 4
196 241 46 10
196 316 21 4
196 337 8 9
196 366 11 9
196 388 20 3
196 605 6 10
196 630 26 9
196 644 13 10
196 691 25 8
196 705 4 2
196 715 37 5
196 865 35 1
196 879 24 8
196 940 23 6
196 1003 50 2
196 1060 16 1
196 1100 41 2
196 1111 22 5
196 1137 37 9
197 198 6 9
197 207 2 1
197 230 33 6
197 245 25 7
197 325 1 7
197 391 27 8
197 426 3 10
197 437 33 9
197 525 12 5
197 536 15 10
197 545 1 6
197 547 5 5
197 595 46 9
197 609 2 8
197 706 44 2
197 716 3 7
197 728 37 8
197 792 45 2
197 866 31 1
197 906 15 5
197 916 31 4
197 940 24 9
197 945 5 5
197 951 5 1
197 1004 48 3
197 1090 22 6
197 1100 44 7
197 1105 8 2
197 1111 19 3
197 1172 41 7
198 208 36 7
198 209 4 9
198 210 33 3
198 211 4 7
198 212 19 3
198 213 45 1
198 214 7 2
198 215 38 3
198 316 15 9
198 335 24 9
198 366 3 9
198 506 8 9
198 507 46 8
198 563 37 10
198 596 22 7
198 631 24 5
198 641 5 7
198 667 13 10
198 668 8 6
198 728 29 10
198 759 42 3
198 835 37 6
198 980 25 10
198 1063 42 4
198 1090 24 3
198 1105 17 9
198 1160 34 5
198 1195 15 9
199 348 23 3
199 409 27 6
199 1164 45 2
201 318 33 5
201 374 7 6
201 521 25 8
201 1176 33 2
202 409 1 2
202 810 35 9
203 309 4 8
204 254 23 5
205 689 46 8
207 947 10 10
208 610 49 4
210 234 17 3
212 333 30 2
212 807 23 2
213 322 38 1
214 510 4 6
214 747 29 9
214 1036 42 4
214 1159 33 7
215 216 29 6
215 217 32 5
215 218 21 5
215 219 2 7
215 220 34 10
215 230 11 6
215 246 16 9
215 316 8 8
215 326 8 3
215 365 44 4
215 389 10 10
215 425 41 9
215 438 22 1
215 464 14 8
215 505 38 8
215 526 19 7
215 561 32 4
215 581 26 3
215 582 14 8
215 596 29 9
215 640 48 10
215 641 2 10
215 669 29 4
215 692 12 7
215 706 48 3
215 715 13 1
215 726 2 1
215 793 21 8
215 794 47 6
215 839 27 4
215 866 20 9
215 877 2 3
215 915 11 2
215 940 32 5
215 945 40 1
215 1005 19 5
215 1030 47 3
215 1035 32 8
215 1063 42 5
215 1100 18 7
215 1161 29 8
216 217 7 8
216 221 31 3
216 222 26 9
216 223 25 8
216 224 30 5
216 225 11 7
216 226 49 8
216 243 36 6
216 338 17 2
216 339 6 7
216 391 32 7
216 508 11 8
216 525 32 5
216 535 29 1
216 546 17 9
216 561 7 10
216 630 39 4
216 665 32 1
216 728 31 10
216 761 43 4
216 826 31 10
216 840 15 10
216 865 13 2
216 875 4 10
216 905 40 6
216 906 22 3
216 940 30 4
216 982 13 5
216 1002 15 8
216 1091 12 4
216 1100 34 4
216 1136 7 10
217 227 38 1
217 228 44 6
217 229 38 6
217 230 45 4
217 281 31 7
217 316 42 7
217 425 20 4
217 436 48 9
217 460 25 5
217 535 11 10
217 547 40 8
217 606 32 6
217 705 41 9
217 716 17 10
217 760 32 1
217 825 46 6
217 918 27 7
217 952 46 7
217 983 26 9
217 1061 6 8
217 1090 40 1
217 1105 42 7
217 1110 43 8
217 1113 7 2
217 1139 20 8
217 1160 39 3
217 1171 2 10
217 1173 6 2
217 1195 9 10
219 926 21 2
221 990 37 5
221 1037 24 5
223 283 38 5
224 995 31 6
225 887 49 10
225 988 7 8
230 231 34 3
230 232 30 10
230 233 22 2
230 234 10 9
230 246 7 4
230 315 41 1
230 392 39 3
230 426 40 8
230 436 21 10
230 462 12 6
230 505 43 8
230 526 10 1
230 535 37 3
230 560 34 8
230 561 22 3
230 580 50 7
230 631 2 2
230 641 43 4
230 666 28 6
230 691 32 1
230 706 38 5
230 716 14 2
230 727 14 1
230 760 41 7
230 761 20 7
230 794 15 2
230 825 19 2
230 865 17 6
230 905 6 1
230 916 33 5
230 918 14 10
230 954 15 3
230 1005 10 6
230 1034 23 5
230 1100 3 1
230 1105 12 6
230 1110 29 9
230 1160 1 4
230 1161 50 10
230 1195 4 2
231 235 32 5
231 236 10 10
231 237 24 4
231 238 20 2
231 239 21 5
231 245 1 3
231 279 9 1
231 280 42 9
231 316 34 6
231 325 38 3
231 326 2 8
231 335 44 5
231 337 18 3
231 366 9 4
231 368 45 4
231 392 25 4
231 426 18 10
231 435 29 6
231 461 23 10
231 505 33 7
231 526 49 5
231 535 1 3
231 545 6 10
231 547 6 6
231 595 22 7
231 605 40 3
231 607 29 6
231 642 17 5
231 690 1 2
231 706 48 7
231 716 2 3
231 728 19 9
231 795 38 2
231 825 34 8
231 836 15 4
231 840 49 5
231 865 47 1
231 876 39 6
231 906 34 3
231 940 34 6
231 945 12 3
231 954 12 3
231 981 34 4
231 983 41 6
231 1004 14 1
231 1061 44 4
231 1065 50 1
231 1090 23 3
231 1100 34 2
231 1114 8 7
231 1135 48 3
231 1137 38 8
231 1172 4 4
231 1173 29 8
233 537 10 3
235 1042 46 8
236 469 5 8
236 970 1 3
237 647 49 6
237 650 42 10
237 1025 50 3
237 1086 20 9
237 1198 22 1
240 241 41 1
240 242 5 6
240 243 41 4
240 244 44 2
240 245 49 4
240 246 44 5
240 247 33 5
240 248 27 6
240 249 22 4
240 339 40 5
240 525 28 5
240 536 3 5
240 582 43 10
240 631 7 2
240 692 24 1
240 793 40 9
240 905 43 4
240 940 20 3
240 955 35 5
240 1195 33 3
241 242 9 4
241 243 35 5
241 244 6 7
241 245 12 1
241 246 30 8
241 250 36 10
241 251 29 8
241 252 34 3
241 253 48 7
241 326 14 7
241 385 31 7
241 465 2 4
241 506 25 4
241 535 30 4
241 596 17 9
241 940 18 10
241 1032 4 10
241 1105 23 7
241 1136 29 1
241 1172 30 3
242 243 38 8
242 244 11 8
242 245 18 10
242 246 15 5
242 254 48 9
242 255 31 2
242 256 43 4
242 257 46 3
242 258 47 10
242 259 37 7
242 326 45 5
242 368 48 6
242 391 21 1
242 438 46 7
242 460 32 9
242 561 10 10
242 705 13 7
242 761 7 3
242 866 8 3
242 950 45 5
242 1005 24 6
242 1065 12 5
242 1112 25 5
242 1160 38 1
242 1170 7 5
242 1195 49 9
243 244 30 2
243 245 19 7
243 246 29 8
243 260 27 9
243 261 43 5
243 277 24 6
243 316 34 1
243 368 46 5
243 425 8 8
243 439 5 2
243 562 44 3
243 605 11 3
243 642 18 6
243 706 21 8
243 880 27 6
243 918 47 4
243 1091 29 5
243 1100 15 8
244 245 16 2
244 246 42 5
244 262 30 2
244 263 35 7
244 525 19 7
244 642 33 3
244 728 29 1
244 730 29 5
244 757 28 6
244 825 43 1
244 835 18 1
244 905 18 7
244 917 2 8
244 945 37 10
244 980 27 6
244 1060 32 5
244 1100 6 7
244 1105 25 7
244 1136 35 3
244 1161 38 1
245 246 36 8
245 264 14 6
245 265 8 4
245 266 8 2
245 267 37 4
245 268 32 5
245 269 13 7
245 316 27 7
245 545 42 7
245 669 15 8
245 796 49 2
245 825 28 7
245 837 38 6
245 865 12 3
245 878 36 8
245 945 2 2
245 1034 7 1
245 1110 30 2
246 270 37 9
246 271 20 6
246 272 8 7
246 273 4 10
246 274 12 10
246 278 46 4
246 339 32 10
246 426 47 2
246 582 13 5
246 596 18 1
246 608 46 7
246 631 33 7
246 691 37 3
246 716 27 2
246 982 1 9
246 1001 34 3
247 499 46 8
248 1197 4 9
249 663 13 1
250 994 33 6
255 807 15 6
255 1057 3 4
257 806 21 2
259 1069 9 3
261 323 10 5
264 477 10 4
264 676 19 1
266 486 43 8
267 584 38 7
268 898 18 7
270 696 21 3
271 305 35 1
272 1092 31 6
274 857 33 5
275 276 40 10
275 277 33 6
275 278 21 8
275 279 5 5
275 280 16 3
275 281 29 7
275 282 46 3
275 283 46 4
275 466 12 9
275 507 1 2
275 536 48 7
275 665 5 9
275 690 47 6
275 716 29 7
275 755 22 5
275 796 14 1
275 865 47 3
275 905 8 5
275 1136 29 8
275 1195 42 7
276 277 15 7
276 278 9 2
276 279 1 5
276 280 26 5
276 281 34 9
276 282 35 9
276 284 49 8
276 285 38 4
276 286 12 4
276 287 31 2
276 288 8 8
276 289 37 3
276 290 4 1
276 291 31 9
276 325 17 7
276 468 25 3
276 560 40 10
276 605 37 3
276 631 16 1
276 952 35 10
276 1033 29 4
276 1100 18 6
276 1135 2 4
277 278 48 8
277 279 13 5
277 280 38 7
277 281 46 7
277 282 36 7
277 292 20 2
277 315 46 10
277 326 31 7
277 525 3 10
277 596 47 8
277 705 36 4
277 706 23 10
277 716 33 2
277 725 34 5
277 826 47 10
277 919 29 9
277 952 30 10
278 279 32 10
278 280 23 6
278 281 28 10
278 282 12 10
278 293 48 7
278 294 31 1
278 295 49 1
278 296 41 4
278 335 36 10
278 425 29 5
278 692 30 1
278 825 32 4
278 906 6 6
278 1161 48 4
279 280 21 3
279 281 49 2
279 282 15 4
279 297 23 2
279 298 27 4
279 336 25 5
279 508 8 7
279 546 31 7
279 563 42 2
279 836 28 7
279 879 17 5
279 945 39 2
279 983 42 8
279 1063 37 3
279 1105 46 3
279 1161 11 9
280 281 7 4
280 282 4 7
280 299 38 7
280 300 24 10
280 315 23 3
280 389 28 1
280 439 19 3
280 581 26 8
280 609 15 5
280 726 41 4
280 760 18 8
280 838 45 2
280 877 20 7
280 940 5 1
280 1113 10 10
280 1173 7 6
280 1195 36 9
281 282 42 1
281 301 3 6
281 302 44 10
281 303 37 8
281 304 26 4
281 305 29 1
281 306 7 8
281 307 19 2
281 308 38 1
281 309 29 1
281 387 1 9
281 435 20 1
281 535 5 6
281 581 7 1
281 596 50 1
281 640 37 6
281 945 32 6
281 1005 34 7
281 1105 38 7
281 1110 11 1
282 310 32 6
282 311 37 8
282 312 33 7
282 313 38 3
282 314 16 4
282 365 37 6
282 366 15 5
282 425 25 9
282 630 1 1
282 644 39 8
282 667 23 6
282 794 6 6
282 866 26 9
282 918 16 8
282 940 10 5
282 980 8 8
282 1005 16 5
282 1030 31 1
282 1064 25 2
282 1090 16 6
282 1171 39 3
286 734 50 3
286 971 46 7
286 1045 3 5
292 514 5 1
293 739 47 6
299 550 9 7
299 1098 5 6
300 781 18 3
300 803 30 4
300 964 21 8
306 355 34 9
308 471 4 4
309 676 32 7
310 1042 9 4
311 763 1 8
311 1028 44 3
312 995 24 2
313 1155 29 5
314 430 21 8
314 445 48 5
314 478 39 3
315 316 11 8
315 317 19 8
315 318 18 5
315 319 38 10
315 320 15 5
315 325 3 6
315 339 20 10
315 464 27 6
315 505 50 6
315 507 6 1
315 535 10 2
315 545 25 1
315 561 24 4
315 563 8 7
315 581 4 3
315 595 40 4
315 606 33 5
315 644 46 8
315 667 24 1
315 691 12 9
315 705 6 7
315 715 41 3
315 825 30 1
315 836 30 7
315 837 49 9
315 865 2 3
315 876 18 2
315 918 35 8
315 940 1 3
315 945 23 1
315 950 40 2
315 983 18 3
315 1031 24 2
315 1063 24 9
315 1090 40 7
315 1105 5 3
315 1160 45 7
315 1172 21 7
315 1195 28 2
316 321 43 3
316 322 35 1
316 323 19 7
316 324 6 7
316 326 27 7
316 337 47 8
316 366 12 8
316 368 41 8
316 385 33 5
316 390 14 10
316 425 25 1
316 426 48 10
316 436 24 2
316 439 33 2
316 467 10 2
316 525 6 10
316 526 40 9
316 536 44 3
316 547 47 3
316 582 21 7
316 595 47 8
316 605 28 10
316 630 13 4
316 665 30 8
316 692 43 2
316 705 9 4
316 715 49 9
316 727 39 4
316 757 44 3
316 794 3 4
316 795 31 2
316 826 2 7
316 865 37 1
316 880 49 6
316 905 43 3
316 906 46 1
316 918 1 7
316 940 22 5
316 945 8 10
316 953 19 2
316 1000 18 9
316 1005 33 6
316 1031 36 5
316 1060 14 7
316 1091 19 2
316 1100 31 3
316 1111 1 3
316 1114 50 9
316 1136 3 3
316 1138 42 6
316 1172 46 6
316 1195 11 4
317 354 22 8
318 532 22 4
318 896 23 1
319 573 26 10
319 893 9 3
322 847 19 10
323 433 31 4
323 1150 13 6
323 1158 27 9
324 534 3 2
325 326 31 3
325 327 47 7
325 328 45 6
325 329 20 5
325 330 23 7
325 331 45 5
325 337 25 2
325 367 30 4
325 389 5 2
325 426 29 1
325 437 48 10
325 465 32 1
325 507 28 10
325 526 34 4
325 535 48 4
325 547 21 9
325 582 33 6
325 596 21 3
325 630 4 5
325 640 9 7
325 667 32 2
325 705 7 5
325 706 39 6
325 715 4 9
325 716 30 4
325 730 4 5
325 791 10 9
325 792 22 9
325 825 39 6
325 826 47 7
325 865 41 3
325 878 8 7
325 940 10 10
325 954 37 1
325 955 21 3
325 980 22 5
325 1001 48 7
325 1031 20 7
325 1100 17 5
325 1105 20 9
325 1112 4 9
325 1135 24 6
325 1160 42 9
325 1195 49 5
326 332 11 2
326 333 13 2
326 334 17 9
326 335 8 2
326 367 8 8
326 388 31 3
326 426 31 3
326 435 29 1
326 461 43 3
326 505 47 5
326 535 27 10
326 546 28 8
326 560 6 4
326 563 13 8
326 580 9 2
326 595 38 8
326 609 25 9
326 631 25 3
326 643 45 10
326 669 21 7
326 692 8 3
326 730 11 3
326 757 29 6
326 759 7 10
326 837 3 6
326 838 16 10
326 875 44 5
326 906 38 4
326 916 47 2
326 917 44 7
326 940 6 5
326 945 47 6
326 980 29 8
326 1030 10 8
326 1064 2 1
326 1065 1 3
326 1090 43 8
326 1091 4 9
326 1100 44 8
326 1105 43 5
326 1111 14 4
326 1137 1 4
326 1160 28 2
326 1170 6 10
326 1173 22 3
326 1195 43 4
327 1022 50 3
328 475 17 4
330 632 4 10
331 961 49 8
333 770 2 4
335 336 44 10
335 337 16 8
335 338 49 7
335 339 43 4
335 340 7 7
335 341 3 3
335 342 40 4
335 343 38 1
335 344 22 4
335 345 19 3
335 346 38 8
335 347 25 2
335 348 31 3
335 349 42 8
335 435 32 2
335 580 31 5
335 596 17 2
335 608 10 1
335 631 33 3
335 692 19 6
335 725 22 2
335 866 27 5
335 905 30 3
335 919 20 10
335 945 34 9
335 1001 1 2
335 1033 13 9
335 1136 43 2
335 1160 40 1
336 337 19 1
336 338 1 6
336 339 22 4
336 340 4 2
336 350 29 5
336 351 22 4
336 352 7 10
336 353 24 7
336 354 37 4
336 460 20 2
336 525 19 1
336 545 35 3
336 706 43 5
336 715 35 10
336 727 9 10
336 755 48 6
336 836 13 4
336 983 7 3
336 1171 35 3
337 338 38 8
337 339 19 9
337 340 39 10
337 355 24 8
337 368 2 3
337 425 15 8
337 508 45 9
337 526 21 1
337 536 12 10
337 596 15 6
337 690 27 5
337 756 32 9
337 1032 50 10
337 1105 45 2
338 339 15 1
338 340 15 5
338 356 30 4
338 357 29 2
338 358 21 8
338 359 30 10
338 360 4 4
338 361 42 10
338 392 43 10
338 467 24 9
338 560 6 4
338 631 1 2
338 643 6 4
338 796 7 7
338 825 34 9
338 826 20 2
338 839 25 4
338 876 7 4
338 880 26 6
338 906 11 10
338 940 22 1
338 945 22 8
338 953 3 10
338 980 43 1
338 1112 38 10
338 1160 15 8
338 1195 26 5
339 340 43 1
339 362 34 9
339 363 40 7
339 368 42 7
339 425 7 10
339 436 4 3
339 536 11 2
339 605 20 4
339 642 11 1
339 665 21 8
339 706 34 6
339 865 22 10
339 940 48 3
339 1063 44 7
339 1064 7 9
339 1100 35 1
339 1113 47 1
339 1195 1 6
340 364 23 8
340 507 43 3
340 547 24 7
340 560 21 9
340 581 37 1
340 666 21 4
340 715 34 2
340 791 42 7
340 917 17 6
340 954 42 6
340 1005 48 3
340 1090 38 2
340 1091 10 10
340 1100 25 4
340 1105 22 10
340 1135 8 7
340 1173 37 8
342 921 35 6
343 872 32 6
343 1012 28 3
344 1050 29 6
345 443 25 9
345 664 8 10
346 870 1 8
347 399 14 3
347 574 45 7
351 573 5 5
351 888 5 6
352 721 47 2
354 712 39 5
354 1021 43 4
358 999 24 6
360 672 1 8
360 1006 12 8
361 1076 13 9
362 378 17 8
364 1118 17 3
365 366 1 7
365 367 16 4
365 368 24 2
365 369 16 7
365 426 34 5
365 526 22 6
365 535 13 2
365 547 39 7
365 562 35 3
365 605 42 2
365 668 25 2
365 690 41 4
365 715 37 2
365 728 29 7
365 796 37 10
365 838 22 5
365 875 31 4
365 879 39 2
365 905 15 10
365 940 40 9
365 950 12 4
365 1000 13 3
365 1137 13 5
365 1161 11 5
365 1173 19 7
365 1174 5 10
365 1195 4 3
366 367 36 10
366 368 38 2
366 370 9 10
366 371 19 3
366 372 1 2
366 373 2 8
366 374 6 5
366 388 18 2
366 438 20 10
366 462 35 2
366 546 41 6
366 595 14 1
366 596 33 1
366 605 44 6
366 641 16 6
366 690 45 8
366 705 35 1
366 715 3 8
366 794 25 10
366 836 24 8
366 915 19 3
366 1000 21 9
366 1091 18 5
366 1100 11 9
367 368 10 5
367 375 9 9
367 376 31 9
367 377 11 8
367 385 13 2
367 507 38 2
367 535 13 1
367 560 15 9
367 580 45 2
367 582 9 2
367 668 16 4
367 706 28 2
367 757 32 1
367 826 4 3
367 865 10 9
367 945 31 5
367 954 48 2
367 983 45 10
367 1032 18 1
367 1105 48 4
367 1112 45 3
367 1160 3 9
368 378 29 8
368 379 18 1
368 380 48 1
368 381 49 8
368 382 33 4
368 383 10 9
368 384 37 7
368 426 46 10
368 438 48 10
368 467 4 3
368 506 15 5
368 525 3 7
368 630 33 2
368 631 45 2
368 644 50 2
368 725 30 10
368 755 44 1
368 865 48 6
368 906 39 1
368 915 4 9
368 983 10 8
368 1031 4 7
368 1061 31 8
368 1091 48 8
368 1100 47 1
368 1105 25 3
368 1110 20 1
368 1138 22 7
368 1195 4 8
372 1131 24 5
373 871 33 8
373 1079 38 4
375 967 32 3
376 475 11 1
377 894 25 5
379 776 23 2
380 548 4 10
380 1016 30 2
381 856 25 7
383 1069 26 4
384 1039 50 3
384 1185 8 6
385 386 6 5
385 387 19 3
385 388 12 4
385 389 38 6
385 390 1 1
385 391 38 7
385 392 20 8
385 393 2 6
385 394 48 9
385 395 46 7
385 396 20 7
385 460 49 8
385 536 23 6
385 582 43 4
385 595 4 2
385 607 2 9
385 643 22 9
385 705 39 2
385 825 28 3
385 983 15 2
385 1033 18 6
385 1173 40 7
386 387 40 3
386 388 2 5
386 389 49 7
386 390 3 6
386 391 10 6
386 392 28 5
386 397 37 6
386 505 39 1
386 506 21 2
386 547 7 8
386 595 22 10
386 641 28 9
386 835 13 3
386 866 28 10
386 880 2 4
386 905 36 6
386 940 11 9
387 388 10 5
387 389 11 10
387 390 34 1
387 391 13 2
387 392 9 5
387 398 1 3
387 399 24 7
387 400 2 7
387 401 49 9
387 402 16 7
387 426 10 5
387 525 20 9
387 668 27 5
387 691 18 9
387 876 6 8
387 916 47 8
387 981 7 9
387 1032 17 6
388 389 2 10
388 390 31 8
388 391 3 8
388 392 13 10
388 403 25 5
388 404 31 2
388 405 23 8
388 406 28 8
388 407 30 9
388 408 31 1
388 409 11 2
388 410 22 3
388 411 32 6
388 439 18 8
388 465 24 10
388 546 45 8
388 581 39 10
388 605 28 7
388 692 48 6
388 794 15 2
388 905 24 2
388 940 35 2
388 954 43 7
388 1004 30 2
388 1064 48 3
388 1112 11 5
388 1195 28 2
389 66 14 6
389 390 2 2
389 391 33 7
389 392 7 1
389 412 38 6
389 413 9 9
389 756 7 3
389 945 38 3
389 1105 44 2
389 1139 9 8
389 1174 33 6
390 391 4 4
390 392 41 6
390 414 39 8
390 415 40 10
390 416 23 4
390 417 27 3
390 426 31 5
390 526 34 3
390 630 49 3
390 668 41 3
390 728 32 7
390 790 43 2
390 915 47 8
390 1000 10 10
390 1105 7 7
390 1112 15 7
390 1160 16 2
391 392 8 5
391 418 47 2
391 419 30 3
391 420 26 1
391 954 46 2
391 1064 23 2
391 1091 42 3
391 1100 23 5
391 1138 25 4
392 421 34 3
392 422 5 10
392 423 40 5
392 424 34 5
392 436 5 5
392 535 23 5
392 562 28 8
392 563 41 3
392 631 6 7
392 705 19 9
392 716 48 9
392 727 43 6
392 761 27 6
392 826 15 3
392 837 48 6
392 865 38 2
392 945 14 1
392 1091 12 7
392 1100 10 1
392 1160 10 3
394 832 44 7
396 816 33 9
400 710 5 6
402 575 29 5
402 648 8 9
403 1077 21 1
411 769 44 3
414 864 3 2
416 741 21 5
417 927 6 2
418 552 34 6
418 686 24 2
419 862 12 1
420 458 15 4
421 963 31 2
424 778 31 6
425 426 11 5
425 427 13 10
425 428 44 8
425 429 26 10
425 430 38 4
425 464 11 7
425 526 16 8
425 546 48 7
425 560 1 2
425 581 16 1
425 596 16 6
425 607 41 3
425 630 19 1
425 641 43 2
425 692 16 5
425 728 14 5
425 758 38 10
425 761 46 3
425 795 24 7
425 825 7 9
425 835 19 10
425 838 50 1
425 865 12 8
425 876 16 10
425 917 49 8
425 940 49 2
425 945 50 8
425 951 18 1
425 955 27 2
425 981 30 6
425 1060 15 5
425 1090 19 4
425 1100 30 5
425 1112 23 9
425 1138 18 3
425 1160 15 9
425 1171 17 8
425 1195 12 5
426 431 5 4
426 432 40 1
426 433 48 4
426 434 4 3
426 435 12 3
426 437 8 9
426 461 43 4
426 506 20 6
426 507 19 6
426 526 47 1
426 536 8 10
426 547 29 9
426 561 11 8
426 580 4 4
426 595 26 8
426 607 31 1
426 643 12 1
426 666 6 4
426 667 14 10
426 691 27 6
426 705 18 10
426 706 7 10
426 716 6 8
426 796 1 3
426 826 5 7
426 865 45 10
426 877 39 6
426 905 17 8
426 906 24 8
426 916 4 8
426 983 48 2
426 1001 23 2
426 1002 35 5
426 1030 30 1
426 1031 20 4
426 1063 5 7
426 1100 42 3
426 1105 36 9
426 1113 37 1
426 1137 9 7
426 1171 6 1
427 457 28 1
429 1074 42 9
430 896 25 5
435 436 42 10
435 437 35 5
435 438 20 1
435 439 13 5
435 440 11 1
435 441 42 4
435 525 27 6
435 535 9 1
435 562 9 1
435 563 37 6
435 609 37 7
435 642 7 2
435 917 7 8
435 940 13 7
435 953 48 7
435 1031 14 4
435 1034 11 2
435 1090 20 2
435 1105 31 10
435 1160 5 6
435 1172 38 7
436 437 31 3
436 438 50 3
436 439 17 8
436 442 24 4
436 443 25 8
436 444 28 10
436 465 32 5
436 581 12 5
436 606 16 2
436 631 20 8
436 640 2 9
436 668 21 1
436 691 42 5
436 729 9 9
436 794 23 1
436 866 46 2
436 875 9 8
436 918 28 10
436 940 8 7
436 945 17 9
436 1136 6 3
436 1195 12 9
437 438 2 5
437 439 11 1
437 445 9 4
437 446 45 7
437 447 40 5
437 448 34 6
437 449 31 10
437 450 26 5
437 451 10 8
437 452 3 2
437 453 16 5
437 508 30 8
437 525 16 4
437 546 6 5
437 690 14 10
437 705 26 10
437 755 13 4
437 758 44 8
437 825 49 9
437 835 21 5
437 840 6 10
437 865 22 5
437 906 8 3
437 945 20 4
437 1000 10 7
437 1002 29 1
437 1060 17 4
437 1100 47 10
437 1113 34 7
438 439 10 10
438 454 33 10
438 455 39 8
438 456 48 9
438 457 35 9
438 508 8 7
438 547 11 3
438 596 38 9
438 631 11 5
438 666 47 5
438 715 32 7
438 825 15 6
438 877 16 9
438 950 38 8
438 981 30 5
438 982 6 1
438 1060 10 1
438 1110 39 2
438 1136 27 6
438 1161 16 3
438 1195 48 8
439 458 49 1
439 459 5 10
439 462 19 5
439 535 39 5
439 596 3 3
439 705 20 4
439 716 20 4
439 730 34 10
439 792 13 2
439 905 5 3
439 1090 32 10
439 1171 45 7
442 753 9 8
442 1106 37 1
444 1132 11 7
445 965 23 5
448 510 10 5
450 538 1 8
453 989 33 7
457 1041 43 7
459 710 26 6
460 461 29 10
460 462 7 3
460 463 27 9
460 464 26 4
460 465 18 9
460 466 34 4
460 467 24 4
460 468 19 1
460 469 33 4
460 470 22 4
460 471 32 10
460 472 48 1
460 473 24 2
460 474 5 8
460 505 24 7
460 608 15 4
460 716 3 9
460 945 30 10
460 983 46 7
460 1000 33 4
460 1135 37 10
460 1161 1 8
460 1174 17 9
461 462 4 3
461 463 21 5
461 464 50 10
461 465 2 3
461 466 9 6
461 467 47 6
461 468 50 4
461 475 8 8
461 476 15 9
461 477 29 5
461 478 40 8
461 705 34 9
461 866 12 2
461 1064 43 7
461 1105 20 10
461 1160 41 6
462 463 21 3
462 464 36 7
462 465 15 6
462 466 36 7
462 467 11 10
462 468 47 1
462 479 22 2
462 480 32 3
462 481 37 9
462 561 13 4
462 580 12 10
462 835 31 4
462 906 13 9
462 955 22 2
462 1195 34 4
463 464 11 6
463 465 5 9
463 466 38 9
463 467 22 6
463 468 33 5
463 482 47 1
463 483 33 7
463 484 22 1
463 485 30 2
463 486 20 10
463 508 24 4
463 581 21 6
463 596 48 2
463 630 15 7
463 716 7 9
463 729 37 3
463 730 2 2
463 940 12 5
463 953 1 3
463 1003 47 7
463 1032 39 3
463 1062 45 1
463 1113 9 6
464 465 47 1
464 466 9 2
464 467 6 3
464 468 42 9
464 487 19 7
464 488 25 7
464 489 7 6
464 490 1 10
464 641 28 10
464 690 37 4
464 758 37 1
464 1105 14 7
465 466 32 1
465 467 25 6
465 468 44 2
465 491 32 1
465 492 14 1
465 526 14 3
465 535 48 1
465 547 5 10
465 560 29 3
465 596 20 1
465 669 39 9
465 836 6 4
465 875 47 4
465 982 10 6
465 1030 37 1
465 1090 49 1
465 1114 36 1
465 1195 16 9
466 467 44 8
466 468 9 6
466 493 27 6
466 494 2 9
466 546 37 7
466 643 6 4
466 825 20 2
466 916 24 10
466 1071 33 2
466 1100 29 6
466 1171 33 4
467 468 39 10
467 495 46 2
467 496 49 8
467 497 42 8
467 535 18 2
467 668 47 4
467 705 43 5
467 760 5 7
467 794 47 9
467 826 1 3
467 906 47 10
467 945 26 8
467 1090 41 10
467 1100 12 1
467 1139 32 8
468 498 2 2
468 499 16 4
468 500 7 1
468 501 22 3
468 502 26 5
468 503 5 7
468 504 23 3
468 525 6 2
468 605 15 6
468 630 20 8
468 690 24 6
468 791 37 9
468 866 32 1
468 875 33 7
468 916 45 3
471 738 28 10
476 479 35 9
477 1193 42 1
478 972 30 5
480 749 47 8
482 1193 44 9
483 587 4 2
486 1080 33 4
488 868 20 1
488 898 30 10
489 1028 9 2
490 688 18 8
491 541 22 5
492 660 23 8
492 975 48 3
493 1151 42 4
496 633 17 5
501 1103 35 7
501 1129 6 8
502 682 39 5
505 506 45 9
505 507 27 9
505 508 28 1
505 509 49 3
505 545 10 10
505 560 5 7
505 561 17 8
505 595 29 5
505 607 22 3
505 630 11 5
505 691 7 5
505 692 8 2
505 706 8 7
505 716 32 6
505 726 22 4
505 825 6 2
505 840 29 8
505 865 8 4
505 866 17 10
505 940 46 3
505 945 48 8
505 1060 28 5
505 1091 13 5
505 1100 47 6
505 1112 44 3
505 1160 22 6
505 1171 36 6
505 1173 6 1
505 1195 48 6
506 507 15 4
506 508 38 7
506 510 14 10
506 511 31 3
506 512 20 10
506 513 24 6
506 514 19 7
506 580 14 7
506 608 17 1
506 641 42 2
506 642 5 4
506 665 29 8
506 755 38 4
506 905 39 3
506 918 35 3
506 945 17 6
506 950 18 5
506 980 33 3
506 981 16 3
506 1032 7 2
506 1033 19 3
506 1112 32 5
506 1138 27 6
506 1195 45 5
507 508 41 1
507 515 48 7
507 516 24 8
507 517 37 8
507 518 31 8
507 526 21 10
507 547 8 8
507 705 29 9
507 730 29 2
507 760 42 4
507 792 20 7
507 793 46 4
507 905 43 6
507 940 16 7
507 954 35 3
507 1003 20 2
507 1064 35 10
507 1100 20 2
507 1105 13 5
507 1138 8 4
507 1161 15 10
508 519 35 1
508 520 45 5
508 521 15 7
508 522 24 9
508 523 9 10
508 524 30 4
508 536 23 8
508 596 15 1
508 631 16 1
508 669 6 9
508 715 29 7
508 825 34 3
508 840 33 10
508 875 7 6
508 878 45 4
508 919 38 2
508 1005 8 3
508 1091 19 8
508 1105 28 9
509 810 5 6
511 842 42 2
514 987 41 2
515 998 17 4
516 700 14 4
517 1013 37 8
518 1191 50 9
522 963 1 2
524 1163 25 7
525 526 14 6
525 527 28 1
525 528 33 10
525 529 34 4
525 535 17 10
525 546 36 4
525 562 38 8
525 580 21 2
525 630 40 5
525 631 48 9
525 644 29 3
525 665 18 7
525 666 3 7
525 691 16 5
525 692 7 9
525 706 29 5
525 715 14 5
525 727 23 3
525 730 47 5
525 759 24 6
525 795 20 3
525 796 1 8
525 826 41 9
525 836 25 10
525 837 20 10
525 866 5 1
525 875 34 10
525 905 24 4
525 919 20 2
525 940 11 5
525 945 39 6
525 952 31 9
525 1000 14 4
525 1090 35 2
525 1100 44 3
525 1105 8 6
525 1110 2 2
525 1161 15 10
525 1174 31 2
525 1195 12 9
526 530 46 1
526 531 12 10
526 532 27 8
526 533 9 6
526 534 34 1
526 536 44 6
526 546 2 1
526 561 31 2
526 581 4 6
526 596 11 5
526 605 25 7
526 608 36 9
526 641 38 8
526 716 26 1
526 761 20 6
526 826 17 3
526 866 13 10
526 875 31 5
526 905 19 7
526 945 50 5
526 951 27 9
526 982 27 9
526 983 4 7
526 1002 38 8
526 1033 17 9
526 1035 28 6
526 1060 22 9
526 1065 33 6
526 1090 50 7
526 1100 50 2
526 1105 24 7
526 1114 39 1
526 1136 10 4
526 1137 25 1
526 1174 49 7
526 1195 18 6
527 660 40 8
527 1043 36 3
528 841 32 5
531 1055 37 8
535 536 31 10
535 537 2 3
535 538 26 9
535 539 41 9
535 540 50 7
535 561 36 4
535 580 44 4
535 581 26 4
535 596 12 8
535 609 25 9
535 642 21 8
535 665 38 5
535 667 34 5
535 705 30 1
535 715 34 7
535 730 39 6
535 760 2 5
535 865 5 5
535 875 14 5
535 879 44 3
535 905 32 6
535 917 6 3
535 940 20 8
535 981 43 5
535 1002 25 6
535 1030 10 9
535 1035 38 1
535 1061 2 3
535 1062 3 7
535 1090 29 3
535 1100 39 7
535 1105 8 7
535 1110 27 8
535 1160 26 6
535 1195 13 7
536 541 48 8
536 542 45 8
536 543 31 3
536 544 20 5
536 546 6 7
536 547 14 7
536 561 34 8
536 595 38 6
536 607 36 6
536 630 5 7
536 642 32 10
536 690 7 1
536 691 30 2
536 705 36 4
536 715 34 6
536 726 38 4
536 757 24 2
536 791 22 7
536 795 22 3
536 825 15 7
536 836 16 3
536 838 22 10
536 866 44 2
536 919 15 7
536 940 21 4
536 945 30 8
536 951 43 4
536 953 39 10
536 980 4 8
536 1003 37 1
536 1091 48 2
536 1100 2 5
536 1112 11 8
536 1137 15 1
536 1160 47 1
536 1171 36 10
536 1174 50 8
536 1195 7 7
541 939 4 5
543 1028 12 6
544 1038 48 5
545 546 24 4
545 547 4 10
545 548 48 4
545 549 6 10
545 562 14 3
545 596 28 3
545 706 8 9
545 729 13 3
545 758 31 6
545 825 24 5
545 839 43 10
545 906 9 4
545 916 43 1
545 917 44 1
545 940 50 5
545 945 6 2
545 1034 44 2
545 1062 14 6
545 1100 3 2
545 1113 24 6
545 1161 39 9
545 1195 19 7
546 547 3 7
546 550 31 7
546 551 17 7
546 552 12 8
546 553 32 10
546 554 14 1
546 555 20 3
546 561 14 8
546 631 36 8
546 642 42 9
546 644 12 6
546 668 48 10
546 690 23 5
546 692 30 2
546 727 46 10
546 791 19 3
546 826 36 3
546 866 3 2
546 876 18 6
546 940 40 3
546 951 45 2
546 1001 14 7
546 1064 32 7
546 1090 1 6
546 1161 26 7
546 1170 8 5
547 556 21 5
547 557 10 3
547 558 32 5
547 559 22 1
547 580 31 2
547 596 20 2
547 606 32 5
547 608 1 9
547 631 39 5
547 716 33 10
547 759 20 2
547 795 2 5
547 836 10 2
547 865 12 4
547 878 42 5
547 951 38 5
547 981 23 5
547 983 39 3
547 1000 37 1
547 1032 6 4
547 1090 20 5
547 1105 22 4
547 1110 13 10
547 1136 40 2
547 1137 31 5
547 1174 11 2
547 1195 39 8
548 864 29 5
549 589 38 7
549 1120 11 10
550 724 6 4
550 822 35 5
550 931 17 10
550 1097 6 8
551 555 13 7
554 884 28 6
556 724 45 2
558 694 33 7
560 561 7 3
560 562 39 1
560 563 38 10
560 564 17 8
560 565 5 9
560 566 2 6
560 567 43 5
560 568 46 7
560 582 46 5
560 596 15 7
560 643 23 6
560 691 2 9
560 706 35 6
560 837 4 2
560 866 6 7
560 905 14 3
560 919 12 8
560 940 38 4
560 945 40 4
560 952 19 2
560 954 18 10
560 983 23 3
560 1114 41 1
561 562 37 6
561 563 10 4
561 569 28 10
561 581 35 9
561 631 18 3
561 667 21 6
561 716 7 2
561 760 43 1
561 792 9 6
561 865 49 10
561 877 19 4
561 916 24 5
561 983 49 6
561 1000 40 10
561 1002 8 8
561 1031 44 4
561 1090 41 5
561 1137 48 1
561 1195 17 7
562 563 7 10
562 570 22 1
562 571 5 6
562 572 48 9
562 573 47 1
562 574 29 8
562 605 36 10
562 631 25 7
562 666 19 8
562 691 37 10
562 726 29 10
562 796 30 9
562 825 37 7
562 838 3 5
562 880 27 10
562 940 50 7
562 1065 44 8
562 1100 21 1
562 1110 17 3
562 1161 43 9
562 1195 38 3
563 575 8 9
563 576 46 8
563 577 40 8
563 578 41 8
563 579 15 2
563 595 28 7
563 644 26 1
563 705 10 6
563 716 37 4
563 728 41 8
563 760 23 7
563 825 3 7
563 905 11 9
563 945 7 2
563 1030 16 8
563 1063 48 1
563 1090 13 2
563 1100 19 10
563 1105 22 5
563 1138 48 5
563 1160 42 5
563 1170 44 9
563 1173 28 4
565 824 50 2
566 1176 37 7
567 976 20 2
570 575 25 1
571 858 49 2
571 1081 13 5
572 1088 41 2
572 1188 16 8
574 496 6 1
574 698 28 3
574 961 14 6
577 1097 40 9
578 829 20 9
579 739 19 4
579 978 42 8
580 581 20 2
580 582 14 5
580 583 7 6
580 584 27 6
580 585 17 8
580 605 39 2
580 642 18 9
580 692 34 4
580 728 4 10
580 757 13 4
580 836 31 4
580 866 5 7
580 905 29 6
580 945 46 1
580 951 26 7
580 982 38 8
580 1090 29 8
580 1091 5 1
580 1105 5 2
580 1112 44 2
580 1114 18 1
581 582 15 5
581 586 20 3
581 587 40 10
581 588 41 4
581 595 33 3
581 630 39 1
581 643 26 8
581 665 1 3
581 666 46 5
581 715 30 5
581 825 24 7
581 905 47 2
581 915 3 2
581 940 14 8
581 945 7 6
581 980 7 7
581 1035 35 4
581 1172 22 3
582 589 26 10
582 590 10 2
582 591 17 10
582 592 18 4
582 593 12 7
582 594 33 10
582 596 38 7
582 609 16 6
582 631 2 1
582 690 21 2
582 705 4 8
582 706 7 8
582 715 16 7
582 730 1 5
582 760 25 5
582 794 31 1
582 825 23 6
582 875 45 8
582 876 2 4
582 919 17 9
582 940 25 8
582 953 15 3
582 1002 48 8
582 1031 22 1
582 1062 47 2
582 1100 26 2
582 1136 3 9
582 1137 18 3
582 1160 34 8
582 1173 38 8
582 1195 28 9
583 619 42 9
583 661 40 3
583 819 31 3
584 1036 27 2
585 818 5 10
588 1122 42 2
590 1010 46 9
591 947 47 7
595 596 29 6
595 597 14 7
595 609 46 5
595 631 29 7
595 641 36 9
595 668 16 4
595 690 29 1
595 706 28 8
595 715 18 2
595 729 9 9
595 730 11 7
595 757 38 2
595 796 11 3
595 839 45 2
595 865 13 5
595 880 25 2
595 905 20 9
595 915 26 1
595 919 22 9
595 940 11 4
595 945 20 4
595 955 42 2
595 1000 36 7
595 1003 1 2
595 1032 27 5
595 1060 15 5
595 1064 24 8
595 1091 18 4
595 1105 46 8
595 1113 36 8
595 1138 3 3
595 1139 1 7
595 1171 12 5
596 598 47 5
596 599 13 5
596 600 35 9
596 601 40 9
596 602 24 4
596 603 15 1
596 604 38 9
596 630 16 9
596 641 34 7
596 667 3 6
596 691 19 3
596 705 22 9
596 761 44 3
596 796 39 5
596 825 34 5
596 826 11 9
596 840 48 7
596 879 20 4
596 905 9 9
596 940 27 6
596 945 22 1
596 950 26 7
596 980 26 3
596 981 9 3
596 1035 37 7
596 1091 6 8
596 1100 17 5
596 1114 10 6
596 1160 48 5
596 1161 36 4
596 1173 22 5
596 1195 40 2
600 638 10 2
603 871 15 4
605 606 47 2
605 607 22 3
605 608 2 10
605 609 49 2
605 610 1 3
605 611 9 9
605 612 40 1
605 613 17 9
605 614 29 8
605 615 21 4
605 631 47 3
605 725 36 7
605 760 31 3
605 837 9 5
605 918 1 3
605 940 19 5
605 980 5 8
605 1032 9 2
605 1195 41 1
606 607 30 6
606 608 27 8
606 609 41 6
606 616 14 9
606 617 18 2
606 618 2 10
606 619 36 2
606 620 34 5
606 621 46 10
606 622 50 3
606 631 22 9
606 641 6 6
606 705 7 6
606 716 30 4
606 756 46 5
606 791 14 3
606 826 47 8
606 905 9 9
606 917 2 4
606 954 44 9
606 955 37 2
606 1090 21 8
606 1114 38 2
606 1160 14 1
606 1161 17 6
606 1195 23 9
607 608 2 2
607 609 30 2
607 623 10 1
607 624 44 9
607 625 38 3
607 726 44 10
607 866 45 10
607 945 34 3
607 1003 23 9
607 1090 6 7
607 1105 46 1
607 1135 15 5
607 1139 18 8
607 1173 42 5
608 609 49 5
608 626 23 5
608 627 43 3
608 628 45 4
608 643 11 10
608 669 8 3
608 691 23 5
608 692 24 5
608 705 22 1
608 981 3 8
608 1005 32 1
608 1063 25 1
608 1100 49 8
608 1105 46 1
608 1113 1 9
609 629 11 8
609 665 37 4
609 715 43 5
609 790 40 9
609 835 46 8
609 865 17 8
609 876 7 4
609 877 48 2
609 906 42 7
609 940 37 10
609 945 17 3
609 1031 44 1
609 1061 14 6
611 718 24 1
614 851 20 5
617 748 16 6
617 1103 28 2
623 709 15 6
623 1069 2 10
625 1040 13 5
628 1143 48 10
629 910 4 1
629 987 7 10
630 631 34 5
630 632 37 10
630 633 33 4
630 634 36 9
630 635 14 6
630 644 8 3
630 665 3 5
630 706 43 5
630 726 25 6
630 759 27 10
630 761 41 10
630 792 48 2
630 825 12 5
630 838 35 4
630 866 14 8
630 878 21 4
630 916 24 2
630 919 46 3
630 940 39 4
630 945 13 2
630 951 50 7
630 1003 48 7
630 1065 44 4
630 1090 12 10
630 1100 21 6
630 1105 1 7
630 1110 8 4
630 1114 7 9
630 1136 6 5
630 1139 21 1
630 1195 1 7
631 636 41 3
631 637 8 8
631 638 49 1
631 639 48 6
631 640 9 3
631 669 35 8
631 692 35 1
631 706 20 7
631 715 1 4
631 716 34 1
631 729 16 7
631 793 33 5
631 825 9 3
631 840 49 8
631 866 17 10
631 880 48 6
631 905 38 10
631 906 23 5
631 940 17 9
631 945 17 2
631 951 11 5
631 982 23 8
631 983 37 1
631 1002 37 7
631 1035 26 4
631 1064 19 5
631 1100 40 4
631 1160 15 3
631 1161 29 5
631 1171 31 1
631 1172 2 9
631 1195 47 4
633 1121 25 9
635 779 31 7
636 841 50 5
639 1154 35 4
640 641 47 2
640 642 37 1
640 643 49 8
640 644 35 5
640 645 27 1
640 646 44 3
640 647 16 9
640 665 3 4
640 667 11 6
640 756 15 4
640 791 34 1
640 880 49 1
640 940 24 2
640 945 26 10
640 1002 6 1
640 1105 46 4
640 1137 40 4
640 1138 25 4
641 642 10 4
641 643 16 2
641 644 21 2
641 648 17 1
641 649 36 9
641 650 2 2
641 651 37 10
641 652 10 2
641 653 7 8
641 839 11 9
641 865 32 6
641 1061 30 1
641 1062 42 7
641 1114 37 6
641 1170 20 8
642 643 8 8
642 644 8 6
642 654 40 7
642 655 2 5
642 656 22 9
642 706 27 4
642 715 3 3
642 728 26 1
642 755 35 7
642 826 24 10
642 879 45 3
642 919 25 8
642 950 34 9
642 954 29 9
642 983 8 6
642 1000 33 7
642 1033 26 8
642 1090 5 10
642 1195 41 1
643 644 5 2
643 657 4 2
643 658 23 9
643 659 4 4
643 660 22 10
643 661 37 5
643 690 16 9
643 715 18 10
643 727 44 9
643 905 4 8
643 916 37 5
643 940 37 9
643 1100 12 8
643 1112 13 10
643 1160 33 9
644 662 27 2
644 663 18 6
644 664 45 9
644 691 35 1
644 706 27 8
644 793 32 9
644 825 37 3
644 839 19 6
644 865 41 10
644 906 44 8
644 945 19 9
644 981 25 4
644 1032 42 2
644 1090 46 3
644 1100 33 9
644 1105 36 5
644 1160 28 10
644 1174 42 1
644 1195 1 8
645 769 21 9
647 1010 18 9
650 892 27 9
653 704 15 3
659 1089 15 5
661 995 17 2
663 1018 19 2
663 1049 17 6
664 855 38 5
665 666 7 8
665 667 34 3
665 668 1 1
665 669 11 1
665 670 5 9
665 671 47 6
665 706 9 1
665 791 17 7
665 876 50 10
665 940 34 3
665 945 3 4
665 982 41 10
665 1003 8 7
665 1100 50 9
665 1136 15 7
665 1160 25 1
665 1171 26 8
666 667 9 3
666 668 8 4
666 669 30 4
666 672 49 10
666 673 18 10
666 674 39 6
666 675 3 2
666 676 48 7
666 677 24 8
666 678 28 1
666 730 23 8
666 906 21 7
666 915 18 6
666 1001 35 5
666 1195 42 5
667 668 3 10
667 669 21 7
667 679 28 9
667 715 2 10
667 716 16 1
667 758 20 5
667 759 5 2
667 839 22 7
667 866 35 9
667 916 24 3
667 1063 9 5
667 1160 36 10
668 669 44 3
668 680 39 4
668 681 24 5
668 682 27 9
668 683 12 8
668 684 22 6
668 685 45 7
668 686 8 10
668 687 38 5
668 692 32 7
668 730 49 10
668 795 10 8
668 839 15 9
668 866 23 6
668 876 7 9
668 906 1 9
668 945 42 8
668 950 46 1
668 1033 6 1
668 1060 19 3
668 1100 16 5
668 1110 42 8
668 1111 35 8
669 688 17 9
669 689 45 8
669 705 10 10
669 826 33 6
669 940 46 9
669 953 43 10
669 983 8 1
669 1034 8 3
669 1090 35 8
669 1091 7 9
669 1105 16 5
669 1139 2 2
669 1174 17 3
670 1080 5 2
677 938 36 4
678 1080 2 5
679 1022 19 6
680 819 23 7
680 857 22 1
690 691 31 10
690 692 8 1
690 693 22 4
690 694 45 7
690 695 30 10
690 696 42 6
690 715 11 5
690 727 29 3
690 760 11 8
690 825 4 2
690 840 21 4
690 865 39 9
690 875 39 7
690 905 6 9
690 945 21 6
690 1032 6 1
690 1105 39 3
690 1113 36 9
690 1135 35 6
690 1160 29 9
690 1195 23 6
691 692 28 7
691 697 23 10
691 698 36 2
691 699 35 4
691 700 45 4
691 705 11 1
691 706 39 3
691 716 15 10
691 726 1 9
691 755 21 3
691 826 3 4
691 866 3 4
691 878 12 8
691 906 36 8
691 940 40 10
691 981 10 5
691 983 45 9
691 1001 12 5
691 1032 15 1
691 1062 42 6
691 1063 18 10
691 1091 47 10
691 1100 9 7
691 1135 18 9
691 1170 38 3
692 701 40 9
692 702 44 10
692 703 31 1
692 704 10 1
692 791 35 6
692 796 35 1
692 840 3 6
692 916 16 4
692 917 45 10
692 940 20 10
692 945 46 2
692 953 19 1
692 1001 14 2
692 1091 47 2
692 1105 6 2
692 1114 50 4
692 1160 39 3
692 1172 12 5
692 1195 49 6
693 925 15 2
694 811 2 5
697 841 22 10
698 804 19 5
700 943 24 3
703 1085 21 9
704 753 6 8
705 706 17 4
705 707 34 8
705 708 42 7
705 709 23 9
705 710 34 9
705 711 1 7
705 716 30 9
705 730 18 6
705 757 21 4
705 761 16 1
705 825 3 6
705 838 19 5
705 866 14 6
705 879 45 5
705 880 32 8
705 916 44 3
705 940 9 9
705 945 16 1
705 982 18 5
705 1004 44 10
705 1032 24 8
705 1064 37 5
705 1110 41 1
705 1113 48 8
705 1138 15 1
705 1161 13 4
705 1170 43 8
706 712 46 7
706 713 39 5
706 714 14 2
706 716 39 10
706 727 26 6
706 791 38 8
706 795 15 4
706 825 27 1
706 839 3 5
706 865 32 2
706 905 34 2
706 919 41 1
706 945 20 8
706 950 25 10
706 955 18 1
706 1065 14 8
706 1090 32 7
706 1091 21 10
706 1100 43 6
706 1105 6 5
706 1139 11 1
706 1160 13 2
706 1173 8 10
706 1195 32 9
708 743 42 6
708 850 34 1
708 948 20 6
713 871 27 1
715 716 39 6
715 717 35 1
715 718 18 5
715 758 9 8
715 791 41 1
715 792 25 8
715 826 46 7
715 836 50 2
715 879 18 3
715 917 38 9
715 940 8 3
715 1000 44 10
715 1061 28 3
715 1064 11 6
715 1100 36 3
715 1105 34 10
715 1111 27 7
715 1138 41 10
715 1161 28 7
715 1172 26 8
716 719 49 8
716 720 22 3
716 721 10 3
716 722 31 2
716 723 1 1
716 724 10 10
716 725 39 9
716 760 46 8
716 826 41 1
716 839 7 9
716 865 17 1
716 866 22 4
716 876 33 7
716 905 41 3
716 906 7 3
716 918 6 3
716 940 32 3
716 945 30 5
716 954 29 4
716 955 2 1
716 980 5 9
716 983 15 9
716 1002 9 3
716 1033 23 8
716 1035 13 8
716 1090 41 10
716 1091 22 8
716 1105 20 5
716 1112 20 6
716 1161 34 2
716 1173 10 8
716 1195 47 10
717 740 47 5
717 748 24 1
719 833 2 2
722 1066 26 8
725 726 17 4
725 727 4 8
725 728 46 6
725 729 10 10
725 730 23 8
725 731 7 4
725 732 28 10
725 733 11 1
725 759 13 9
725 952 13 1
725 1100 40 3
725 1105 6 8
725 1113 28 3
725 1161 17 7
725 1172 32 9
726 727 43 2
726 728 10 4
726 729 14 4
726 730 47 10
726 734 30 10
726 982 38 5
726 1005 35 9
726 1062 49 4
726 1170 11 3
727 728 41 5
727 729 21 2
727 730 41 3
727 735 30 4
727 736 48 10
727 737 2 6
727 826 7 6
727 866 19 8
727 945 17 7
727 953 16 8
727 1091 36 1
727 1100 12 7
727 1195 38 8
728 729 36 2
728 730 14 7
728 738 9 6
728 739 34 7
728 740 29 8
728 741 15 6
728 742 13 8
728 743 49 2
728 755 29 4
728 877 35 7
728 906 42 6
728 940 4 1
728 945 31 6
728 981 3 7
728 1090 30 9
728 1113 41 6
728 1137 19 8
728 1160 45 10
728 1195 32 4
729 730 16 10
729 744 3 2
729 745 40 5
729 746 24 6
729 747 37 9
729 748 48 3
729 749 31 10
729 750 7 7
729 793 35 7
729 826 10 10
729 835 5 8
729 1031 14 4
729 1105 41 2
729 1135 37 8
730 751 48 4
730 752 22 5
730 753 33 6
730 754 24 6
730 793 50 2
730 837 44 8
730 865 16 1
730 877 10 3
730 905 3 10
730 915 38 7
730 919 50 10
730 940 42 4
730 1001 6 1
730 1035 38 1
730 1065 36 3
734 1099 18 8
737 893 35 7
739 861 6 6
741 899 43 5
741 1066 4 8
745 1183 50 10
747 788 35 8
751 1146 38 4
755 756 5 7
755 757 34 5
755 758 30 7
755 759 8 1
755 760 42 8
755 761 19 1
755 762 13 4
755 763 41 8
755 764 16 1
755 765 28 3
755 766 41 5
755 767 41 1
755 866 46 9
755 1000 28 8
755 1035 2 4
755 1090 1 6
755 1105 38 6
756 757 3 7
756 758 31 10
756 759 21 6
756 760 21 10
756 761 19 8
756 768 10 7
756 769 30 8
756 865 4 7
756 915 31 10
756 1100 20 8
756 1136 36 3
756 1160 13 6
757 758 24 6
757 759 34 7
757 760 8 4
757 761 42 2
757 770 41 5
757 771 23 5
757 791 32 10
757 826 7 5
757 877 35 9
757 1061 26 9
757 1113 3 9
757 1174 21 2
757 1195 29 8
758 759 16 9
758 760 17 6
758 761 21 2
758 772 25 4
758 773 44 2
758 774 19 1
758 775 16 9
758 776 26 8
758 777 10 10
758 940 47 9
758 945 32 4
758 954 14 6
758 1005 31 10
758 1063 24 8
758 1100 49 10
758 1105 7 9
759 760 3 6
759 761 4 3
759 778 33 3
759 792 49 3
759 837 24 4
759 839 36 9
759 906 31 8
759 945 22 4
759 1091 25 6
759 1135 40 6
759 1161 44 10
760 761 15 6
760 779 36 6
760 780 35 7
760 781 5 8
760 782 27 2
760 783 6 3
760 784 28 7
760 825 29 2
760 905 11 4
760 954 14 3
760 982 1 8
760 1034 29 5
760 1172 43 3
760 1195 14 4
761 785 16 1
761 786 2 8
761 787 23 6
761 788 16 5
761 789 31 9
761 917 36 9
761 940 16 10
761 982 1 3
761 1110 39 4
765 1037 47 1
775 947 1 9
778 1055 48 1
778 1081 21 7
782 1126 46 1
787 949 36 7
788 1187 3 1
790 791 43 1
790 792 48 3
790 793 21 4
790 794 1 10
790 795 8 1
790 796 8 7
790 797 2 2
790 798 46 9
790 799 45 3
790 800 24 6
790 801 16 9
790 825 5 6
790 865 24 3
790 940 30 2
790 981 9 3
790 1005 46 9
790 1100 8 2
790 1195 44 8
791 792 44 2
791 793 11 4
791 794 10 5
791 795 11 7
791 796 35 5
791 802 22 3
791 803 31 10
791 804 48 5
791 805 11 5
791 806 39 7
791 807 18 8
791 915 26 2
791 945 30 8
791 1005 24 4
791 1105 46 4
791 1111 38 8
791 1161 46 9
792 793 5 10
792 794 9 6
792 795 10 2
792 796 48 6
792 808 39 4
792 809 9 1
792 810 33 7
792 811 20 2
792 812 27 8
792 879 14 7
792 950 34 7
792 983 45 7
792 1100 22 9
792 1110 8 6
792 1171 3 8
793 794 11 4
793 795 42 7
793 796 26 1
793 813 46 10
793 825 8 6
793 905 17 10
793 1032 42 2
793 1061 5 8
793 1138 16 9
794 795 2 4
794 796 28 10
794 814 31 4
794 815 38 1
794 816 35 10
794 817 28 8
794 818 13 5
794 837 9 1
794 866 34 3
794 1030 16 3
794 1105 20 2
794 1161 17 10
795 796 2 5
795 819 9 8
795 820 46 3
795 821 5 10
795 822 15 1
795 875 38 9
795 906 5 10
795 919 28 3
795 940 47 1
795 1091 37 5
795 1171 36 2
795 1195 7 7
796 823 33 10
796 824 44 10
796 840 17 9
796 945 40 9
796 951 36 5
796 1061 24 10
796 1139 33 7
797 1057 29 5
798 1140 26 7
801 1193 3 5
802 885 10 7
802 1144 50 7
802 1190 21 3
809 1068 3 9
813 882 25 3
817 827 37 8
818 974 26 5
821 842 13 2
821 1048 38 10
822 939 9 5
825 826 20 8
825 827 31 2
825 828 36 7
825 829 37 8
825 906 21 1
825 916 42 5
825 945 39 4
825 953 29 2
825 955 50 4
825 983 25 9
825 1005 3 7
825 1100 15 4
825 1110 38 7
825 1111 5 2
825 1139 20 9
825 1171 18 1
825 1172 28 9
825 1195 11 10
826 830 34 7
826 831 22 4
826 832 39 8
826 833 31 3
826 834 8 9
826 837 21 2
826 838 42 7
826 865 22 1
826 877 32 8
826 880 10 10
826 906 11 9
826 916 39 5
826 940 42 3
826 945 10 7
826 982 44 6
826 1001 15 5
826 1033 1 1
826 1035 43 7
826 1060 14 9
826 1063 21 4
826 1091 45 10
826 1100 50 5
826 1105 35 10
826 1136 37 7
826 1160 22 8
826 1161 27 2
826 1195 35 9
827 1190 40 5
828 1141 44 6
833 913 46 4
835 836 9 1
835 837 6 1
835 838 45 8
835 839 18 1
835 840 50 10
835 841 13 2
835 842 19 5
835 843 16 7
835 844 43 7
835 845 40 5
835 906 36 6
835 945 46 2
835 1091 4 4
835 1105 47 2
835 1114 5 6
835 1195 18 8
836 837 19 8
836 838 41 5
836 839 47 8
836 840 31 10
836 846 36 9
836 847 40 10
836 848 24 7
836 849 2 4
836 981 34 9
836 1005 40 5
836 1161 24 8
837 838 11 2
837 839 6 8
837 840 50 3
837 850 37 4
837 851 17 4
837 916 1 4
837 1062 15 7
837 1171 40 9
838 839 11 4
838 840 38 6
838 852 2 2
838 853 31 9
838 854 29 9
838 855 44 6
838 856 24 5
838 857 27 9
838 858 48 7
838 877 38 1
838 917 24 6
838 980 5 2
838 1002 24 4
838 1032 15 3
838 1139 6 1
839 840 37 2
839 859 3 7
839 860 48 1
839 861 45 6
839 862 19 5
839 863 40 1
839 866 33 2
839 906 33 1
839 955 34 9
839 1061 17 5
839 1100 49 8
839 1172 29 1
840 864 20 6
840 865 2 8
840 875 32 5
840 940 20 10
840 953 50 9
840 1032 43 5
840 1090 26 2
840 1100 37 2
840 1105 46 9
840 1113 8 7
840 1138 6 2
840 1160 15 8
842 1140 38 7
844 956 24 5
845 912 10 10
845 979 6 5
847 1162 38 4
849 985 23 9
849 1053 26 1
850 1066 44 5
852 978 41 10
856 937 11 4
861 948 38 4
863 994 29 10
865 866 1 6
865 867 25 4
865 905 48 9
865 906 1 9
865 917 37 7
865 940 2 3
865 945 43 5
865 1001 25 10
865 1004 35 3
865 1030 46 6
865 1033 33 3
865 1062 44 9
865 1091 42 1
865 1100 27 3
865 1105 26 5
865 1113 30 1
865 1135 41 6
865 1161 2 6
865 1195 31 3
866 868 27 9
866 869 18 2
866 870 11 8
866 871 11 1
866 872 46 1
866 873 1 5
866 874 10 4
866 875 5 2
866 880 46 6
866 918 37 9
866 940 39 10
866 951 5 7
866 953 18 10
866 980 40 2
866 1062 44 2
866 1105 11 2
866 1110 5 7
866 1138 17 1
866 1160 8 4
866 1170 13 7
866 1195 44 3
867 1101 36 8
869 976 48 1
869 998 39 6
869 1087 25 8
873 1128 21 2
874 936 7 9
875 876 31 7
875 877 39 4
875 878 7 1
875 879 36 3
875 880 21 5
875 881 44 7
875 882 40 10
875 918 42 10
875 940 33 5
875 1061 19 3
875 1161 31 2
876 877 11 9
876 878 26 9
876 879 11 4
876 880 8 3
876 883 1 8
876 884 18 3
876 885 8 1
876 886 5 3
876 905 44 6
876 919 18 10
876 940 46 6
876 1105 30 9
876 1114 47 10
877 878 29 8
877 879 7 1
877 880 22 8
877 887 17 9
877 888 9 1
877 889 13 2
877 980 14 1
877 1091 41 3
877 1139 6 6
877 1195 8 5
878 879 16 6
878 880 13 2
878 890 20 5
878 891 12 6
878 892 10 1
878 893 9 3
878 894 33 10
878 895 29 6
878 945 42 9
878 950 4 1
878 952 40 5
878 983 11 8
878 1035 26 8
878 1100 28 10
879 880 18 1
879 896 4 3
879 897 26 3
879 898 8 4
879 899 3 1
879 945 1 9
879 1065 8 8
879 1090 20 6
879 1105 25 3
879 1160 38 7
879 1173 45 9
880 900 5 10
880 901 11 9
880 902 39 9
880 903 44 3
880 904 5 6
880 906 21 6
880 1002 28 5
880 1003 41 10
880 1034 11 1
880 1100 6 5
880 1110 12 9
880 1136 22 10
880 1172 21 5
880 1195 22 3
883 1019 25 2
890 969 21 8
892 1056 34 3
896 926 8 4
905 906 14 7
905 907 33 1
905 908 22 7
905 909 49 1
905 910 2 7
905 911 27 6
905 916 10 5
905 945 9 10
905 954 32 9
905 980 18 9
905 1000 24 7
905 1032 32 9
905 1065 35 8
905 1091 47 1
905 1100 13 9
905 1114 15 2
905 1136 17 1
905 1161 6 3
905 1172 23 5
905 1174 43 10
905 1195 16 2
906 912 10 9
906 913 10 4
906 914 27 9
906 917 24 5
906 940 20 2
906 951 46 8
906 1002 40 7
906 1034 4 6
906 1064 36 10
906 1100 23 3
906 1105 31 10
906 1139 30 3
906 1195 27 3
915 916 15 4
915 917 36 2
915 918 10 6
915 919 20 6
915 920 13 4
915 921 33 10
915 922 17 5
915 982 44 5
915 1002 29 5
915 1091 27 10
915 1105 24 3
915 1138 24 9
915 1173 20 4
915 1195 48 2
916 917 43 3
916 918 1 5
916 919 7 1
916 923 43 4
916 924 7 5
916 925 34 4
916 945 33 2
916 1035 21 8
916 1060 50 4
916 1100 32 8
916 1111 9 8
916 1174 26 8
917 918 17 3
917 919 36 10
917 926 35 10
917 927 5 9
917 928 35 8
917 929 10 3
917 930 48 3
917 1005 36 4
917 1031 18 10
917 1063 4 8
917 1105 26 1
917 1111 22 8
917 1136 20 8
917 1160 15 6
917 1161 12 3
918 919 32 9
918 931 35 2
918 932 12 9
918 933 20 3
918 940 41 3
918 952 45 6
918 1195 17 8
919 934 39 10
919 935 40 9
919 936 38 6
919 937 19 3
919 938 36 7
919 939 1 1
919 945 26 10
919 953 3 6
919 980 4 6
919 1091 30 1
919 1100 7 7
921 1163 13 3
922 1076 8 4
923 1134 50 2
926 1076 6 7
929 1192 18 10
938 1097 30 6
939 989 1 6
940 941 36 5
940 942 26 3
940 943 21 10
940 944 27 6
940 945 46 4
940 953 19 5
940 955 40 1
940 981 11 10
940 983 30 10
940 1003 41 5
940 1032 18 1
940 1035 29 9
940 1060 50 4
940 1063 3 6
940 1090 34 1
940 1091 45 1
940 1100 44 6
940 1105 29 10
940 1111 32 8
940 1112 25 7
940 1136 23 5
940 1160 26 2
940 1161 16 2
940 1170 31 7
940 1171 11 8
940 1195 36 10
942 1133 27 9
943 1093 20 10
945 946 5 9
945 947 48 7
945 948 33 10
945 949 42 7
945 952 8 6
945 953 1 2
945 980 17 2
945 981 8 7
945 1004 20 6
945 1005 40 10
945 1031 7 3
945 1034 7 10
945 1061 33 4
945 1064 38 1
945 1091 18 6
945 1100 28 1
945 1105 22 4
945 1110 48 4
945 1113 24 5
945 1135 40 9
945 1138 33 1
945 1160 39 7
945 1161 40 1
945 1171 5 9
945 1173 41 5
945 1195 47 6
948 1066 48 6
950 951 46 3
950 952 36 10
950 953 13 10
950 954 22 4
950 955 5 10
950 956 23 3
950 957 31 10
950 958 2 2
950 959 25 1
950 960 5 1
950 1032 5 2
951 952 10 5
951 953 2 4
951 954 14 8
951 955 32 10
951 961 35 4
951 962 29 2
951 963 3 2
951 964 29 4
951 965 2 3
951 1001 46 3
951 1062 26 6
951 1065 21 2
951 1090 23 2
951 1105 40 9
951 1136 26 8
951 1195 42 8
952 953 43 6
952 954 48 2
952 955 6 5
952 966 22 10
952 967 29 3
952 968 32 9
952 980 37 4
952 981 34 4
952 1091 3 10
952 1105 7 2
952 1174 37 4
953 954 45 6
953 955 8 4
953 969 2 3
953 970 2 7
953 971 33 1
953 972 34 3
953 973 9 2
953 974 9 9
953 1004 47 1
953 1195 26 8
954 955 1 2
954 975 39 10
954 976 46 2
954 1100 4 3
954 1161 25 4
954 1173 16 7
955 977 4 9
955 978 41 7
955 979 8 6
955 1031 27 8
955 1100 10 10
955 1112 45 1
955 1137 4 1
955 1160 33 2
956 1087 5 3
961 976 25 2
970 1013 11 1
975 1180 11 5
979 1197 50 8
980 981 9 4
980 982 40 6
980 983 43 9
980 984 25 8
980 985 44 4
980 986 40 6
980 987 38 6
980 988 4 6
980 989 3 6
980 1032 18 6
980 1061 49 9
980 1090 13 1
980 1100 44 8
980 1105 1 7
980 1160 9 7
981 982 22 10
981 983 21 6
981 990 12 6
981 1063 42 3
981 1105 45 9
981 1112 3 1
981 1195 32 2
982 983 14 8
982 991 1 9
982 992 34 7
982 993 5 7
982 994 43 8
982 995 22 5
982 1000 12 4
982 1005 22 3
982 1033 3 6
982 1091 30 1
982 1100 41 5
982 1136 5 9
982 1137 2 10
982 1160 16 6
982 1195 41 10
983 996 9 9
983 997 13 2
983 998 44 7
983 999 25 6
983 1112 42 9
983 1172 47 8
991 1154 28 3
993 1019 12 10
1000 1001 43 7
1000 1002 34 6
1000 1003 11 5
1000 1004 44 1
1000 1005 4 5
1000 1006 8 6
1000 1007 39 9
1000 1008 27 9
1000 1009 34 6
1000 1010 26 8
1000 1063 41 7
1000 1100 35 7
1000 1139 1 3
1000 1160 9 6
1000 1170 21 5
1001 1002 42 9
1001 1003 25 2
1001 1004 4 10
1001 1005 24 10
1001 1011 43 1
1001 1031 43 9
1001 1137 48 2
1001 1195 33 7
1002 1003 49 8
1002 1004 8 1
1002 1005 43 1
1002 1012 30 1
1002 1013 41 4
1002 1014 27 4
1002 1015 46 4
1002 1016 35 9
1002 1017 46 2
1002 1110 49 3
1003 1004 12 2
1003 1005 25 4
1003 1018 22 6
1003 1019 42 10
1003 1020 36 4
1003 1021 32 10
1003 1105 29 5
1004 1005 15 9
1004 1022 45 2
1004 1023 43 2
1004 1024 13 5
1004 1090 43 10
1004 1110 37 6
1004 1172 2 7
1004 1195 41 10
1005 1025 17 1
1005 1026 45 10
1005 1027 7 3
1005 1028 14 7
1005 1029 37 7
1005 1035 2 8
1005 1065 42 2
1005 1091 48 7
1005 1100 8 8
1005 1105 33 1
1007 1104 30 7
1007 1181 39 7
1018 1159 42 7
1023 1169 19 10
1026 1028 25 8
1030 1031 2 5
1030 1032 39 4
1030 1033 3 4
1030 1034 5 4
1030 1035 26 2
1030 1036 27 8
1030 1037 48 5
1030 1038 2 2
1030 1039 19 3
1030 1040 4 9
1030 1041 1 5
1030 1042 24 7
1030 1043 40 6
1030 1044 36 5
1030 1100 24 2
1030 1105 8 9
1030 1112 32 9
1030 1135 46 8
1031 1032 33 4
1031 1033 39 2
1031 1034 17 9
1031 1035 30 4
1031 1045 8 2
1031 1046 22 3
1031 1047 8 6
1031 1048 33 9
1031 1135 7 10
1031 1160 28 7
1032 1033 18 9
1032 1034 27 4
1032 1035 25 7
1032 1049 34 9
1032 1050 38 4
1032 1105 38 9
1033 1034 30 5
1033 1035 13 9
1033 1051 44 5
1033 1052 20 3
1033 1065 37 1
1033 1090 36 6
1033 1160 3 4
1033 1195 1 2
1034 1035 33 2
1034 1053 22 6
1034 1054 5 9
1034 1055 48 1
1034 1056 33 8
1034 1100 30 9
1034 1170 7 1
1034 1173 15 6
1035 1057 29 3
1035 1058 38 6
1035 1059 46 1
1035 1062 16 4
1035 1091 22 4
1035 1114 40 5
1035 1195 49 5
1060 1061 17 6
1060 1062 49 5
1060 1063 2 6
1060 1064 21 7
1060 1065 22 5
1060 1066 41 10
1060 1067 34 6
1060 1068 3 6
1060 1069 4 2
1060 1105 6 4
1060 1160 3 9
1061 1062 20 10
1061 1063 9 2
1061 1064 28 10
1061 1065 44 4
1061 1070 42 5
1061 1071 28 7
1061 1072 35 1
1061 1073 35 9
1061 1074 22 2
1061 1075 46 8
1061 1091 20 8
1061 1112 44 5
1062 1063 14 2
1062 1064 50 1
1062 1065 39 1
1062 1076 21 1
1062 1077 33 7
1062 1078 46 7
1062 1079 39 8
1062 1090 6 5
1062 1110 12 2
1062 1171 33 1
1063 1064 1 4
1063 1065 1 1
1063 1080 21 9
1063 1081 47 8
1063 1082 31 3
1063 1172 4 5
1063 1195 12 7
1064 1065 33 1
1064 1083 28 8
1064 1084 37 4
1064 1100 34 3
1064 1135 35 10
1064 1136 12 5
1065 1085 36 1
1065 1086 8 6
1065 1087 44 7
1065 1088 2 9
1065 1089 42 5
1065 1100 22 2
1065 1105 27 10
1065 1195 34 4
1066 1165 47 8
1078 1153 31 3
1090 1091 2 1
1090 1092 1 1
1090 1093 30 4
1090 1094 23 1
1090 1095 40 2
1090 1105 19 2
1090 1160 3 1
1090 1170 8 9
1090 1195 38 8
1091 1096 3 1
1091 1097 45 4
1091 1098 34 2
1091 1099 23 9
1091 1100 27 1
1091 1105 14 10
1091 1113 10 5
1091 1114 37 9
1091 1137 48 7
1091 1138 10 4
1091 1160 14 1
1091 1170 24 9
1099 1128 4 2
1100 1101 36 5
1100 1102 48 1
1100 1103 50 4
1100 1104 28 2
1100 1105 19 5
1100 1110 21 2
1100 1113 6 2
1100 1136 12 2
1100 1138 39 7
1100 1160 25 3
1100 1171 49 10
1100 1172 49 1
1100 1195 44 9
1101 1194 47 5
1105 1106 10 7
1105 1107 41 3
1105 1108 2 2
1105 1109 5 8
1105 1110 27 9
1105 1137 12 8
1105 1138 4 3
1105 1160 1 4
1105 1170 21 4
1105 1172 37 6
1105 1195 37 2
1110 1111 47 5
1110 1112 39 3
1110 1113 46 6
1110 1114 2 4
1110 1115 11 10
1110 1116 24 5
1110 1117 3 1
1110 1195 12 5
1111 1112 13 9
1111 1113 16 2
1111 1114 50 10
1111 1118 6 4
1111 1119 11 4
1111 1120 17 5
1111 1121 19 7
1111 1122 47 6
1111 1135 17 6
1111 1160 7 5
1111 1170 23 2
1112 1113 6 9
1112 1114 8 1
1112 1123 37 1
1112 1124 36 7
1112 1125 1 2
1112 1126 41 10
1112 1136 9 2
1113 1114 14 8
1113 1127 26 1
1113 1128 6 7
1113 1129 21 4
1113 1130 12 2
1113 1131 35 1
1114 1132 33 2
1114 1133 28 1
1114 1134 35 5
1114 1160 46 4
1114 1195 33 2
1135 1136 47 10
1135 1137 31 5
1135 1138 5 6
1135 1139 10 1
1135 1140 17 1
1135 1141 43 6
1135 1142 7 10
1135 1143 37 5
1135 1144 6 7
1135 1145 29 2
1135 1146 19 6
1135 1147 14 5
1135 1148 50 1
1136 1137 8 4
1136 1138 23 4
1136 1139 40 4
1136 1149 20 10
1136 1171 35 4
1137 1138 45 7
1137 1139 8 7
1137 1150 44 10
1137 1151 4 7
1137 1152 32 2
1138 1139 37 10
1138 1153 27 8
1138 1154 35 1
1138 1155 33 4
1138 1161 26 9
1138 1172 10 10
1138 1195 36 1
1139 1156 31 5
1139 1157 45 8
1139 1158 25 4
1139 1159 25 9
1139 1195 12 3
1156 1166 29 3
1158 1163 17 8
1160 1161 4 2
1160 1162 6 8
1160 1163 46 10
1160 1164 9 9
1160 1165 17 5
1160 1166 17 8
1160 1167 16 9
1160 1168 23 10
1160 1173 49 5
1160 1195 1 1
1161 1169 40 3
1161 1174 5 8
1161 1195 5 1
1170 1171 4 7
1170 1172 2 10
1170 1173 10 3
1170 1174 45 8
1170 1175 21 9
1170 1176 19 10
1170 1177 9 10
1170 1178 31 9
1170 1195 26 7
1171 1172 50 3
1171 1173 11 4
1171 1174 47 7
1171 1179 45 9
1171 1180 39 10
1171 1181 30 6
1172 1173 44 5
1172 1174 39 3
1172 1182 46 7
1172 1183 33 4
1172 1184 13 4
1172 1185 33 8
1173 1174 48 7
1173 1186 13 4
1173 1187 45 4
1173 1188 29 2
1173 1189 50 3
1173 1190 30 8
1173 1191 41 4
1174 1192 14 2
1174 1193 2 7
1174 1194 36 8
1184 1188 1 10
1195 1196 16 7
1195 1197 49 5
1195 1198 17 10
1195 1199 24 3

0 330 14
1 311 21
2 134 19
3 944 22
4 1089 39
5 99 10
6 902 22
7 514 17
8 209 2
9 744 2
10 832 38
11 411 21
12 164 42
13 530 22
14 429 39
15 1183 31
16 824 28
17 806 20
18 889 9
19 620 9
20 293 34
21 593 5
22 611 22
23 123 55
24 1116 9
25 996 6
26 970 6
27 956 31
28 1157 27
29 444 12
30 1175 11
31 159 1
32 1152 10
33 489 7
34 286 65
35 79 6
36 927 8
37 573 51
38 25 7
39 483 12
40 673 7
41 765 50
42 458 43
43 1067 19
44 884 16
45 908 13
46 695 21
47 312 30
48 767 25
49 1047 9
50 108 27
51 903 41
52 211 3
53 989 21
54 283 30
55 958 2
56 679 32
57 698 26
58 868 29
59 32 24
60 170 41
61 357 13
62 419 11
63 193 13
64 138 22
65 592 12
66 35 28
67 106 37
68 575 24
69 820 10
70 662 15
71 524 39
72 650 58
73 3 34
74 844 30
75 707 25
76 29 28
77 250 46
78 204 41
79 1108 1
80 93 7
81 1079 19
82 346 35
83 873 17
84 486 38
85 962 14
86 661 58
87 947 32
88 232 21
89 1099 19
90 764 4
91 864 25
92 498 1
93 374 8
94 814 18
95 442 31
96 351 20
97 1177 6
98 60 3
99 583 58
100 446 22
101 360 10
102 1044 21
103 762 6
104 21 48
105 735 15
106 7 57
107 146 36
108 789 11
109 109 31
110 160 43
111 848 6
112 750 2
113 949 36
114 1006 8
115 158 33
116 319 44
117 1011 30
118 1053 38
119 911 12
120 780 18
121 52 10
122 1094 13
123 1187 10
124 674 27
125 1148 33
126 1058 30
127 637 65
128 1169 37
129 1049 24
130 1176 65
131 47 10
132 722 24
133 1159 31
134 251 23
135 939 11
136 1168 16
137 1102 13
138 890 14
139 1188 17
140 484 34
141 541 44
142 194 16
143 891 7
144 91 35
145 649 24
146 542 22
147 28 3
148 548 78
149 1119 7
150 853 27
151 511 43
152 75 20
153 551 18
154 967 21
155 1056 17
156 261 23
157 414 10
158 615 6
159 372 9
160 639 53
161 885 4
162 1154 49
163 485 33
164 702 27
165 658 17
166 98 57
167 239 8
168 619 34
169 58 12
170 302 15
171 688 21
172 469 27
173 532 23
174 229 20
175 537 3
176 432 24
177 772 21
178 653 11
179 993 7
180 1025 23
181 799 17
182 496 45
183 660 58
184 100 5
185 681 11
186 1078 39
187 297 10
188 1156 44
189 249 16
190 818 25
191 362 32
192 687 8
193 616 8
194 478 63
195 664 50
196 1186 8
197 324 3
198 1126 40
199 450 26
200 1092 16
201 85 9
202 1027 5
203 571 24
204 474 2
205 449 9
206 383 18
207 63 58
208 57 15
209 169 16
210 36 49
211 621 25
212 544 15
213 898 19
214 210 21
215 932 9
216 519 14
217 344 22
218 1121 19
219 459 13
220 632 22
221 1054 2
222 406 19
223 1014 16
224 881 18
225 862 21
226 929 12
227 236 5
228 492 42
229 574 80
230 116 6
231 718 21
232 751 52
233 604 25
234 238 13
235 852 18
236 934 19
237 192 19
238 456 16
239 603 19
240 358 26
241 1073 19
242 892 45
243 686 31
244 601 20
245 417 20
246 622 25
247 1144 24
248 805 7
249 676 28
250 23 15
251 480 19
252 895 12
253 139 6
254 1074 23
255 13 17
256 510 15
257 625 35
258 520 18
259 785 11
260 272 11
261 74 13
262 739 38
263 734 30
264 1182 22
265 888 8
266 1140 50
267 174 36
268 533 20
269 136 11
270 1075 28
271 937 8
272 482 49
273 361 18
274 1132 20
275 779 17
276 701 19
277 1045 5
278 321 13
279 557 11
280 375 25
281 754 11
282 415 27
283 430 24
284 529 24
285 656 11
286 149 27
287 960 3
288 177 27
289 454 12
290 1122 25
291 363 16
292 64 15
293 131 19
294 403 22
295 296 16
296 928 23
297 886 2
298 822 31
299 78 59
300 132 12
301 1072 25
302 1015 25
303 61 45
304 1125 1
305 935 22
306 470 12
307 946 4
308 910 3
309 223 21
310 724 19
311 842 28
312 1142 3
313 1127 16
314 539 11
315 1080 36
316 629 8
317 567 24
318 270 33
319 26 41
320 89 5
321 746 13
322 299 63
323 943 24
324 86 2
325 207 3
326 113 15
327 717 61
328 828 20
329 395 33
330 434 2
331 410 6
332 1040 11
333 199 80
334 473 7
335 178 26
336 6 34
337 50 23
338 8 19
339 1029 8
340 749 55
341 1012 19
342 1164 41
343 24 29
344 345 18
345 424 45
346 979 16
347 628 63
348 292 13
349 699 18
350 515 15
351 671 23
352 1010 36
353 1118 6
354 670 4
355 719 20
356 252 18
357 157 24
358 133 35
359 400 5
360 124 6
361 1048 28
362 677 26
363 265 4
364 869 78
365 333 26
366 741 30
367 307 11
368 618 3
369 617 27
370 672 14
371 384 65
372 1057 40
373 817 32
374 309 16
375 900 4
376 352 14
377 1147 8
378 1129 23
379 1042 36
380 95 2
381 1088 15
382 445 54
383 81 26
384 1097 112
385 610 20
386 550 73
387 404 15
388 59 17
389 588 58
390 1128 10
391 968 13
392 787 31
393 753 21
394 370 18
395 397 21
396 117 23
397 218 9
398 348 14
399 33 25
400 538 15
401 359 9
402 269 21
403 598 12
404 657 2
405 613 10
406 942 27
407 522 11
408 38 5
409 721 23
410 1115 3
411 771 9
412 1109 4
413 1198 10
414 697 21
415 636 43
416 122 34
417 179 37
418 130 39
419 586 7
420 577 53
421 984 6
422 206 13
423 301 2
424 974 26
425 714 8
426 323 22
427 896 13
428 745 30
429 683 14
430 1071 37
431 188 25
432 703 22
433 553 22
434 634 32
435 777 7
436 295 15
437 776 28
438 248 20
439 409 27
440 262 17
441 14 18
442 490 8
443 115 5
444 1189 24
445 371 33
446 163 17
447 103 52
448 329 14
449 1008 12
450 684 10
451 343 59
452 830 12
453 845 17
454 1051 15
455 1077 29
456 925 26
457 102 53
458 96 16
459 766 27
460 291 22
461 477 57
462 612 20
463 1059 24
464 90 8
465 168 24
466 1026 16
467 1133 36
468 804 29
469 39 8
470 1196 11
471 778 28
472 62 47
473 1141 60
474 872 53
475 1084 12
476 9 20
477 531 31
478 219 8
479 823 12

1 900000
