1200 5242 480 2

750

0 25 10000
1 50 19000
2 75 28000
3 100 37000
4 125 46000
5 150 55000
6 175 60000
7 200 65000
8 225 69000
9 250 73000

0 40000
1 40000
2 40000
3 40000
4 40000
5 30000
6 20000
7 40000
8 40000
9 30000
10 40000
11 40000
12 20000
13 30000
14 20000
15 30000
16 20000
17 20000
18 30000
19 40000
20 30000
21 30000
22 30000
23 30000
24 20000
25 20000
26 40000
27 5000
28 40000
29 30000
30 20000
31 30000
32 20000
33 30000
34 30000
35 40000
36 40000
37 20000
38 30000
39 40000
40 30000
41 20000
42 20000
43 30000
44 30000
45 40000
46 30000
47 40000
48 30000
49 40000
50 40000
51 20000
52 40000
53 40000
54 40000
55 40000
56 40000
57 30000
58 40000
59 40000
60 40000
61 40000
62 30000
63 40000
64 40000
65 30000
66 30000
67 40000
68 30000
69 30000
70 30000
71 40000
72 30000
73 30000
74 40000
75 30000
76 30000
77 40000
78 30000
79 30000
80 30000
81 30000
82 30000
83 20000
84 30000
85 40000
86 40000
87 30000
88 20000
89 40000
90 30000
91 20000
92 40000
93 30000
94 30000
95 40000
96 40000
97 40000
98 40000
99 40000
100 40000
101 20000
102 20000
103 30000
104 30000
105 40000
106 20000
107 20000
108 20000
109 30000
110 30000
111 20000
112 30000
113 30000
114 40000
115 20000
116 30000
117 30000
118 20000
119 40000
120 40000
121 30000
122 30000
123 20000
124 30000
125 40000
126 40000
127 40000
128 40000
129 20000
130 30000
131 30000
132 20000
133 40000
134 30000
135 20000
136 30000
137 40000
138 30000
139 30000
140 30000
141 30000
142 20000
143 30000
144 30000
145 40000
146 40000
147 40000
148 40000
149 20000
150 30000
151 30000
152 20000
153 20000
154 30000
155 30000
156 30000
157 40000
158 30000
159 30000
160 30000
161 40000
162 30000
163 30000
164 30000
165 20000
166 40000
167 40000
168 40000
169 5000
170 40000
171 30000
172 30000
173 20000
174 40000
175 40000
176 30000
177 20000
178 20000
179 40000
180 30000
181 20000
182 20000
183 30000
184 20000
185 40000
186 40000
187 20000
188 30000
189 30000
190 40000
191 20000
192 20000
193 30000
194 30000
195 40000
196 40000
197 40000
198 40000
199 40000
200 40000
201 20000
202 30000
203 30000
204 30000
205 30000
206 20000
207 30000
208 20000
209 40000
210 40000
211 30000
212 40000
213 30000
214 30000
215 20000
216 30000
217 30000
218 20000
219 20000
220 20000
221 20000
222 20000
223 20000
224 30000
225 30000
226 20000
227 5000
228 5000
229 5000
230 40000
231 40000
232 40000
233 40000
234 30000
235 30000
236 40000
237 30000
238 30000
239 30000
240 20000
241 30000
242 20000
243 20000
244 30000
245 40000
246 30000
247 40000
248 30000
249 40000
250 40000
251 40000
252 30000
253 30000
254 40000
255 20000
256 20000
257 30000
258 30000
259 40000
260 40000
261 20000
262 30000
263 40000
264 40000
265 40000
266 40000
267 40000
268 40000
269 40000
270 20000
271 20000
272 20000
273 30000
274 20000
275 20000
276 20000
277 30000
278 30000
279 20000
280 30000
281 30000
282 30000
283 20000
284 30000
285 30000
286 30000
287 40000
288 40000
289 30000
290 40000
291 40000
292 30000
293 30000
294 20000
295 40000
296 40000
297 40000
298 20000
299 40000
300 40000
301 40000
302 20000
303 40000
304 30000
305 30000
306 40000
307 20000
308 30000
309 30000
310 20000
311 20000
312 20000
313 30000
314 30000
315 5000
316 40000
317 5000
318 30000
319 30000
320 30000
321 30000
322 30000
323 30000
324 30000
325 30000
326 40000
327 20000
328 40000
329 30000
330 20000
331 40000
332 5000
333 5000
334 40000
335 5000
336 20000
337 30000
338 40000
339 30000
340 40000
341 40000
342 40000
343 20000
344 30000
345 40000
346 30000
347 20000
348 30000
349 30000
350 30000
351 20000
352 20000
353 20000
354 20000
355 20000
356 20000
357 30000
358 20000
359 40000
360 40000
361 40000
362 40000
363 40000
364 40000
365 40000
366 20000
367 30000
368 20000
369 40000
370 30000
371 30000
372 20000
373 40000
374 30000
375 40000
376 40000
377 30000
378 20000
379 30000
380 20000
381 40000
382 5000
383 40000
384 40000
385 40000
386 20000
387 40000
388 30000
389 5000
390 5000
391 5000
392 40000
393 20000
394 20000
395 20000
396 30000
397 20000
398 30000
399 40000
400 40000
401 40000
402 30000
403 30000
404 30000
405 20000
406 40000
407 40000
408 20000
409 30000
410 40000
411 20000
412 40000
413 30000
414 20000
415 30000
416 30000
417 20000
418 40000
419 5000
420 5000
421 30000
422 30000
423 30000
424 30000
425 40000
426 40000
427 20000
428 40000
429 40000
430 40000
431 20000
432 30000
433 40000
434 30000
435 30000
436 30000
437 40000
438 40000
439 30000
440 20000
441 30000
442 30000
443 20000
444 30000
445 30000
446 20000
447 20000
448 20000
449 20000
450 30000
451 20000
452 30000
453 40000
454 30000
455 40000
456 40000
457 20000
458 40000
459 20000
460 20000
461 30000
462 40000
463 30000
464 30000
465 30000
466 40000
467 30000
468 30000
469 30000
470 5000
471 30000
472 40000
473 30000
474 30000
475 40000
476 20000
477 40000
478 20000
479 20000
480 30000
481 40000
482 40000
483 30000
484 40000
485 40000
486 30000
487 30000
488 30000
489 40000
490 40000
491 30000
492 40000
493 40000
494 40000
495 40000
496 40000
497 40000
498 40000
499 40000
500 40000
501 20000
502 40000
503 30000
504 20000
505 40000
506 20000
507 30000
508 40000
509 20000
510 30000
511 20000
512 40000
513 20000
514 30000
515 30000
516 30000
517 20000
518 20000
519 20000
520 30000
521 40000
522 20000
523 30000
524 30000
525 40000
526 40000
527 40000
528 40000
529 40000
530 20000
531 20000
532 40000
533 30000
534 40000
535 30000
536 30000
537 30000
538 30000
539 20000
540 30000
541 30000
542 30000
543 40000
544 30000
545 30000
546 30000
547 20000
548 20000
549 30000
550 30000
551 30000
552 30000
553 5000
554 20000
555 5000
556 40000
557 40000
558 5000
559 40000
560 40000
561 20000
562 30000
563 40000
564 40000
565 40000
566 40000
567 30000
568 30000
569 30000
570 20000
571 20000
572 30000
573 40000
574 30000
575 40000
576 20000
577 40000
578 40000
579 40000
580 40000
581 20000
582 30000
583 30000
584 20000
585 5000
586 40000
587 30000
588 30000
589 20000
590 20000
591 40000
592 30000
593 30000
594 40000
595 40000
596 30000
597 30000
598 20000
599 30000
600 40000
601 40000
602 40000
603 40000
604 40000
605 30000
606 30000
607 40000
608 30000
609 40000
610 30000
611 30000
612 30000
613 30000
614 40000
615 40000
616 40000
617 20000
618 20000
619 30000
620 20000
621 40000
622 30000
623 20000
624 30000
625 40000
626 20000
627 40000
628 30000
629 30000
630 40000
631 40000
632 40000
633 40000
634 40000
635 20000
636 40000
637 40000
638 30000
639 40000
640 30000
641 40000
642 30000
643 30000
644 40000
645 20000
646 30000
647 30000
648 40000
649 20000
650 40000
651 40000
652 30000
653 40000
654 40000
655 30000
656 20000
657 20000
658 30000
659 30000
660 5000
661 5000
662 30000
663 20000
664 30000
665 40000
666 40000
667 30000
668 20000
669 30000
670 40000
671 40000
672 40000
673 20000
674 40000
675 40000
676 40000
677 40000
678 40000
679 40000
680 30000
681 30000
682 30000
683 20000
684 30000
685 30000
686 30000
687 40000
688 30000
689 5000
690 40000
691 20000
692 40000
693 40000
694 30000
695 30000
696 20000
697 20000
698 30000
699 20000
700 40000
701 40000
702 40000
703 40000
704 20000
705 40000
706 30000
707 30000
708 30000
709 30000
710 30000
711 20000
712 30000
713 20000
714 30000
715 30000
716 30000
717 40000
718 20000
719 20000
720 40000
721 40000
722 40000
723 40000
724 20000
725 40000
726 30000
727 20000
728 30000
729 30000
730 30000
731 40000
732 30000
733 40000
734 30000
735 40000
736 20000
737 30000
738 30000
739 20000
740 40000
741 40000
742 40000
743 40000
744 40000
745 40000
746 40000
747 40000
748 30000
749 30000
750 20000
751 40000
752 20000
753 30000
754 30000
755 20000
756 30000
757 20000
758 40000
759 30000
760 30000
761 20000
762 20000
763 30000
764 20000
765 40000
766 30000
767 20000
768 40000
769 30000
770 30000
771 20000
772 30000
773 30000
774 40000
775 40000
776 40000
777 20000
778 40000
779 40000
780 20000
781 40000
782 40000
783 40000
784 20000
785 30000
786 30000
787 20000
788 30000
789 30000
790 30000
791 40000
792 30000
793 40000
794 5000
795 40000
796 20000
797 30000
798 20000
799 40000
800 20000
801 40000
802 30000
803 30000
804 40000
805 5000
806 5000
807 30000
808 30000
809 20000
810 40000
811 30000
812 30000
813 20000
814 30000
815 30000
816 30000
817 30000
818 30000
819 30000
820 40000
821 40000
822 40000
823 30000
824 30000
825 20000
826 30000
827 20000
828 40000
829 20000
830 40000
831 20000
832 40000
833 30000
834 30000
835 40000
836 40000
837 30000
838 20000
839 20000
840 20000
841 30000
842 30000
843 20000
844 30000
845 40000
846 40000
847 40000
848 40000
849 40000
850 40000
851 20000
852 40000
853 30000
854 20000
855 20000
856 20000
857 40000
858 40000
859 30000
860 40000
861 30000
862 20000
863 30000
864 30000
865 40000
866 30000
867 30000
868 30000
869 40000
870 30000
871 40000
872 30000
873 30000
874 40000
875 30000
876 30000
877 30000
878 20000
879 5000
880 40000
881 40000
882 40000
883 40000
884 30000
885 20000
886 30000
887 30000
888 30000
889 40000
890 30000
891 30000
892 30000
893 30000
894 30000
895 30000
896 30000
897 40000
898 40000
899 30000
900 20000
901 40000
902 40000
903 40000
904 40000
905 40000
906 5000
907 30000
908 40000
909 30000
910 20000
911 30000
912 20000
913 30000
914 30000
915 30000
916 30000
917 20000
918 40000
919 20000
920 40000
921 40000
922 20000
923 30000
924 40000
925 40000
926 40000
927 30000
928 30000
929 40000
930 40000
931 20000
932 40000
933 30000
934 20000
935 40000
936 20000
937 5000
938 40000
939 40000
940 30000
941 40000
942 20000
943 40000
944 40000
945 40000
946 40000
947 40000
948 40000
949 40000
950 30000
951 30000
952 30000
953 30000
954 30000
955 30000
956 30000
957 20000
958 20000
959 20000
960 20000
961 40000
962 30000
963 30000
964 30000
965 30000
966 20000
967 30000
968 30000
969 20000
970 40000
971 40000
972 40000
973 40000
974 40000
975 40000
976 40000
977 30000
978 20000
979 30000
980 20000
981 30000
982 30000
983 30000
984 30000
985 30000
986 20000
987 30000
988 20000
989 20000
990 30000
991 20000
992 30000
993 20000
994 30000
995 20000
996 20000
997 30000
998 40000
999 20000
1000 30000
1001 30000
1002 30000
1003 20000
1004 30000
1005 40000
1006 40000
1007 30000
1008 30000
1009 30000
1010 40000
1011 20000
1012 40000
1013 40000
1014 40000
1015 40000
1016 30000
1017 30000
1018 30000
1019 40000
1020 30000
1021 30000
1022 20000
1023 40000
1024 30000
1025 20000
1026 40000
1027 30000
1028 30000
1029 30000
1030 30000
1031 40000
1032 30000
1033 20000
1034 20000
1035 20000
1036 30000
1037 30000
1038 20000
1039 20000
1040 40000
1041 40000
1042 40000
1043 40000
1044 40000
1045 30000
1046 30000
1047 30000
1048 30000
1049 20000
1050 30000
1051 40000
1052 30000
1053 30000
1054 30000
1055 30000
1056 30000
1057 30000
1058 30000
1059 30000
1060 30000
1061 40000
1062 40000
1063 20000
1064 40000
1065 40000
1066 40000
1067 40000
1068 30000
1069 30000
1070 30000
1071 20000
1072 30000
1073 30000
1074 40000
1075 30000
1076 20000
1077 30000
1078 30000
1079 40000
1080 40000
1081 40000
1082 20000
1083 20000
1084 40000
1085 30000
1086 40000
1087 20000
1088 30000
1089 30000
1090 30000
1091 30000
1092 30000
1093 5000
1094 20000
1095 5000
1096 20000
1097 20000
1098 5000
1099 5000
1100 5000
1101 40000
1102 40000
1103 30000
1104 30000
1105 40000
1106 40000
1107 40000
1108 30000
1109 20000
1110 30000
1111 40000
1112 40000
1113 30000
1114 30000
1115 40000
1116 30000
1117 20000
1118 40000
1119 30000
1120 20000
1121 40000
1122 20000
1123 40000
1124 40000
1125 5000
1126 30000
1127 30000
1128 40000
1129 30000
1130 30000
1131 30000
1132 5000
1133 40000
1134 20000
1135 30000
1136 30000
1137 40000
1138 30000
1139 20000
1140 40000
1141 20000
1142 30000
1143 30000
1144 20000
1145 40000
1146 40000
1147 40000
1148 40000
1149 30000
1150 30000
1151 40000
1152 30000
1153 30000
1154 30000
1155 30000
1156 30000
1157 30000
1158 20000
1159 30000
1160 40000
1161 20000
1162 40000
1163 20000
1164 30000
1165 40000
1166 40000
1167 40000
1168 40000
1169 40000
1170 40000
1171 30000
1172 30000
1173 30000
1174 30000
1175 30000
1176 20000
1177 30000
1178 30000
1179 30000
1180 30000
1181 40000
1182 30000
1183 30000
1184 20000
1185 30000
1186 40000
1187 20000
1188 20000
1189 20000
1190 30000
1191 30000
1192 20000
1193 20000
1194 20000
1195 40000
1196 30000
1197 30000
1198 30000
1199 30000

0 1 19 10
0 2 45 4
0 3 41 10
0 4 39 10
0 5 27 8
0 6 18 6
0 7 12 5
0 8 24 1
0 9 45 10
0 10 1 4
0 55 20 6
0 196 15 6
0 245 42 7
0 331 38 1
0 342 14 10
0 386 10 2
0 410 32 3
0 411 2 6
0 427 28 2
0 525 9 1
0 565 49 1
0 625 35 10
0 635 30 7
0 700 12 6
0 746 50 2
0 782 1 4
0 820 4 2
0 821 18 7
0 900 12 7
0 946 45 3
0 974 38 6
0 1005 32 7
0 1083 29 6
0 1106 32 10
0 1122 44 7
0 1165 49 2
1 2 34 6
1 3 16 9
1 4 44 3
1 11 50 9
1 12 24 2
1 13 24 3
1 35 26 9
1 36 50 3
1 98 32 2
1 126 35 2
1 146 21 10
1 251 12 3
1 266 34 2
1 295 40 7
1 330 29 6
1 380 35 7
1 385 45 7
1 429 36 6
1 665 14 2
1 720 32 7
1 742 47 5
1 850 36 7
1 882 7 3
1 925 23 9
1 931 14 4
1 947 12 1
1 1041 41 10
1 1043 44 10
1 1066 9 8
1 1084 16 8
1 1121 44 10
1 1195 33 3
2 3 14 1
2 4 48 2
2 14 40 2
2 15 49 8
2 16 12 6
2 25 9 2
2 100 42 7
2 127 1 2
2 167 35 3
2 185 16 7
2 197 42 10
2 230 23 10
2 245 2 8
2 260 44 8
2 477 31 10
2 500 44 8
2 525 9 2
2 601 1 7
2 665 21 1
2 674 38 6
2 782 18 7
2 836 36 4
2 925 17 10
2 975 44 10
2 1005 10 2
2 1015 40 10
2 1107 9 10
3 4 27 10
3 17 49 9
3 18 15 5
3 19 31 9
3 20 21 6
3 21 15 10
3 22 22 9
3 25 32 3
3 53 11 5
3 86 12 5
3 167 25 8
3 232 42 5
3 250 10 8
3 290 8 3
3 298 5 2
3 363 14 9
3 401 47 10
3 499 18 4
3 602 42 1
3 702 31 6
3 723 18 9
3 850 1 2
3 931 6 6
3 1014 28 5
3 1067 32 2
4 23 7 1
4 24 26 7
4 186 30 2
4 267 5 2
4 290 8 1
4 342 10 9
4 361 41 7
4 380 10 2
4 400 18 8
4 458 1 10
4 477 12 4
4 565 36 4
4 576 43 10
4 578 47 1
4 625 33 5
4 634 8 10
4 675 28 10
4 836 9 3
4 904 31 1
4 1145 33 7
4 1146 45 7
4 1170 23 5
4 1195 46 10
6 373 36 5
7 818 26 6
8 952 32 6
8 983 48 10
9 19 32 3
9 684 50 3
9 1061 14 7
10 81 23 6
10 1079 10 3
11 707 42 9
11 750 17 4
13 684 46 6
13 1074 28 10
15 924 27 9
15 965 44 1
16 871 33 2
17 1064 41 7
18 508 27 10
18 808 9 2
19 226 4 7
20 273 16 1
20 484 12 5
20 562 37 6
20 613 15 7
20 950 22 9
21 120 24 2
21 334 34 9
21 1074 40 4
22 293 1 3
23 349 5 2
23 1115 7 5
25 26 25 4
25 27 11 3
25 28 50 8
25 36 15 4
25 98 35 4
25 125 9 2
25 126 43 3
25 145 48 10
25 146 7 1
25 185 46 1
25 199 9 5
25 232 23 10
25 245 39 10
25 251 41 4
25 260 36 10
25 265 41 4
25 268 40 3
25 290 26 7
25 330 50 4
25 360 1 2
25 361 26 1
25 380 50 3
25 410 29 5
25 411 49 4
25 427 19 2
25 455 44 9
25 497 13 6
25 531 12 1
25 566 45 10
25 575 42 2
25 602 25 6
25 604 29 8
25 625 21 6
25 665 25 4
25 700 9 5
25 703 50 5
25 722 16 3
25 744 13 8
25 836 36 9
25 880 31 4
25 883 15 8
25 901 50 5
25 902 35 9
25 925 5 7
25 947 40 4
25 971 14 10
25 1005 11 9
25 1012 10 7
25 1015 11 4
25 1044 11 5
25 1065 29 1
25 1084 15 10
25 1106 10 1
25 1120 45 8
25 1145 49 1
25 1170 31 10
26 29 15 10
26 30 7 7
26 31 10 3
26 32 18 2
26 33 37 5
26 34 34 10
26 37 42 9
26 55 7 2
26 56 43 1
26 85 14 2
26 98 5 6
26 166 25 6
26 168 3 5
26 186 15 5
26 200 9 6
26 232 27 10
26 245 31 8
26 260 15 5
26 290 40 9
26 299 17 3
26 301 3 7
26 331 25 4
26 342 1 1
26 343 14 9
26 386 27 6
26 387 46 9
26 400 45 6
26 425 43 3
26 455 1 5
26 476 47 5
26 477 25 5
26 496 41 7
26 525 8 2
26 565 18 5
26 577 36 5
26 625 40 4
26 632 15 4
26 634 46 8
26 675 32 5
26 746 50 3
26 778 9 4
26 780 19 9
26 820 34 2
26 836 33 8
26 847 6 4
26 848 20 4
26 925 41 1
26 930 8 10
26 932 40 4
26 945 48 3
26 976 27 10
26 1042 22 1
26 1067 15 6
26 1107 39 9
26 1148 3 1
26 1166 33 4
26 1195 14 9
28 611 31 6
28 769 13 10
28 1045 49 3
29 908 25 7
31 692 18 10
32 334 23 1
33 1102 40 8
34 89 2 8
35 36 27 5
35 37 12 6
35 38 32 9
35 39 47 9
35 40 40 6
35 41 2 2
35 42 21 10
35 43 36 4
35 55 35 6
35 126 14 2
35 145 1 2
35 195 14 7
35 196 25 7
35 230 20 3
35 245 34 9
35 250 41 6
35 331 15 8
35 341 48 10
35 360 27 3
35 380 2 3
35 385 5 7
35 400 27 7
35 429 3 7
35 430 39 4
35 457 48 3
35 476 10 6
35 500 25 4
35 528 34 4
35 578 9 4
35 601 5 6
35 722 43 8
35 835 12 1
35 846 39 2
35 847 32 8
35 881 45 6
35 925 6 3
35 931 36 8
35 973 50 5
35 1005 4 9
35 1065 35 7
35 1080 49 5
35 1106 1 8
35 1195 34 2
36 37 3 1
36 44 46 6
36 45 10 10
36 46 40 2
36 47 20 8
36 48 12 4
36 85 27 1
36 100 12 4
36 128 33 4
36 185 26 7
36 245 14 2
36 251 6 8
36 260 17 7
36 290 50 2
36 298 44 2
36 331 37 1
36 341 1 8
36 386 24 5
36 410 45 4
36 458 33 3
36 497 45 8
36 532 29 1
36 566 20 7
36 575 20 7
36 602 1 6
36 625 27 7
36 665 4 8
36 671 30 9
36 674 11 10
36 703 35 9
36 743 40 10
36 744 21 10
36 775 22 9
36 820 50 6
36 822 34 1
36 904 9 10
36 973 5 2
36 1120 16 7
36 1147 28 9
36 1165 2 6
36 1168 38 5
36 1195 30 2
37 49 15 6
37 51 30 10
37 85 18 7
37 98 50 5
37 146 14 2
37 165 3 8
37 166 2 2
37 186 11 3
37 260 25 7
37 265 14 10
37 268 48 5
37 290 21 3
37 297 26 6
37 380 49 9
37 400 17 1
37 476 12 10
37 565 16 4
37 632 6 3
37 636 17 9
37 700 40 4
37 722 23 7
37 775 37 8
37 836 16 7
37 883 27 2
37 900 37 4
37 925 21 5
37 947 33 7
37 948 46 1
37 1005 17 7
37 1011 8 9
37 1013 21 9
37 1044 43 5
37 1083 29 4
37 1106 2 4
37 1123 18 5
37 1145 40 10
38 466 44 7
38 732 11 8
38 1037 21 9
39 652 42 10
40 161 31 9
40 328 19 5
42 288 28 5
44 521 14 6
45 1028 2 3
46 935 4 10
46 1019 41 4
47 117 30 10
47 472 1 5
49 314 5 10
49 464 26 1
49 1198 33 10
50 51 45 2
50 52 30 9
50 53 25 4
50 54 30 4
50 55 20 10
50 56 16 9
50 57 10 10
50 58 47 4
50 85 21 6
50 147 14 9
50 230 50 8
50 330 46 6
50 380 26 8
50 401 37 4
50 478 28 8
50 665 50 5
50 881 32 9
50 973 44 4
50 1080 14 8
50 1121 44 6
50 1146 37 9
51 52 25 9
51 53 42 4
51 54 45 8
51 55 33 6
51 56 7 7
51 59 21 6
51 60 6 4
51 127 10 9
51 185 7 8
51 199 46 2
51 245 21 2
51 268 34 3
51 290 2 3
51 298 33 1
51 362 12 1
51 410 19 5
51 526 19 6
51 565 24 8
51 577 27 10
51 744 47 3
51 835 14 1
51 851 14 3
51 945 44 3
51 973 37 4
51 1005 2 10
51 1043 8 10
51 1165 37 1
51 1195 12 2
52 53 5 5
52 54 31 5
52 55 25 7
52 56 47 3
52 61 15 6
52 62 24 8
52 230 14 3
52 251 1 4
52 330 50 5
52 342 32 1
52 430 4 8
52 456 18 7
52 500 41 8
52 576 34 5
52 625 31 1
52 673 48 4
52 722 24 7
52 782 44 3
52 820 9 5
52 930 23 2
53 54 9 10
53 55 15 7
53 56 22 3
53 63 31 10
53 64 10 8
53 65 21 7
53 66 43 3
53 185 34 3
53 245 39 3
53 566 5 1
53 632 1 3
53 633 28 10
53 665 39 2
53 701 42 1
53 820 20 3
53 835 16 8
53 904 5 7
53 1014 7 8
53 1065 21 7
53 1122 18 3
54 55 22 4
54 56 35 8
54 67 21 10
54 68 32 10
54 69 44 3
54 70 14 8
54 71 23 2
54 95 18 6
54 125 15 2
54 195 47 9
54 250 42 1
54 260 22 8
54 290 1 5
54 341 50 5
54 385 25 3
54 427 5 3
54 499 37 8
54 525 23 9
54 745 25 4
54 901 37 9
54 925 33 7
54 945 47 6
54 1044 44 6
54 1066 4 7
55 56 28 9
55 72 39 7
55 73 21 10
55 74 4 8
55 75 17 8
55 76 19 10
55 77 41 8
55 78 33 7
55 86 21 3
55 95 25 4
55 165 34 4
55 265 42 7
55 363 16 4
55 380 12 10
55 386 25 5
55 412 39 6
55 477 12 10
55 675 40 8
55 722 1 1
55 850 37 7
55 925 38 10
55 932 37 3
55 1005 5 4
55 1107 20 2
55 1147 42 7
56 79 18 5
56 80 46 8
56 81 19 7
56 82 45 9
56 83 50 10
56 84 4 3
56 146 9 10
56 167 50 4
56 301 46 6
56 458 24 10
56 604 18 10
56 625 31 9
56 700 32 8
56 777 34 1
56 882 44 4
56 1011 48 8
56 1083 25 8
56 1106 18 3
56 1170 12 6
56 1195 27 6
57 515 8 6
57 877 40 5
57 1031 43 4
58 92 8 1
58 139 50 10
58 1096 33 2
59 151 24 4
60 507 19 5
61 224 3 9
61 318 24 6
63 808 41 5
63 1154 50 7
64 933 28 1
67 1077 23 2
68 1030 6 7
70 202 17 10
70 1006 40 2
71 893 37 3
72 1026 1 5
73 344 42 7
73 1186 6 6
74 712 31 4
74 1007 19 7
74 1184 33 8
76 512 19 7
76 889 13 2
77 893 27 1
77 1006 44 7
78 321 17 3
79 811 43 6
84 306 39 1
85 86 2 2
85 87 17 9
85 88 21 6
85 89 6 2
85 90 24 2
85 97 26 7
85 126 26 4
85 200 17 6
85 231 9 5
85 245 34 7
85 250 14 4
85 251 49 2
85 260 32 6
85 330 37 8
85 340 44 5
85 387 24 9
85 401 50 7
85 410 27 4
85 426 48 7
85 429 29 2
85 525 34 8
85 565 3 2
85 625 43 6
85 631 35 1
85 636 35 10
85 665 50 9
85 670 34 5
85 674 2 5
85 700 1 7
85 722 31 1
85 745 33 2
85 781 48 1
85 822 10 3
85 835 39 7
85 881 48 5
85 882 19 3
85 901 33 10
85 925 14 3
85 930 35 7
85 945 47 2
85 949 34 10
85 973 9 7
85 1005 3 3
85 1015 19 8
85 1040 26 7
85 1041 36 3
85 1123 37 6
85 1146 2 4
85 1167 18 8
85 1195 9 4
86 91 29 4
86 92 40 7
86 93 20 4
86 94 37 5
86 100 38 10
86 147 48 7
86 148 23 5
86 168 43 1
86 185 24 7
86 186 50 8
86 196 50 4
86 230 22 5
86 245 9 2
86 267 27 10
86 268 37 9
86 290 49 3
86 298 46 9
86 300 42 5
86 331 29 8
86 340 28 2
86 361 11 2
86 362 24 1
86 380 32 7
86 385 7 9
86 400 29 10
86 412 37 3
86 458 39 6
86 476 29 4
86 477 7 1
86 495 48 5
86 497 37 4
86 525 34 9
86 566 13 4
86 576 9 9
86 578 6 5
86 603 33 9
86 604 13 9
86 665 32 8
86 702 47 9
86 742 45 2
86 783 9 2
86 820 29 2
86 835 47 8
86 845 46 1
86 848 50 8
86 904 21 10
86 932 46 6
86 976 45 7
86 1005 37 10
86 1011 49 6
86 1066 19 7
86 1067 15 3
86 1083 2 1
86 1084 40 4
86 1106 48 4
86 1107 40 4
86 1124 6 1
86 1147 42 9
86 1167 25 3
89 853 35 7
89 997 32 1
92 171 12 5
93 682 3 8
94 236 27 10
94 1140 6 3
95 96 50 7
95 97 3 4
95 98 45 3
95 99 28 4
95 100 3 5
95 101 36 9
95 102 41 1
95 103 3 9
95 104 44 4
95 105 46 8
95 106 44 5
95 127 22 3
95 245 9 10
95 298 26 8
95 331 15 1
95 380 26 2
95 412 36 3
95 426 12 5
95 478 11 4
95 566 19 9
95 603 50 7
95 635 50 8
95 703 40 10
95 781 46 9
95 836 12 8
95 900 22 9
95 902 17 5
95 925 4 7
95 931 44 10
95 975 50 10
95 1005 5 4
95 1066 48 10
95 1067 29 1
95 1166 16 6
96 97 31 8
96 98 38 6
96 99 19 1
96 100 18 5
96 107 40 9
96 108 24 10
96 109 42 2
96 110 3 10
96 111 33 10
96 147 12 8
96 185 20 1
96 198 28 4
96 231 3 7
96 342 19 7
96 499 47 2
96 529 49 6
96 579 5 10
96 665 47 4
96 740 14 9
96 779 30 2
96 822 19 7
96 949 20 2
96 1042 48 9
96 1107 44 5
97 98 44 1
97 99 47 8
97 100 31 2
97 112 8 7
97 185 44 10
97 199 38 10
97 265 49 1
97 385 1 4
97 386 32 5
97 429 12 7
97 458 39 5
97 478 29 2
97 625 3 5
97 665 22 1
97 670 33 6
97 741 44 10
97 1146 1 8
98 99 8 4
98 100 7 3
98 113 16 1
98 114 7 3
98 115 49 8
98 116 41 5
98 117 35 3
98 127 3 1
98 231 42 7
98 400 14 2
98 455 14 1
98 526 11 3
98 565 33 2
98 577 34 6
98 625 9 3
98 720 25 10
98 722 17 2
98 822 21 8
98 848 24 6
98 880 1 10
98 925 17 8
98 945 31 4
98 1012 50 8
99 100 43 9
99 118 19 3
99 119 32 9
99 120 45 9
99 121 42 8
99 145 7 9
99 166 42 7
99 245 21 6
99 251 20 8
99 260 28 1
99 269 9 2
99 290 45 9
99 330 27 10
99 412 28 10
99 496 31 3
99 601 16 10
99 634 18 7
99 672 33 1
99 835 47 7
99 847 29 1
99 881 26 5
99 976 34 2
99 1014 45 10
99 1044 35 5
99 1081 43 3
99 1084 17 1
99 1195 30 9
100 122 14 9
100 123 29 2
100 124 34 1
100 251 21 5
100 290 2 7
100 296 33 6
100 342 15 2
100 361 16 5
100 363 31 3
100 380 40 4
100 401 11 3
100 701 30 2
100 1106 18 9
100 1121 28 9
100 1124 42 2
100 1145 48 10
100 1168 21 2
100 1195 3 1
103 533 48 2
105 424 5 4
109 609 30 3
110 1008 18 6
110 1112 7 4
111 733 7 5
112 344 15 9
113 154 19 8
113 249 14 6
114 450 48 10
114 1076 24 8
116 291 7 5
116 438 23 6
118 771 16 10
119 313 6 10
119 725 28 9
121 259 29 7
121 521 49 2
121 534 11 3
121 1046 7 6
122 938 5 6
125 126 15 7
125 127 39 9
125 128 28 1
125 129 36 8
125 130 32 2
125 131 38 6
125 146 10 1
125 232 46 6
125 260 8 6
125 290 32 1
125 300 28 10
125 331 15 7
125 343 11 4
125 363 19 7
125 387 5 2
125 430 45 3
125 499 38 1
125 631 8 2
125 665 8 10
125 720 30 8
125 846 34 1
125 925 5 4
125 931 32 10
125 972 1 2
125 1005 12 6
125 1015 3 10
125 1066 4 4
125 1105 15 7
125 1123 22 4
125 1195 30 3
126 127 1 9
126 128 4 4
126 132 25 3
126 133 50 2
126 134 47 4
126 135 5 10
126 136 29 6
126 165 19 8
126 166 46 8
126 232 21 4
126 267 3 4
126 330 43 3
126 386 3 1
126 411 25 2
126 532 50 8
126 576 3 5
126 742 37 10
126 881 21 5
126 901 10 9
126 903 6 1
126 931 7 5
126 945 22 6
126 949 2 4
126 974 50 5
126 1081 19 3
126 1146 47 2
126 1167 20 9
126 1195 30 2
127 128 12 9
127 137 13 1
127 138 6 6
127 139 49 6
127 140 31 1
127 146 27 7
127 195 44 2
127 197 46 8
127 245 50 10
127 251 36 8
127 260 50 5
127 296 8 4
127 341 29 6
127 380 13 1
127 400 27 2
127 458 19 3
127 475 23 1
127 477 41 5
127 496 48 6
127 531 27 4
127 565 40 8
127 566 38 1
127 602 25 10
127 625 41 2
127 634 35 3
127 672 29 1
127 674 5 5
127 777 33 4
127 778 40 3
127 821 40 6
127 836 38 3
127 881 19 1
127 1005 14 2
127 1066 45 7
127 1122 12 1
127 1146 4 6
128 141 10 8
128 142 5 8
128 143 1 9
128 144 36 4
128 185 4 1
128 186 30 10
128 245 26 3
128 267 44 3
128 290 23 1
128 363 32 6
128 380 24 7
128 411 50 3
128 430 39 5
128 457 24 4
128 579 1 3
128 601 12 8
128 701 31 2
128 702 47 1
128 721 33 5
128 744 2 9
128 821 11 1
128 836 30 3
128 848 1 5
128 925 35 1
128 1013 8 5
128 1040 48 1
128 1042 38 3
128 1083 2 3
128 1107 17 4
128 1167 41 1
130 924 34 7
133 786 6 6
134 473 9 6
134 552 8 8
137 734 38 6
138 345 1 10
139 710 37 5
140 599 48 1
141 1157 43 5
142 1097 48 7
143 748 18 9
145 146 47 2
145 147 50 7
145 148 40 6
145 149 2 7
145 150 44 3
145 151 46 5
145 152 2 7
145 153 32 10
145 165 49 4
145 185 33 10
145 231 32 2
145 250 9 2
145 260 11 9
145 298 9 2
145 301 15 1
145 341 41 1
145 400 11 8
145 566 18 6
145 578 49 5
145 602 18 2
145 625 42 5
145 630 27 1
145 634 28 1
145 703 36 1
145 722 36 3
145 741 6 2
145 836 34 8
145 846 34 10
145 882 44 6
145 931 40 6
145 947 8 6
145 1005 11 6
145 1043 30 4
145 1065 46 9
145 1145 36 6
146 147 12 6
146 148 4 4
146 154 34 1
146 155 32 3
146 156 29 4
146 157 41 9
146 158 14 1
146 159 2 8
146 160 2 9
146 161 40 7
146 167 3 10
146 196 49 5
146 198 44 4
146 245 12 4
146 266 33 8
146 290 5 7
146 363 18 7
146 385 2 6
146 412 4 7
146 428 7 5
146 455 45 2
146 477 41 8
146 525 46 1
146 576 18 3
146 674 17 8
146 702 20 10
146 775 7 8
146 849 46 4
146 902 3 6
146 1014 47 10
146 1042 10 6
146 1082 7 1
146 1084 5 10
146 1122 20 10
146 1195 1 10
147 148 6 1
147 162 34 9
147 163 11 4
147 186 19 1
147 250 40 1
147 331 13 1
147 342 34 10
147 380 1 2
147 428 43 10
147 458 30 10
147 497 27 7
147 565 47 9
147 601 16 6
147 665 14 3
147 745 33 9
147 821 27 6
147 925 27 10
147 932 24 9
147 948 20 5
147 970 7 5
147 1170 12 8
148 164 3 8
148 231 20 5
148 245 44 7
148 260 24 10
148 269 12 7
148 330 13 7
148 362 25 10
148 380 1 6
148 400 39 3
148 410 49 5
148 475 36 2
148 527 34 6
148 665 18 5
148 674 47 4
148 720 28 4
148 782 34 7
148 822 46 6
148 835 49 9
148 883 12 8
148 902 13 10
148 925 19 2
148 970 2 7
148 1005 18 7
148 1015 33 3
148 1066 42 6
148 1106 9 8
148 1107 17 3
148 1122 17 7
148 1148 33 4
148 1167 7 10
149 279 21 6
151 616 10 3
151 1091 29 5
152 660 12 4
153 240 8 4
154 493 29 2
154 941 4 8
154 1130 50 9
156 370 27 9
157 563 43 4
157 790 15 2
158 313 33 8
159 384 37 7
159 1051 27 6
164 209 39 6
164 396 29 4
165 166 8 4
165 167 23 1
165 168 44 7
165 169 29 7
165 170 16 1
165 185 10 1
165 250 17 1
165 251 35 5
165 260 21 1
165 266 34 10
165 297 16 5
165 298 8 8
165 343 3 5
165 380 1 3
165 386 40 6
165 387 42 6
165 401 8 2
165 430 48 9
165 457 41 5
165 476 30 5
165 525 42 6
165 566 13 7
165 575 10 7
165 625 34 4
165 665 21 2
165 671 40 10
165 741 7 4
165 775 6 9
165 835 33 7
165 851 37 1
165 930 49 1
165 945 18 9
165 948 34 2
165 974 30 1
165 1005 37 7
165 1015 13 5
165 1067 41 1
165 1106 48 6
165 1124 24 8
165 1147 50 2
165 1195 20 5
166 167 42 2
166 168 18 6
166 171 26 5
166 172 9 1
166 173 21 3
166 185 22 10
166 198 42 6
166 245 40 7
166 290 24 3
166 380 24 3
166 401 48 8
166 457 42 8
166 531 27 7
166 631 44 9
166 665 15 3
166 703 9 9
166 721 15 4
166 820 36 10
166 836 37 4
166 883 46 1
166 925 37 2
166 1005 37 4
166 1041 48 7
166 1147 43 9
166 1166 16 4
166 1168 50 3
167 168 24 1
167 174 37 2
167 175 32 9
167 176 10 1
167 177 36 5
167 178 19 4
167 179 25 3
167 180 46 7
167 201 42 10
167 231 5 10
167 245 44 7
167 290 10 4
167 331 40 2
167 360 29 8
167 476 21 8
167 565 35 5
167 575 16 8
167 601 9 5
167 604 11 1
167 625 21 5
167 630 40 1
167 674 48 4
167 702 6 8
167 722 11 10
167 883 48 6
167 901 44 8
167 925 14 5
167 1011 48 10
167 1043 12 7
167 1065 19 10
167 1081 32 1
167 1195 12 2
168 181 41 6
168 182 49 3
168 183 39 10
168 184 37 3
168 230 15 2
168 260 6 9
168 265 33 7
168 340 13 6
168 363 7 9
168 410 45 6
168 428 12 7
168 498 1 3
168 500 46 9
168 743 23 10
168 777 14 2
168 821 16 4
168 847 45 2
168 903 38 5
168 930 29 2
168 975 21 5
168 1081 33 2
168 1105 2 8
168 1121 47 8
170 655 49 1
170 894 28 9
170 953 13 2
171 416 1 6
171 916 10 1
171 1077 37 7
172 613 41 1
172 646 41 7
173 420 16 1
174 628 39 7
175 1070 12 8
179 454 49 6
179 988 1 5
180 586 28 5
181 615 49 4
182 607 38 8
183 1064 29 1
184 676 20 6
185 186 24 3
185 187 15 4
185 188 39 6
185 189 36 10
185 190 31 6
185 191 14 3
185 197 3 4
185 232 24 2
185 245 26 3
185 251 35 6
185 260 3 10
185 266 6 7
185 290 21 6
185 330 28 1
185 331 33 7
185 360 4 8
185 380 18 2
185 387 9 3
185 410 12 1
185 458 37 6
185 525 7 6
185 532 15 1
185 565 21 10
185 566 18 9
185 577 13 3
185 603 32 2
185 633 18 10
185 665 28 1
185 671 12 7
185 672 22 7
185 742 10 9
185 821 26 8
185 822 20 2
185 850 29 1
185 883 15 1
185 932 39 8
185 946 50 5
185 974 21 1
185 976 9 7
185 1005 21 8
185 1011 35 6
185 1042 43 7
185 1066 33 6
185 1081 31 8
185 1120 49 5
185 1145 3 5
185 1167 7 6
185 1195 8 8
186 192 16 9
186 193 25 9
186 194 31 3
186 201 28 5
186 231 22 7
186 245 34 7
186 251 15 7
186 260 43 7
186 269 36 5
186 290 6 1
186 297 5 8
186 298 5 10
186 342 5 5
186 343 48 4
186 360 18 10
186 380 30 10
186 387 26 10
186 401 44 5
186 410 41 5
186 427 31 1
186 429 11 7
186 457 12 5
186 476 17 8
186 478 10 6
186 498 47 6
186 500 47 9
186 576 11 8
186 604 17 3
186 625 43 10
186 634 32 10
186 665 22 6
186 701 10 8
186 703 24 1
186 720 16 9
186 723 4 8
186 780 40 10
186 835 49 8
186 836 12 6
186 850 26 1
186 881 31 5
186 901 11 2
186 902 25 4
186 925 3 8
186 932 48 1
186 948 17 7
186 1005 24 8
186 1012 19 2
186 1044 23 8
186 1065 7 9
186 1082 2 1
186 1107 31 2
186 1122 41 7
186 1146 37 6
186 1166 39 4
187 555 31 9
187 724 24 8
188 262 39 5
188 582 7 6
189 591 19 5
190 214 26 2
191 226 42 10
193 233 8 6
194 938 42 8
195 196 29 2
195 197 28 6
195 198 28 9
195 199 30 1
195 200 23 7
195 201 16 4
195 202 19 7
195 203 24 1
195 204 10 8
195 205 2 7
195 269 23 9
195 360 38 7
195 362 5 10
195 387 28 7
195 401 7 7
195 456 40 1
195 477 42 8
195 532 46 1
195 579 11 9
195 631 31 5
195 847 36 6
195 1005 36 7
195 1013 10 2
195 1043 9 2
195 1081 29 7
195 1107 45 7
195 1122 15 8
195 1167 18 7
196 197 37 6
196 198 33 2
196 199 33 2
196 200 9 5
196 201 2 4
196 206 33 5
196 207 1 3
196 208 39 2
196 209 35 1
196 210 8 10
196 211 44 7
196 212 10 10
196 343 14 8
196 380 13 7
196 410 6 9
196 565 13 1
196 625 18 3
196 970 32 9
196 1005 29 4
196 1044 42 9
196 1145 12 2
197 198 22 1
197 199 1 1
197 200 27 7
197 201 9 7
197 213 15 8
197 214 48 1
197 230 28 2
197 245 7 10
197 251 33 6
197 386 32 6
197 475 43 4
197 496 34 1
197 671 27 10
197 776 22 10
197 901 44 2
197 925 38 4
197 930 49 4
197 975 37 6
198 199 32 6
198 200 35 5
198 201 1 7
198 215 12 9
198 216 32 5
198 217 50 4
198 218 11 3
198 219 6 5
198 230 14 8
198 260 28 7
198 290 5 10
198 298 14 8
198 341 18 1
198 400 31 6
198 412 16 6
198 565 15 9
198 578 1 10
198 604 33 9
198 634 45 1
198 665 15 10
198 703 36 7
198 741 4 5
198 775 7 5
198 821 22 10
198 847 27 8
198 883 14 4
198 946 5 8
198 949 49 3
198 1122 39 1
198 1146 3 3
199 200 8 6
199 201 30 5
199 220 30 7
199 221 15 9
199 222 20 1
199 223 8 8
199 224 37 10
199 250 34 8
199 260 50 2
199 297 35 2
199 331 17 1
199 742 8 6
199 881 8 4
199 902 36 6
199 1080 28 2
199 1168 19 8
200 201 20 9
200 225 48 7
200 226 10 2
200 245 36 1
200 266 30 9
200 380 47 10
200 426 36 8
200 429 25 8
200 455 14 6
200 625 46 5
200 720 46 7
200 820 41 10
200 836 7 2
200 932 8 7
200 1014 7 3
200 1066 49 1
200 1195 2 5
201 227 7 4
201 228 18 8
201 229 26 9
201 331 32 2
201 498 7 10
201 531 13 2
201 600 46 2
201 665 2 10
201 672 33 9
201 701 21 9
201 722 39 2
201 836 43 8
201 1066 21 10
201 1107 49 3
201 1195 29 4
202 406 35 1
202 666 14 6
204 480 32 4
204 920 19 7
205 725 36 9
205 943 6 2
207 790 39 6
209 415 36 4
209 445 42 2
210 987 1 10
211 629 13 10
212 1097 42 3
212 1142 36 6
213 381 28 1
213 503 34 9
213 655 9 5
214 677 24 7
215 406 16 3
215 502 37 6
216 490 26 5
216 833 4 1
217 339 17 10
219 590 39 7
220 644 39 1
225 858 32 1
230 231 42 6
230 232 40 3
230 233 47 9
230 234 49 7
230 235 30 8
230 236 29 7
230 265 32 6
230 299 2 4
230 342 21 2
230 362 39 7
230 400 36 4
230 412 33 3
230 458 4 7
230 475 43 5
230 526 45 10
230 530 14 6
230 576 9 9
230 600 5 3
230 603 26 7
230 665 19 6
230 702 14 4
230 723 14 5
230 742 25 4
230 782 24 5
230 846 25 10
230 848 44 4
230 883 37 7
230 904 42 7
230 925 1 10
230 945 11 5
230 976 17 6
230 1005 36 7
230 1011 8 10
230 1107 47 9
230 1147 46 9
230 1148 21 6
230 1168 1 5
231 232 2 2
231 237 14 9
231 238 42 1
231 239 26 3
231 240 46 9
231 241 15 1
231 245 3 7
231 250 4 2
231 265 6 10
231 290 17 1
231 331 7 1
231 342 28 8
231 380 23 4
231 385 21 2
231 412 37 6
231 475 41 10
231 565 19 3
231 566 7 9
231 665 34 4
231 670 27 4
231 779 25 10
231 821 11 1
231 822 32 4
231 836 45 8
231 882 50 6
231 904 49 8
231 1011 30 2
231 1065 36 9
231 1083 8 6
231 1165 34 3
231 1195 31 5
232 242 49 3
232 243 10 9
232 244 5 3
232 245 26 4
232 251 23 6
232 260 43 1
232 299 25 8
232 360 9 9
232 380 5 2
232 386 18 4
232 401 34 8
232 429 40 2
232 430 49 6
232 458 22 5
232 496 45 3
232 497 43 7
232 576 23 6
232 625 50 7
232 633 11 3
232 635 1 4
232 670 16 8
232 703 21 9
232 722 15 4
232 741 37 3
232 835 16 5
232 925 18 8
232 930 1 1
232 932 41 5
232 947 15 9
232 1041 16 1
232 1042 42 5
232 1066 46 7
232 1084 40 1
232 1107 4 4
232 1122 14 8
232 1123 18 6
232 1195 3 2
234 801 40 4
235 914 17 8
237 381 24 6
238 396 50 2
239 287 9 4
244 758 48 2
245 246 36 1
245 247 12 10
245 248 28 2
245 249 42 4
245 250 30 9
245 260 46 5
245 265 42 9
245 266 49 7
245 290 2 4
245 297 22 10
245 298 13 1
245 330 3 8
245 331 13 4
245 343 9 5
245 360 7 8
245 361 49 10
245 380 50 4
245 386 24 4
245 387 7 10
245 401 28 10
245 412 40 1
245 428 50 5
245 430 22 2
245 455 50 5
245 458 8 8
245 476 42 3
245 478 23 6
245 500 5 4
245 525 26 2
245 526 16 10
245 565 16 5
245 575 45 3
245 600 44 1
245 604 48 10
245 625 34 2
245 632 32 5
245 634 32 10
245 665 27 10
245 672 9 5
245 673 4 9
245 701 48 10
245 702 26 10
245 720 37 10
245 722 45 5
245 741 3 4
245 742 26 8
245 777 43 7
245 779 15 5
245 820 23 10
245 835 43 3
245 836 44 10
245 845 50 5
245 851 50 2
245 882 23 4
245 883 26 9
245 902 47 6
245 903 48 8
245 925 36 3
245 930 17 5
245 946 17 6
245 972 11 9
245 976 44 3
245 1005 49 1
245 1012 48 1
245 1013 12 9
245 1040 40 4
245 1043 17 8
245 1065 38 7
245 1066 4 5
245 1081 40 9
245 1084 43 5
245 1105 41 10
245 1106 25 2
245 1122 49 4
245 1145 8 6
245 1148 9 2
245 1168 24 7
245 1170 11 10
245 1195 34 6
247 303 38 7
247 1032 33 2
248 766 32 6
249 307 23 10
249 364 12 8
249 485 12 7
250 251 1 1
250 252 32 5
250 253 39 2
250 260 6 4
250 266 44 5
250 268 41 1
250 331 4 10
250 340 3 2
250 343 39 1
250 360 44 4
250 363 9 9
250 380 47 4
250 400 15 9
250 411 35 5
250 428 46 4
250 458 7 8
250 477 34 3
250 495 34 3
250 499 21 8
250 565 38 6
250 566 14 2
250 576 2 10
250 602 27 5
250 625 9 2
250 665 5 2
250 675 23 1
250 700 5 1
250 702 41 3
250 721 10 6
250 741 4 1
250 778 41 8
250 820 38 2
250 849 1 4
250 901 46 1
250 925 35 5
250 932 41 10
250 974 11 9
250 1005 8 6
250 1066 15 6
250 1120 7 8
250 1121 39 4
250 1147 29 9
250 1170 49 5
251 254 27 7
251 255 34 5
251 256 1 8
251 257 15 10
251 258 46 3
251 259 29 8
251 260 27 3
251 290 35 8
251 298 24 9
251 299 39 10
251 331 45 2
251 386 28 4
251 387 23 7
251 400 2 3
251 412 21 8
251 428 31 5
251 456 45 7
251 475 20 10
251 529 4 5
251 579 47 5
251 603 40 1
251 625 41 6
251 632 36 6
251 635 26 9
251 675 2 8
251 720 39 1
251 742 3 5
251 776 49 9
251 820 43 6
251 836 7 9
251 845 4 6
251 881 17 2
251 882 50 4
251 902 5 7
251 932 8 7
251 947 44 1
251 974 17 9
251 1010 48 2
251 1015 14 5
251 1041 16 6
251 1043 26 4
251 1066 15 9
251 1082 4 1
251 1083 9 2
251 1106 41 1
251 1145 28 10
251 1195 7 5
252 316 26 3
253 562 14 5
254 549 48 2
256 793 42 6
258 1019 4 4
260 261 15 4
260 262 16 2
260 263 29 6
260 264 8 1
260 266 28 9
260 269 37 7
260 290 22 3
260 296 36 4
260 301 14 5
260 330 2 9
260 331 16 8
260 341 43 1
260 342 7 10
260 362 46 2
260 363 12 4
260 380 43 4
260 385 25 1
260 386 48 4
260 400 6 6
260 401 35 8
260 410 47 2
260 412 41 7
260 426 5 6
260 429 48 10
260 457 50 8
260 458 14 7
260 476 36 5
260 477 42 4
260 495 5 2
260 498 49 8
260 526 7 2
260 565 11 8
260 566 33 9
260 579 38 10
260 601 5 10
260 603 12 2
260 625 23 8
260 630 27 9
260 633 21 1
260 665 26 4
260 670 38 2
260 672 17 3
260 700 1 3
260 721 28 3
260 722 31 10
260 742 43 3
260 776 16 1
260 777 2 3
260 821 6 1
260 835 17 6
260 836 39 7
260 845 29 2
260 851 12 8
260 882 19 4
260 883 39 8
260 900 43 4
260 925 20 1
260 931 40 2
260 932 7 5
260 946 23 7
260 947 33 5
260 970 22 2
260 975 48 2
260 1005 13 7
260 1011 30 6
260 1015 37 4
260 1040 48 5
260 1042 13 3
260 1066 41 4
260 1067 17 1
260 1080 49 5
260 1084 34 8
260 1105 50 1
260 1107 34 8
260 1122 3 7
260 1124 16 2
260 1147 24 1
260 1148 27 3
260 1165 50 2
260 1167 25 5
260 1195 11 9
261 351 29 5
262 597 35 2
263 1050 31 1
264 696 16 3
264 1037 48 7
265 266 42 10
265 267 22 10
265 268 43 8
265 269 49 3
265 270 2 1
265 271 30 1
265 272 28 5
265 273 13 2
265 274 13 4
265 295 19 2
265 330 3 2
265 361 33 9
265 362 1 8
265 456 35 4
265 498 25 4
265 579 24 8
265 603 14 3
265 745 27 9
265 846 12 6
265 849 23 7
265 882 4 1
265 946 50 3
265 970 9 6
265 1011 12 3
265 1065 2 4
265 1105 49 4
265 1195 30 4
266 267 10 9
266 268 33 5
266 269 34 1
266 275 30 3
266 276 11 10
266 277 23 10
266 290 39 8
266 410 47 2
266 412 35 6
266 632 39 3
266 635 43 3
266 675 4 10
266 700 22 4
266 746 27 1
266 777 36 9
266 835 6 9
266 904 12 4
266 1012 42 4
266 1066 15 4
267 268 34 9
267 269 31 6
267 278 22 2
267 279 4 1
267 280 31 6
267 281 28 8
267 290 9 8
267 300 6 6
267 401 33 10
267 476 43 5
267 565 30 1
267 625 17 3
267 665 7 6
267 701 29 3
267 779 17 9
267 821 50 7
267 822 41 2
267 925 13 6
267 948 32 10
267 1124 42 6
267 1170 17 7
268 269 50 9
268 282 37 10
268 283 13 8
268 284 40 7
268 285 14 2
268 331 44 7
268 343 5 2
268 380 47 6
268 387 3 5
268 429 44 7
268 477 29 5
268 497 39 5
268 529 36 8
268 721 33 2
268 836 36 10
268 925 2 1
268 931 36 1
268 932 7 1
268 973 37 8
268 1005 3 2
268 1041 31 3
268 1106 7 10
269 286 2 10
269 287 35 8
269 288 32 2
269 289 2 8
269 341 30 7
269 380 14 4
269 385 44 10
269 425 37 10
269 457 15 3
269 529 44 1
269 566 19 5
269 578 37 7
269 602 2 6
269 625 47 2
269 665 14 9
269 673 28 7
269 723 19 6
269 882 23 4
269 904 42 5
269 1040 33 1
269 1080 21 5
269 1083 20 3
269 1122 23 8
269 1146 47 4
269 1148 13 5
269 1167 27 10
272 959 5 5
275 1125 42 5
277 349 48 5
278 462 13 2
280 926 31 9
280 1021 11 9
282 889 49 9
284 652 48 10
288 440 38 10
288 1174 40 10
290 291 41 1
290 292 8 10
290 293 17 4
290 294 26 10
290 297 46 1
290 299 26 6
290 330 29 7
290 331 5 8
290 340 22 10
290 342 18 1
290 362 34 7
290 363 11 6
290 380 46 9
290 385 39 2
290 386 23 9
290 401 38 8
290 410 2 4
290 412 7 5
290 429 2 8
290 430 27 9
290 455 28 2
290 456 19 6
290 477 19 8
290 478 41 1
290 497 38 10
290 498 10 7
290 527 22 4
290 530 41 10
290 565 24 1
290 566 29 9
290 575 42 6
290 576 45 1
290 603 38 8
290 604 20 3
290 625 23 1
290 632 39 8
290 634 19 7
290 665 48 5
290 670 18 9
290 675 8 7
290 702 24 5
290 703 11 5
290 723 11 3
290 741 36 7
290 745 42 2
290 778 28 4
290 783 1 7
290 820 28 8
290 836 21 4
290 849 40 7
290 851 7 7
290 882 43 6
290 901 7 5
290 903 17 9
290 925 48 5
290 930 50 10
290 931 22 1
290 945 38 3
290 947 47 5
290 970 45 4
290 974 4 7
290 1005 24 6
290 1010 6 9
290 1013 10 4
290 1040 48 4
290 1041 33 3
290 1066 24 8
290 1067 30 7
290 1082 18 7
290 1084 14 3
290 1107 28 8
290 1120 5 6
290 1122 17 4
290 1145 2 9
290 1170 5 2
290 1195 34 9
295 296 28 3
295 297 25 7
295 298 34 9
295 299 2 10
295 300 45 8
295 301 17 4
295 302 16 9
295 303 49 1
295 304 27 6
295 305 50 2
295 330 10 1
295 401 26 8
295 410 1 9
295 625 38 7
295 635 12 5
295 776 23 8
295 945 34 3
295 1120 40 8
295 1147 49 1
296 297 6 1
296 298 40 4
296 299 6 1
296 300 41 8
296 301 6 1
296 306 18 9
296 307 46 5
296 308 38 6
296 309 20 4
296 310 11 7
296 430 30 3
296 576 30 4
296 579 42 10
296 603 39 2
296 665 31 7
296 702 39 3
296 902 43 7
296 925 30 9
296 1107 9 4
297 298 9 6
297 299 50 3
297 300 3 6
297 301 12 3
297 311 12 4
297 312 40 4
297 313 33 2
297 314 32 1
297 331 8 5
297 342 22 5
297 386 42 6
297 401 20 3
297 455 14 7
297 530 4 9
297 566 27 7
297 625 36 5
297 630 41 3
297 665 26 8
297 742 20 5
297 781 36 4
297 822 30 10
297 882 42 8
297 971 43 5
297 976 31 2
297 1005 41 2
297 1082 26 5
297 1106 35 2
298 299 38 1
298 300 17 3
298 301 14 7
298 315 43 9
298 316 40 2
298 317 40 2
298 361 24 4
298 385 7 5
298 740 18 6
298 1080 47 2
298 1145 28 3
298 1195 9 8
299 300 37 6
299 301 45 8
299 318 46 6
299 319 35 5
299 320 33 4
299 321 3 4
299 430 25 4
299 478 49 10
299 500 11 9
299 526 31 2
299 566 10 3
299 604 44 1
299 723 44 9
299 931 15 5
299 1014 3 1
299 1040 39 6
299 1195 43 6
300 301 19 2
300 322 10 2
300 323 27 5
300 324 11 7
300 325 39 4
300 476 48 8
300 701 8 7
300 721 20 2
300 836 31 6
300 850 14 3
300 883 45 8
300 901 28 4
300 930 2 10
300 949 47 1
300 1005 44 6
300 1012 49 10
300 1043 32 1
300 1067 34 6
300 1122 6 9
300 1165 49 10
301 326 27 5
301 327 37 8
301 328 30 2
301 329 28 10
301 343 27 3
301 360 14 2
301 380 30 2
301 410 1 5
301 458 9 1
301 671 50 3
301 673 12 1
301 820 16 5
301 835 50 9
301 849 9 5
301 925 30 3
301 1066 47 3
303 371 16 6
305 398 6 6
305 707 48 2
306 640 13 4
309 484 39 5
309 653 36 8
309 1020 36 2
310 564 41 4
312 462 26 9
312 764 29 4
314 437 1 4
315 351 36 3
316 1033 13 5
318 481 12 2
319 1069 21 2
324 326 14 8
325 1153 18 9
326 506 11 4
328 414 45 1
330 331 16 8
330 332 40 8
330 333 17 1
330 334 5 4
330 335 25 9
330 343 8 7
330 361 28 5
330 362 3 1
330 380 39 3
330 386 14 4
330 401 45 3
330 411 3 8
330 457 47 9
330 499 8 8
330 527 31 3
330 577 17 4
330 603 8 1
330 625 18 3
330 634 2 1
330 665 21 7
330 674 20 4
330 701 17 2
330 722 48 7
330 741 15 10
330 820 37 1
330 835 31 8
330 849 36 2
330 883 4 9
330 902 36 10
330 925 33 1
330 930 49 6
330 946 19 4
330 971 5 8
330 1011 18 9
330 1013 39 5
330 1041 13 1
330 1106 3 5
330 1121 37 7
330 1170 45 10
331 336 33 3
331 337 24 3
331 338 20 1
331 339 28 4
331 341 21 1
331 380 18 1
331 387 8 10
331 401 26 8
331 428 20 4
331 429 33 9
331 457 21 3
331 475 14 4
331 476 8 6
331 528 50 4
331 565 15 10
331 566 10 1
331 579 19 10
331 604 35 4
331 625 15 10
331 636 10 6
331 665 20 2
331 673 46 8
331 703 44 3
331 720 11 1
331 744 31 4
331 778 48 2
331 779 18 10
331 820 13 9
331 836 30 10
331 851 34 6
331 882 50 7
331 901 42 9
331 925 13 3
331 931 29 8
331 947 43 7
331 975 50 5
331 1005 46 10
331 1065 31 5
331 1066 41 6
331 1080 10 6
331 1082 22 6
331 1106 44 2
331 1146 15 1
331 1147 41 1
331 1169 28 8
331 1195 43 8
336 338 19 10
336 1192 16 1
337 489 4 3
338 725 31 1
338 1157 40 10
338 1184 46 4
340 341 14 5
340 342 15 7
340 343 3 10
340 344 19 5
340 362 25 8
340 363 9 5
340 380 28 5
340 385 22 5
340 496 44 4
340 566 1 3
340 576 37 3
340 602 38 9
340 625 23 2
340 634 35 3
340 723 15 2
340 745 43 4
340 881 49 2
340 930 29 7
340 1042 13 9
340 1066 24 6
340 1106 6 3
340 1120 30 4
340 1148 32 10
341 342 49 8
341 343 18 2
341 345 6 8
341 346 47 5
341 347 47 6
341 348 48 4
341 349 7 2
341 350 45 4
341 351 47 3
341 352 11 5
341 380 22 8
341 400 39 5
341 410 12 2
341 426 4 8
341 428 2 10
341 456 19 2
341 496 42 3
341 531 24 3
341 578 36 5
341 625 31 6
341 700 29 2
341 721 38 4
341 821 17 4
341 925 7 9
341 945 4 8
341 972 6 3
341 1005 28 4
341 1043 23 3
341 1106 40 4
342 343 24 3
342 353 8 1
342 354 8 7
342 355 31 6
342 356 17 1
342 357 14 6
342 358 32 7
342 387 33 9
342 401 22 6
342 410 24 10
342 455 15 8
342 476 41 2
342 600 8 6
342 665 19 6
342 674 35 10
342 702 20 1
342 745 49 8
342 779 28 10
342 820 42 10
342 835 1 3
342 845 39 10
342 880 32 10
342 902 34 10
342 904 25 2
342 931 37 3
342 945 1 5
342 1080 37 6
342 1082 28 7
342 1124 23 1
342 1167 29 9
342 1195 31 10
343 359 49 2
343 478 40 1
343 531 10 5
343 566 21 3
343 631 50 6
343 670 37 1
343 836 18 4
343 925 41 10
343 970 37 3
343 1005 25 3
343 1011 50 8
343 1015 8 7
343 1066 19 5
343 1170 18 8
343 1195 30 10
344 687 8 7
349 872 17 7
350 747 47 7
355 449 34 2
356 438 50 4
359 471 1 4
360 361 39 3
360 362 44 9
360 363 28 10
360 364 9 1
360 365 34 8
360 366 2 4
360 367 27 7
360 368 29 6
360 369 32 8
360 386 39 5
360 401 50 4
360 412 2 2
360 495 22 3
360 566 1 6
360 675 40 4
360 721 33 4
360 722 23 6
360 775 16 5
360 822 18 3
360 883 36 6
360 948 23 9
360 975 8 1
360 1014 5 5
360 1040 47 4
360 1065 26 2
360 1106 30 9
360 1145 8 9
360 1165 32 7
361 362 1 4
361 363 50 7
361 370 18 7
361 371 3 4
361 372 3 7
361 387 42 4
361 425 24 10
361 475 44 8
361 532 5 6
361 565 1 6
361 602 12 5
361 625 14 1
361 633 43 10
361 665 22 4
361 700 5 5
361 903 50 6
361 925 23 4
361 930 3 5
361 932 40 10
361 945 8 7
361 975 8 6
361 1005 7 10
361 1012 7 3
361 1107 24 6
361 1124 6 1
361 1195 34 10
362 363 16 8
362 373 23 8
362 374 48 7
362 375 46 9
362 376 19 2
362 377 29 1
362 378 11 10
362 380 23 10
362 427 2 6
362 456 20 5
362 529 30 4
362 575 50 2
362 577 7 2
362 603 28 2
362 635 37 9
362 703 25 3
362 740 31 8
362 778 47 8
362 845 2 4
362 848 38 8
362 1065 10 5
362 1080 22 9
362 1082 3 5
362 1123 17 6
362 1169 22 2
363 379 29 2
363 401 28 5
363 477 33 6
363 499 3 9
363 625 5 2
363 665 43 7
363 670 40 7
363 740 7 8
363 835 7 7
363 836 23 1
363 882 47 3
363 900 40 8
363 925 40 6
363 1043 1 5
363 1146 15 1
363 1195 12 10
364 785 32 10
364 1115 34 7
365 396 14 10
368 1160 39 2
369 545 5 4
370 614 4 8
371 751 6 7
373 814 48 7
375 516 14 2
376 951 20 1
377 688 49 8
377 982 26 3
379 1090 4 7
379 1140 49 9
380 381 5 8
380 382 9 5
380 383 39 9
380 384 42 8
380 385 46 7
380 387 27 1
380 400 8 1
380 401 29 2
380 411 10 2
380 427 10 8
380 430 26 1
380 457 40 3
380 475 32 7
380 477 15 4
380 495 30 9
380 499 8 10
380 527 31 3
380 530 32 5
380 565 20 7
380 566 1 5
380 575 23 6
380 579 2 10
380 600 17 5
380 602 19 7
380 625 2 3
380 636 7 9
380 665 47 10
380 670 11 1
380 673 30 6
380 700 20 1
380 703 24 1
380 720 3 9
380 721 10 6
380 744 22 8
380 745 2 7
380 775 48 5
380 781 40 8
380 820 35 2
380 821 35 7
380 836 27 7
380 848 7 6
380 849 34 6
380 882 1 5
380 903 1 10
380 904 41 7
380 925 43 7
380 931 13 8
380 932 3 8
380 945 27 9
380 974 12 4
380 975 15 4
380 1005 21 4
380 1012 13 1
380 1014 37 10
380 1040 11 9
380 1044 18 10
380 1065 18 1
380 1083 39 2
380 1084 27 5
380 1105 15 1
380 1106 28 4
380 1121 21 3
380 1122 14 1
380 1147 8 5
380 1166 42 3
380 1167 7 10
380 1195 26 9
383 759 40 7
385 386 41 7
385 387 16 2
385 388 41 7
385 401 32 10
385 455 7 8
385 476 4 1
385 576 12 4
385 600 44 10
385 625 39 6
385 821 14 2
385 836 30 3
385 850 16 8
385 925 31 9
385 974 38 8
385 1005 42 8
385 1041 20 6
385 1067 40 9
385 1084 27 6
385 1107 26 2
385 1122 19 5
386 387 23 10
386 389 7 8
386 390 47 10
386 391 34 7
386 392 22 3
386 400 6 2
386 410 38 6
386 429 40 5
386 456 29 7
386 527 24 3
386 530 23 5
386 565 42 2
386 578 43 6
386 600 41 9
386 625 36 9
386 633 15 7
386 665 17 9
386 703 48 8
386 744 39 6
386 746 13 3
386 780 20 4
386 820 14 4
386 836 30 10
386 901 18 8
386 925 45 5
386 931 23 7
386 945 15 9
386 948 33 5
386 1005 30 5
386 1043 11 2
386 1066 22 5
386 1106 3 7
386 1167 35 4
387 393 17 1
387 394 23 1
387 395 35 10
387 396 15 3
387 397 25 7
387 398 49 9
387 399 46 1
387 412 38 6
387 426 30 4
387 478 5 2
387 499 4 3
387 500 21 6
387 631 30 3
387 671 26 7
387 673 29 6
387 702 1 3
387 723 23 9
387 782 4 8
387 849 25 10
387 881 14 10
387 882 20 8
387 901 41 7
387 930 28 3
387 970 41 1
387 1014 10 7
387 1015 50 2
387 1083 37 1
387 1121 27 3
387 1145 10 5
387 1148 34 5
387 1165 11 3
387 1195 34 8
389 479 3 6
392 488 37 10
392 510 32 4
392 610 47 4
392 762 27 8
393 1100 19 9
397 704 22 9
399 544 27 4
400 401 8 3
400 402 16 3
400 403 14 6
400 404 32 10
400 405 42 5
400 426 33 9
400 455 19 10
400 456 36 1
400 477 16 7
400 498 44 10
400 565 40 1
400 566 11 4
400 575 17 10
400 604 11 1
400 631 25 8
400 665 7 2
400 670 16 3
400 702 8 9
400 723 29 8
400 740 48 7
400 743 15 1
400 781 48 9
400 820 48 4
400 836 50 3
400 847 21 6
400 880 23 3
400 903 15 5
400 925 39 5
400 930 24 4
400 931 21 7
400 945 3 7
400 947 23 2
400 971 42 6
400 1013 11 4
400 1042 49 7
400 1066 33 7
400 1067 25 9
400 1083 17 5
400 1107 11 10
400 1123 38 5
400 1124 6 6
400 1145 14 6
400 1148 1 1
400 1165 42 5
400 1195 15 9
401 406 18 10
401 407 26 5
401 408 7 8
401 409 16 10
401 411 11 9
401 412 50 7
401 477 12 10
401 496 45 4
401 525 38 4
401 527 36 6
401 576 18 9
401 602 30 3
401 625 14 7
401 636 9 7
401 665 21 3
401 675 37 9
401 700 18 8
401 721 14 2
401 776 24 10
401 835 5 7
401 846 6 10
401 881 18 8
401 901 2 1
401 971 11 5
401 1005 36 8
401 1014 22 9
401 1041 12 7
401 1084 49 4
401 1166 37 6
401 1195 39 8
403 515 2 3
403 717 34 3
404 463 44 3
405 765 47 8
406 750 24 8
407 987 19 5
409 463 46 10
410 411 29 6
410 412 13 5
410 413 50 9
410 414 29 3
410 415 35 9
410 416 35 8
410 417 14 9
410 418 44 4
410 476 50 8
410 495 28 8
410 525 7 2
410 566 34 7
410 601 46 5
410 625 44 2
410 665 18 2
410 673 5 4
410 722 27 7
410 743 5 4
410 778 48 8
410 821 14 9
410 849 41 10
410 903 14 8
410 1005 10 6
410 1011 16 2
410 1043 28 9
410 1067 31 10
410 1195 48 4
411 412 44 8
411 419 14 2
411 420 8 2
411 456 34 6
411 458 9 4
411 529 1 7
411 566 7 5
411 601 18 7
411 625 40 9
411 631 27 5
411 636 2 6
411 672 7 4
411 701 48 6
411 723 23 2
411 743 3 4
411 821 21 1
411 836 2 8
411 848 16 8
411 901 6 5
411 931 44 5
411 945 21 6
411 1005 2 9
411 1011 26 10
411 1043 23 3
411 1065 42 9
411 1107 15 10
411 1121 37 7
411 1124 24 5
411 1148 21 9
412 421 4 2
412 422 37 8
412 423 1 10
412 424 42 8
412 425 22 5
412 428 4 7
412 478 46 9
412 500 49 2
412 576 22 5
412 577 40 5
412 701 32 3
412 781 19 4
412 835 41 7
412 882 22 3
412 925 35 3
412 932 47 10
412 947 19 3
412 971 31 2
412 975 8 3
412 1082 47 5
412 1105 15 5
412 1147 30 7
412 1166 50 5
412 1170 29 5
412 1195 37 8
417 678 50 7
417 1160 47 2
418 568 36 3
423 484 24 10
425 426 18 5
425 427 26 9
425 428 50 3
425 429 7 7
425 430 48 9
425 431 6 3
425 432 32 1
425 433 28 5
425 476 41 7
425 700 32 6
425 703 35 3
425 721 21 7
425 925 50 1
425 972 45 8
425 1065 34 3
425 1105 6 4
425 1146 48 7
426 427 41 4
426 428 24 2
426 429 13 7
426 430 45 2
426 434 10 9
426 435 28 7
426 436 31 10
426 531 35 6
426 579 10 2
426 604 25 8
426 625 16 5
426 632 18 3
426 723 48 1
426 745 29 8
426 780 31 1
426 851 44 1
426 903 17 4
426 925 19 10
426 974 5 1
426 1010 18 5
426 1083 3 2
426 1168 24 4
427 428 23 5
427 429 33 1
427 430 37 10
427 437 38 7
427 438 32 5
427 457 29 1
427 458 24 5
427 527 6 2
427 604 44 4
427 675 34 9
427 903 4 3
427 946 27 7
427 947 3 5
427 1082 33 9
427 1106 40 5
427 1124 38 8
427 1167 37 6
427 1195 47 6
428 429 34 5
428 430 3 3
428 439 40 6
428 440 4 7
428 441 32 4
428 442 46 6
428 443 21 4
428 476 36 7
428 566 40 7
428 665 48 4
428 836 37 3
428 845 7 7
428 880 24 10
428 930 15 8
428 1005 12 2
428 1014 1 4
428 1043 30 3
428 1148 17 1
429 430 29 4
429 444 21 7
429 445 49 8
429 446 13 9
429 447 46 10
429 448 7 9
429 449 12 6
429 450 36 1
429 566 3 1
429 579 35 2
429 625 47 1
429 633 5 3
429 665 20 2
429 675 12 7
429 745 37 4
429 781 2 3
429 822 45 6
429 836 36 7
429 1005 4 9
429 1042 30 4
429 1065 4 4
429 1195 10 3
430 451 7 9
430 452 7 1
430 453 40 2
430 454 28 8
430 495 47 8
430 497 14 4
430 822 35 4
430 881 13 8
430 930 44 7
430 1122 28 1
433 568 39 2
437 718 8 8
439 573 18 5
440 591 29 5
441 621 44 5
442 521 11 3
446 676 23 5
450 944 26 9
451 585 31 4
453 886 16 10
455 456 36 1
455 457 29 3
455 458 1 4
455 459 18 9
455 460 48 6
455 461 48 5
455 462 32 8
455 463 32 8
455 464 42 2
455 478 5 4
455 566 23 6
455 576 19 6
455 604 42 8
455 665 31 7
455 722 36 9
455 776 49 5
455 783 13 5
455 849 19 9
455 880 44 10
455 882 21 10
455 903 41 8
455 904 27 3
455 925 23 3
455 931 33 9
455 1012 31 9
455 1043 1 3
455 1106 19 7
455 1147 29 6
455 1195 23 8
456 457 13 6
456 458 28 1
456 465 48 6
456 466 46 6
456 467 22 10
456 468 6 8
456 469 16 8
456 497 26 8
456 625 14 10
456 665 4 2
456 702 23 7
456 821 30 3
456 835 50 2
456 836 48 4
456 846 5 9
456 925 22 4
456 1065 37 1
456 1165 38 5
456 1195 29 5
457 458 11 6
457 470 31 10
457 478 27 2
457 532 38 2
457 566 41 2
457 625 21 8
457 630 44 6
457 631 27 5
457 675 8 1
457 700 16 8
457 722 50 9
457 740 33 7
457 742 21 5
457 945 21 1
457 949 20 4
457 1080 12 6
458 471 5 4
458 472 48 8
458 473 14 2
458 474 35 9
458 499 20 6
458 528 45 5
458 602 14 6
458 675 41 6
458 821 44 7
458 930 48 1
458 972 1 10
458 974 14 7
458 1005 44 4
458 1015 26 4
458 1044 40 8
458 1067 28 5
458 1080 45 3
458 1120 24 9
458 1123 19 10
458 1148 35 4
458 1167 36 3
460 517 24 8
460 1038 42 2
464 492 20 1
465 1151 47 9
467 621 48 1
472 756 15 8
473 897 13 9
473 1064 11 5
475 476 29 3
475 477 19 1
475 478 29 1
475 479 8 8
475 480 10 1
475 481 11 10
475 482 50 1
475 483 31 3
475 484 2 10
475 526 33 3
475 566 30 8
475 577 48 6
475 604 6 3
475 625 28 9
475 701 38 2
475 946 36 5
475 1044 13 2
475 1065 44 9
475 1080 25 10
475 1105 33 10
475 1107 14 2
475 1120 15 1
475 1123 20 3
475 1195 44 8
476 477 15 7
476 478 46 10
476 485 39 1
476 602 36 9
476 665 11 2
476 672 29 1
476 701 13 5
476 721 30 1
476 776 35 10
476 822 28 2
476 846 50 6
476 881 35 1
476 925 46 7
476 974 47 3
476 1005 9 2
476 1013 36 8
476 1014 36 3
476 1083 15 9
476 1169 1 5
477 478 11 8
477 486 4 3
477 487 43 1
477 488 1 7
477 489 46 10
477 490 33 5
477 491 13 9
477 496 15 9
477 529 46 9
477 632 49 7
477 672 2 5
477 722 31 1
477 776 22 6
477 821 40 2
477 851 43 6
477 946 34 6
477 970 37 4
477 1005 4 3
477 1145 11 6
477 1170 41 10
478 492 28 6
478 493 7 10
478 494 24 2
478 495 13 6
478 576 12 7
478 625 18 9
478 631 3 3
478 665 20 3
478 743 9 8
478 745 34 2
478 835 29 8
478 881 42 5
478 900 18 10
478 904 32 4
478 925 6 7
478 930 29 10
478 932 31 3
478 1040 43 7
478 1148 19 10
482 1007 37 7
484 584 8 10
484 688 42 1
484 1190 36 7
485 954 33 10
485 1188 1 10
486 627 38 5
486 830 18 9
488 857 42 4
490 768 2 4
491 624 28 6
492 1077 33 3
494 509 41 9
494 714 32 1
495 496 34 4
495 497 27 6
495 498 19 3
495 499 40 6
495 500 9 7
495 501 13 2
495 502 33 6
495 503 6 9
495 504 42 3
495 846 21 3
495 1042 46 10
495 1106 39 3
495 1107 50 2
495 1120 14 4
496 497 11 6
496 498 15 8
496 499 16 8
496 500 16 5
496 505 12 5
496 506 18 1
496 507 14 1
496 566 6 8
496 665 12 4
496 700 37 10
496 721 14 9
496 740 8 10
496 742 16 6
496 820 4 10
496 836 38 8
496 925 19 4
496 971 8 8
496 974 45 8
496 1011 41 7
496 1083 27 3
496 1166 7 6
497 498 46 3
497 499 25 1
497 500 12 5
497 508 17 9
497 509 11 1
497 510 1 1
497 511 44 5
497 512 10 9
497 529 7 9
497 579 1 2
497 625 42 1
497 673 8 9
497 674 10 5
497 846 7 2
497 900 5 10
497 949 21 5
497 1147 3 5
498 499 35 4
498 500 34 10
498 513 17 4
498 514 13 4
498 515 25 7
498 516 15 9
498 525 8 1
498 625 38 7
498 631 21 7
498 665 33 7
498 775 6 1
498 881 25 9
498 1005 35 1
498 1013 34 2
498 1040 41 6
498 1081 31 1
498 1170 33 10
498 1195 45 4
499 500 1 10
499 517 30 10
499 518 47 4
499 519 20 1
499 520 41 7
499 577 40 3
499 601 30 4
499 700 19 1
499 722 41 6
499 780 35 10
499 821 44 9
499 883 29 6
499 925 18 6
499 945 41 9
499 1066 31 6
499 1067 30 9
499 1123 1 2
499 1145 45 4
500 521 22 10
500 522 18 3
500 523 10 7
500 524 15 1
500 566 21 7
500 600 21 6
500 630 24 5
500 835 34 3
500 903 35 6
500 932 35 5
500 1005 16 8
500 1195 2 10
501 958 15 10
501 996 33 6
502 1029 45 4
503 705 48 6
503 911 38 6
505 748 27 3
508 523 40 8
508 608 20 9
508 707 7 1
512 644 28 7
513 660 44 8
516 580 27 8
518 858 47 1
521 1176 33 6
523 615 3 6
525 526 23 3
525 527 33 9
525 528 39 9
525 529 11 4
525 530 24 2
525 531 13 1
525 532 12 9
525 533 6 7
525 534 8 7
525 535 10 3
525 577 8 7
525 673 20 3
525 835 5 4
525 846 11 7
525 883 8 8
525 1005 34 2
525 1120 13 3
526 527 43 5
526 528 16 9
526 529 5 9
526 530 45 10
526 531 43 10
526 532 35 6
526 536 1 5
526 537 39 10
526 538 29 2
526 539 47 8
526 600 37 4
526 632 37 4
526 847 35 7
526 901 16 6
526 976 12 6
526 1040 14 8
526 1041 14 9
526 1082 16 4
527 528 35 9
527 529 14 1
527 530 17 5
527 531 23 1
527 532 1 7
527 540 3 9
527 541 44 5
527 542 48 3
527 566 25 6
527 665 22 5
527 673 22 10
527 722 38 10
527 740 31 3
527 782 35 3
527 1169 47 10
528 529 12 6
528 530 27 7
528 531 25 8
528 532 48 5
528 543 8 8
528 544 17 1
528 602 41 9
528 625 50 9
528 630 4 6
528 779 44 6
528 945 33 3
528 1065 37 2
528 1066 34 4
528 1124 25 8
528 1146 32 5
528 1195 2 5
529 530 1 10
529 531 41 5
529 532 14 8
529 545 1 9
529 546 16 7
529 547 18 7
529 548 35 9
529 549 27 7
529 550 37 5
529 551 14 7
529 552 37 1
529 578 21 9
529 700 11 1
529 820 45 6
529 836 5 1
529 881 50 6
529 945 20 10
529 1195 5 8
530 531 17 8
530 532 20 8
530 553 12 3
530 554 39 5
530 555 37 7
530 556 22 8
530 557 18 1
530 558 17 2
530 625 38 3
530 822 18 4
530 904 33 6
530 1012 35 9
530 1146 6 6
531 532 42 6
531 559 32 4
531 560 8 2
531 722 45 10
531 742 11 4
531 925 33 2
531 930 12 2
531 1005 21 6
531 1106 43 1
531 1169 48 8
532 561 45 6
532 562 42 6
532 563 34 5
532 564 47 9
532 665 2 3
532 703 46 5
532 930 20 2
532 975 25 8
532 1012 10 5
532 1081 49 4
532 1105 21 2
538 543 30 2
538 624 7 5
540 557 45 5
540 898 4 1
541 1127 1 6
543 669 5 4
544 788 32 4
551 1142 46 8
552 564 12 6
552 1126 19 3
554 801 43 6
556 797 2 8
557 1074 22 5
559 1021 19 8
560 1157 7 7
563 873 42 10
563 943 24 6
564 1019 11 10
565 566 36 5
565 567 21 7
565 568 28 1
565 569 14 2
565 570 49 3
565 571 10 3
565 572 27 5
565 573 30 9
565 575 40 8
565 577 42 4
565 625 3 7
565 634 50 2
565 665 8 8
565 670 28 4
565 720 2 2
565 740 6 1
565 746 13 9
565 821 43 6
565 835 50 3
565 836 22 4
565 883 48 1
565 945 42 4
565 1005 1 10
565 1065 14 5
565 1082 7 8
565 1083 49 2
565 1106 4 6
565 1107 31 1
565 1123 27 5
565 1169 2 4
566 574 35 4
566 603 22 10
566 631 28 9
566 674 9 9
566 700 18 5
566 702 31 9
566 721 33 7
566 778 48 10
566 780 35 10
566 822 39 9
566 848 34 3
566 850 19 6
566 881 10 7
566 902 15 5
566 903 12 5
566 925 14 3
566 930 43 7
566 932 24 3
566 970 1 3
566 975 34 1
566 1010 43 6
566 1013 3 3
566 1041 31 10
566 1043 18 8
566 1067 43 1
566 1120 25 7
566 1147 25 9
566 1148 37 9
566 1195 26 5
569 786 29 3
570 1100 6 5
573 494 40 1
573 755 28 6
573 1092 41 10
573 1143 41 4
575 576 17 3
575 577 1 10
575 578 4 5
575 579 34 2
575 580 3 5
575 581 16 6
575 582 35 4
575 583 10 5
575 625 1 7
575 674 42 4
575 720 6 5
575 822 30 2
575 925 24 1
575 1044 8 8
575 1121 17 5
576 577 47 9
576 578 19 6
576 579 9 4
576 584 16 1
576 585 22 1
576 633 44 10
576 742 45 8
576 744 35 7
576 820 38 2
576 835 47 1
576 900 36 3
576 925 46 8
576 948 31 1
576 971 12 7
576 1107 16 4
576 1122 39 4
576 1195 1 1
577 578 16 9
577 579 23 5
577 586 42 7
577 587 43 2
577 588 16 2
577 589 4 10
577 590 8 3
577 601 39 9
577 630 45 4
577 665 26 5
577 672 12 5
577 722 19 9
577 776 38 7
577 847 28 8
577 930 49 5
577 949 46 1
577 1005 35 9
577 1011 11 1
577 1040 6 2
577 1083 32 2
577 1147 14 9
577 1166 40 8
577 1170 8 6
578 579 35 7
578 591 34 5
578 592 7 8
578 593 42 9
578 594 30 2
578 595 23 8
578 600 11 1
578 835 34 9
578 847 14 1
578 883 43 7
578 931 50 2
578 1011 8 5
578 1067 4 6
578 1081 47 1
578 1107 45 5
579 596 46 8
579 597 19 1
579 598 49 2
579 599 16 7
579 625 13 10
579 665 14 8
579 701 49 7
579 703 39 8
579 780 5 9
579 883 20 5
579 900 8 10
579 975 1 3
579 1005 27 10
579 1065 13 1
579 1147 29 2
579 1195 22 8
580 663 48 9
582 735 49 2
586 911 10 5
586 1004 17 10
586 1094 6 4
591 857 20 1
591 983 21 10
593 1086 34 6
594 705 41 10
594 1126 43 3
595 667 10 6
595 864 11 3
596 1056 13 8
598 929 37 1
599 1162 11 6
600 601 4 10
600 602 32 6
600 603 42 8
600 604 2 2
600 605 30 2
600 625 21 3
600 702 12 1
600 946 20 7
600 1044 6 10
600 1065 12 4
600 1146 34 3
601 602 31 8
601 603 20 5
601 604 34 7
601 606 38 2
601 607 1 3
601 608 23 7
601 609 2 9
601 610 1 4
601 665 9 9
601 836 14 10
601 846 27 7
601 851 34 1
601 931 27 3
601 1014 9 2
601 1042 12 2
601 1107 39 9
601 1167 50 1
601 1195 42 3
602 603 6 1
602 604 8 5
602 611 39 8
602 612 49 7
602 613 33 1
602 614 38 7
602 673 11 2
602 700 47 7
602 720 27 4
602 722 49 8
602 740 44 5
602 782 50 4
602 835 36 10
602 881 39 10
602 883 27 1
602 904 14 4
602 1010 41 6
602 1083 27 7
602 1124 5 10
602 1148 45 8
603 604 25 10
603 615 22 8
603 616 23 10
603 617 24 6
603 618 50 7
603 619 23 2
603 620 26 5
603 625 38 1
603 633 33 4
603 634 24 8
603 744 12 8
603 820 22 4
603 900 28 6
603 925 23 3
603 973 47 7
603 1106 20 5
603 1123 5 9
603 1195 6 5
604 621 16 10
604 622 44 7
604 623 33 2
604 624 38 9
604 665 13 3
604 673 36 2
604 821 23 9
604 925 22 7
604 949 27 10
604 970 35 6
604 1005 14 5
604 1066 49 5
604 1168 11 8
607 694 21 4
610 1008 5 7
610 1030 17 4
611 1128 3 8
619 860 19 5
622 1181 42 5
625 626 15 1
625 627 21 7
625 628 25 1
625 629 15 4
625 631 35 7
625 634 23 6
625 665 7 6
625 673 20 5
625 675 8 6
625 701 44 7
625 721 40 7
625 723 20 8
625 741 50 4
625 744 27 7
625 776 10 8
625 777 6 5
625 820 34 2
625 822 2 5
625 836 34 9
625 846 19 8
625 849 27 6
625 882 18 2
625 883 11 10
625 902 22 10
625 925 38 4
625 931 40 7
625 932 23 1
625 948 19 5
625 949 6 1
625 972 29 1
625 975 37 5
625 1005 10 9
625 1011 50 4
625 1014 37 4
625 1043 28 10
625 1044 33 10
625 1066 40 3
625 1083 2 5
625 1105 7 3
625 1106 47 1
625 1121 22 1
625 1123 39 9
625 1145 19 7
625 1147 46 6
625 1167 21 3
625 1170 34 5
625 1195 42 10
630 631 33 3
630 632 46 5
630 633 29 6
630 634 40 4
630 635 27 10
630 636 17 8
630 637 4 1
630 638 1 9
630 639 18 9
630 640 2 6
630 641 31 9
630 642 19 7
630 665 26 1
630 674 48 10
630 700 13 10
630 722 12 2
630 881 15 3
630 901 42 7
630 904 35 8
630 1005 31 6
630 1067 38 2
630 1107 32 5
630 1145 13 10
630 1147 6 8
631 632 41 10
631 633 11 7
631 634 5 4
631 635 15 5
631 636 1 3
631 643 18 3
631 644 15 4
631 700 18 5
631 720 46 9
631 743 30 7
631 820 45 6
631 1067 28 6
632 633 34 3
632 634 21 10
632 635 18 6
632 636 16 1
632 645 7 9
632 646 12 8
632 647 34 1
632 648 44 8
632 649 29 4
632 650 50 4
632 847 47 2
632 1169 11 6
633 634 43 2
633 635 20 2
633 636 18 10
633 651 31 5
633 652 47 7
633 653 34 5
633 654 32 1
633 655 35 3
633 656 17 10
633 657 41 3
633 658 38 2
633 665 15 5
633 835 32 10
633 925 16 2
633 931 3 1
633 972 10 3
633 1014 34 2
633 1122 1 5
634 635 11 1
634 636 14 6
634 659 42 7
634 780 31 4
634 1015 11 8
634 1080 12 6
634 1107 12 2
634 1120 30 1
635 636 44 10
635 660 19 6
635 661 25 5
635 675 17 8
635 745 50 5
635 778 24 9
635 847 10 2
635 881 18 2
635 925 47 1
635 1005 41 8
635 1043 18 6
635 1195 9 9
636 662 47 6
636 663 26 6
636 664 49 10
636 821 26 9
636 836 22 6
636 932 25 6
636 945 37 3
636 946 38 10
636 970 13 6
636 1042 48 2
636 1084 26 10
636 1167 28 5
636 1195 32 10
637 868 35 9
638 828 2 8
639 679 19 5
639 755 13 2
639 772 8 3
641 914 44 7
642 1138 19 9
643 687 29 1
644 994 40 4
646 1075 19 1
648 1030 23 2
650 1037 5 3
651 813 7 3
651 1174 12 3
652 774 45 1
654 909 47 1
658 1023 23 6
665 666 8 4
665 667 6 10
665 668 23 6
665 669 48 9
665 671 43 1
665 672 1 4
665 700 21 5
665 720 49 8
665 742 2 10
665 743 24 10
665 779 31 3
665 781 16 5
665 820 8 2
665 822 40 9
665 835 30 9
665 836 38 4
665 845 29 6
665 851 42 3
665 881 17 2
665 882 47 5
665 900 19 9
665 903 5 2
665 925 5 3
665 930 35 10
665 931 45 9
665 946 6 9
665 948 3 9
665 972 1 5
665 1005 48 5
665 1013 21 3
665 1015 18 1
665 1043 26 8
665 1065 12 9
665 1083 13 10
665 1084 25 6
665 1105 27 5
665 1107 29 10
665 1121 21 7
665 1146 43 8
665 1148 28 8
665 1165 32 3
665 1166 22 7
665 1195 28 10
666 934 37 9
669 810 50 7
669 892 47 2
669 1009 45 5
670 671 50 2
670 672 17 3
670 673 32 5
670 674 34 5
670 675 45 5
670 676 32 1
670 677 50 4
670 678 2 7
670 679 4 2
670 680 39 10
670 720 10 9
670 850 33 1
670 880 50 6
670 932 16 9
670 1145 38 10
670 1147 41 2
671 672 32 2
671 673 47 5
671 674 40 10
671 675 26 5
671 681 26 1
671 682 33 1
671 683 17 7
671 684 32 10
671 685 45 10
671 686 41 10
671 1010 4 7
671 1069 41 5
672 673 42 4
672 674 15 4
672 675 11 3
672 687 40 6
672 688 11 10
672 779 39 5
672 781 18 4
672 822 46 5
672 835 25 8
672 901 25 2
672 947 30 3
672 1066 31 2
672 1082 33 1
672 1106 49 7
673 674 50 2
673 675 48 1
673 689 12 4
673 690 23 1
673 691 30 5
673 692 5 6
673 700 49 9
673 741 6 1
673 849 25 2
673 880 10 4
673 904 38 3
673 946 30 8
673 976 27 6
673 1013 5 9
673 1040 16 9
673 1041 21 5
673 1106 38 5
673 1122 9 5
674 675 44 7
674 693 50 4
674 694 3 1
674 695 31 8
674 696 24 9
674 697 30 3
674 744 3 5
674 925 32 6
674 931 16 10
674 1005 27 2
674 1065 14 6
674 1195 46 3
675 698 25 8
675 699 31 3
675 702 10 1
675 723 9 10
675 822 28 9
675 835 12 10
675 925 30 1
675 1083 46 9
675 1122 48 6
675 1166 22 5
676 1154 27 5
677 793 27 8
678 785 27 4
679 1085 16 5
680 1131 9 5
681 1160 25 7
682 963 33 2
682 1077 2 4
690 691 39 7
690 728 8 8
691 750 5 3
692 774 47 2
693 1000 31 3
693 1036 11 8
693 1130 13 8
693 1185 38 9
699 793 31 8
700 701 27 8
700 702 8 10
700 703 27 10
700 704 13 7
700 705 41 10
700 706 49 9
700 707 11 3
700 847 8 2
700 925 12 10
700 930 32 5
700 948 24 5
700 1044 33 9
700 1067 22 5
700 1106 14 5
700 1107 14 7
700 1146 49 5
700 1148 21 2
700 1195 47 9
701 702 27 9
701 703 44 5
701 708 4 7
701 709 23 10
701 710 6 8
701 711 15 1
701 712 7 1
701 820 11 4
701 849 38 6
701 973 37 6
701 1005 29 6
701 1010 34 1
701 1120 30 6
701 1169 25 2
702 703 2 5
702 713 13 7
702 714 14 1
702 715 14 3
702 746 4 3
702 904 12 2
702 932 10 2
702 1065 11 2
702 1084 46 8
702 1123 28 8
703 716 46 8
703 717 24 1
703 718 11 3
703 719 15 3
703 720 28 2
703 723 44 3
703 741 43 9
703 776 48 7
703 782 44 8
703 820 3 6
703 835 24 6
703 836 44 4
703 880 27 2
703 904 1 9
703 925 10 4
703 945 4 6
703 970 3 3
703 1005 29 7
703 1012 25 10
703 1041 49 3
703 1083 45 9
703 1165 4 7
703 1195 14 5
707 773 32 4
708 961 42 10
708 1002 7 3
709 832 46 3
710 795 36 1
712 897 36 1
714 791 47 5
720 721 32 8
720 722 15 9
720 723 11 6
720 724 9 4
720 725 28 6
720 726 15 9
720 727 29 1
720 820 48 1
720 821 13 5
720 931 44 8
720 1005 18 7
720 1010 18 6
720 1067 32 4
720 1145 47 2
720 1195 31 2
721 722 3 1
721 723 1 1
721 728 34 1
721 729 34 4
721 730 3 3
721 731 21 2
721 732 37 7
721 745 22 9
721 779 33 2
721 849 7 3
721 883 17 3
721 925 36 5
721 946 28 5
721 973 12 8
721 1013 49 3
721 1044 17 2
721 1067 24 8
721 1083 39 10
721 1107 2 1
721 1124 34 7
721 1168 11 7
722 723 24 5
722 733 41 5
722 734 29 4
722 735 38 6
722 736 26 4
722 746 23 2
722 850 40 4
722 880 31 3
722 903 46 5
722 930 3 1
722 973 14 10
722 1080 27 3
722 1165 8 8
723 737 25 3
723 738 31 3
723 739 28 7
723 835 45 3
723 836 23 7
723 902 11 3
723 947 42 2
723 1005 31 8
723 1043 50 5
723 1120 4 2
723 1148 26 6
731 1046 6 2
732 860 23 3
733 1024 46 10
735 1178 49 7
735 1199 30 8
738 768 4 2
738 1110 31 5
738 1178 31 2
740 741 30 9
740 742 5 3
740 743 37 8
740 744 16 5
740 745 40 1
740 746 22 1
740 747 34 8
740 748 48 5
740 749 44 1
740 849 16 8
740 850 48 5
740 883 25 9
740 974 46 7
740 1083 5 8
740 1107 24 6
740 1145 8 8
740 1195 28 9
741 742 8 1
741 743 40 1
741 744 10 7
741 745 18 2
741 746 17 2
741 750 34 3
741 751 28 1
741 752 27 2
741 753 8 1
741 780 36 4
741 881 3 1
741 925 23 10
741 1005 1 1
742 743 31 7
742 744 33 7
742 745 49 6
742 746 18 6
742 754 40 9
742 755 45 1
742 756 8 10
742 757 28 9
742 758 22 7
742 759 12 5
742 932 19 8
742 1044 40 4
742 1080 39 5
743 744 17 4
743 745 18 2
743 746 43 1
743 760 5 5
743 761 29 5
743 932 45 10
743 1005 33 5
743 1122 12 5
744 745 28 1
744 746 37 6
744 762 44 1
744 763 47 6
744 821 6 10
744 1122 23 6
744 1165 28 8
745 746 5 9
745 764 10 7
745 765 29 1
745 766 42 1
745 767 1 9
745 768 9 8
745 769 40 4
745 770 28 7
745 821 50 9
745 836 25 2
745 900 5 3
745 902 16 1
745 1041 45 9
746 771 46 2
746 772 48 4
746 773 6 7
746 774 8 3
746 777 46 5
746 836 14 10
746 925 4 4
746 945 42 1
746 946 22 1
746 976 31 6
746 1013 15 7
746 1015 34 8
746 1067 44 3
746 1107 26 10
746 1146 34 10
746 1170 32 7
746 1195 49 9
750 757 31 10
750 1003 49 9
755 838 45 6
756 1162 5 3
765 1054 25 7
767 941 11 1
768 831 19 2
775 776 40 6
775 777 4 2
775 778 37 9
775 779 25 10
775 780 16 7
775 781 12 8
775 782 32 5
775 783 42 7
775 784 16 7
775 785 6 2
775 786 32 1
775 848 45 8
775 881 50 7
775 1082 28 7
776 777 13 6
776 778 30 2
776 779 15 5
776 780 36 5
776 781 18 7
776 782 13 9
776 783 21 9
776 787 22 8
776 788 21 2
776 789 2 1
776 790 28 8
776 791 46 5
776 792 1 1
776 836 34 10
776 930 45 7
776 946 17 5
776 971 19 1
776 1124 27 9
776 1195 40 10
777 778 41 10
777 779 14 1
777 780 5 7
777 781 18 5
777 782 43 7
777 783 24 8
777 793 31 5
777 794 44 6
777 795 15 6
777 1005 26 3
777 1120 40 6
777 1166 42 8
778 779 43 7
778 780 32 6
778 781 13 6
778 782 14 4
778 783 48 2
778 796 8 2
778 797 19 8
778 798 30 10
778 799 25 5
778 800 31 10
778 801 32 8
778 802 18 8
778 820 42 4
778 835 35 7
778 902 27 1
778 1012 32 6
778 1066 20 5
779 780 18 10
779 781 3 7
779 782 46 5
779 783 50 10
779 803 16 3
779 804 50 5
779 851 19 6
779 1043 14 6
779 1106 35 7
779 1195 3 8
780 781 6 10
780 782 39 1
780 783 41 6
780 805 40 9
780 806 40 3
780 882 11 4
780 925 9 2
781 782 39 8
781 783 22 1
781 807 32 5
781 808 10 5
781 809 2 9
781 810 12 1
781 811 28 3
781 812 11 10
781 925 19 1
781 947 47 10
781 1040 37 9
781 1145 36 3
781 1165 37 2
782 783 45 5
782 813 3 2
782 814 2 9
782 815 21 9
782 816 25 8
782 821 46 5
782 1005 23 7
782 1067 25 1
782 1106 18 5
783 817 24 4
783 818 29 6
783 819 39 10
783 902 38 10
783 930 10 2
783 973 20 3
783 1010 39 8
783 1083 21 3
783 1148 27 5
786 808 40 6
786 1172 4 7
787 929 24 3
788 896 4 4
792 1137 36 4
793 823 12 2
796 800 3 5
799 1191 27 7
804 951 15 9
807 894 1 7
810 897 27 10
810 1024 46 8
810 1183 44 2
811 871 29 1
812 1111 32 9
816 891 9 2
819 1155 16 8
820 821 40 4
820 822 34 5
820 823 5 3
820 824 40 4
820 836 37 1
820 849 22 5
820 883 48 3
820 925 22 8
820 932 48 2
820 1005 27 10
820 1012 19 1
820 1067 46 9
820 1081 40 9
820 1120 10 10
820 1123 20 1
820 1147 29 5
821 822 46 2
821 825 49 10
821 826 20 8
821 827 1 4
821 835 19 3
821 849 15 8
821 902 42 10
821 903 32 9
821 930 45 4
821 976 41 5
821 1005 24 2
821 1013 34 9
821 1041 48 7
821 1066 41 1
821 1148 2 5
821 1167 37 10
821 1195 7 3
822 828 43 2
822 829 23 4
822 830 17 8
822 831 25 10
822 832 16 8
822 833 30 6
822 834 46 6
822 881 5 1
822 945 43 6
822 948 46 1
822 975 16 7
822 1043 31 7
822 1081 21 6
822 1105 1 2
822 1168 36 4
822 1195 19 3
835 836 1 6
835 837 1 5
835 845 49 3
835 846 41 4
835 880 39 9
835 883 46 3
835 925 14 2
835 932 8 6
835 975 50 4
835 1005 6 8
835 1010 33 1
835 1012 40 10
835 1040 12 3
835 1065 19 7
835 1067 42 3
835 1083 1 7
835 1105 25 3
835 1148 35 10
835 1166 15 5
835 1168 44 4
835 1195 6 6
836 838 17 2
836 839 46 3
836 840 45 7
836 841 12 5
836 842 13 7
836 843 46 2
836 844 44 5
836 900 11 1
836 904 38 2
836 925 45 3
836 947 50 3
836 949 48 1
836 970 39 6
836 1005 16 3
836 1042 9 1
836 1080 15 8
836 1105 23 5
836 1124 17 9
836 1148 9 10
836 1195 36 9
840 1076 17 5
845 846 45 10
845 847 23 3
845 848 39 2
845 849 35 6
845 850 43 7
845 851 10 1
845 852 28 7
845 853 25 2
845 854 19 6
845 855 31 2
845 880 25 5
845 948 14 5
845 1013 48 10
845 1041 33 7
845 1148 19 1
846 847 20 4
846 848 50 6
846 849 2 9
846 850 10 2
846 851 9 8
846 856 19 10
846 857 44 6
846 858 30 4
846 859 27 7
846 976 14 10
846 1041 42 6
846 1080 22 8
846 1170 50 3
847 848 47 9
847 849 11 7
847 850 11 5
847 851 17 9
847 860 19 4
847 861 12 7
847 862 45 10
847 925 13 10
847 946 19 3
847 1067 38 5
847 1147 24 4
847 1195 17 1
848 849 21 1
848 850 44 8
848 851 15 5
848 863 18 10
848 864 14 10
848 865 7 6
848 866 4 4
848 867 7 8
848 868 17 9
849 850 7 2
849 851 29 7
849 869 38 1
849 870 39 2
849 871 43 10
849 901 37 3
849 930 9 9
849 931 37 5
849 1005 32 7
849 1084 11 7
849 1105 8 10
849 1123 29 9
850 851 19 5
850 872 37 3
850 873 31 3
850 874 21 1
850 875 37 3
850 876 6 3
850 877 3 3
850 878 1 4
850 903 48 3
850 1010 26 2
850 1120 12 5
851 879 4 10
851 881 48 1
851 972 4 7
851 1065 11 3
851 1105 42 2
851 1168 36 8
852 962 43 1
858 1101 21 10
863 1027 2 6
865 1129 49 1
869 1017 28 10
871 1173 15 10
871 1175 1 8
872 905 32 3
873 918 10 3
874 896 9 4
876 1062 49 10
877 1056 11 8
880 881 16 5
880 882 36 8
880 883 30 1
880 884 39 9
880 885 32 3
880 886 29 8
880 887 10 2
880 888 7 7
880 900 43 5
880 930 48 1
880 946 38 9
880 947 5 5
880 1005 37 1
880 1067 6 2
880 1107 2 6
880 1170 33 9
880 1195 25 4
881 882 35 5
881 883 9 4
881 889 39 7
881 890 35 5
881 891 49 4
881 892 31 7
881 893 48 5
881 901 31 10
881 976 1 1
881 1107 8 8
881 1121 43 8
881 1148 26 5
882 883 7 10
882 894 26 2
882 925 38 10
882 931 50 9
882 973 9 10
882 1005 35 4
882 1015 18 4
882 1148 32 1
882 1195 12 8
883 895 18 10
883 896 23 5
883 897 31 3
883 898 5 4
883 899 4 7
883 1015 46 2
883 1041 46 1
883 1042 20 7
883 1067 7 4
883 1080 35 5
883 1084 23 1
883 1120 26 2
883 1167 30 5
896 1023 2 2
900 901 46 3
900 902 22 9
900 903 32 4
900 904 40 8
900 905 50 2
900 906 5 10
900 925 11 1
900 932 39 4
901 902 47 8
901 903 49 8
901 904 33 4
901 907 7 3
901 908 30 3
901 909 7 10
901 910 12 9
901 911 46 1
901 912 30 2
901 913 46 6
901 925 20 10
901 972 24 9
901 1005 16 2
901 1081 25 4
901 1106 35 8
901 1124 5 3
901 1195 33 10
902 903 48 6
902 904 19 1
902 914 13 2
902 946 3 4
902 970 5 8
902 1043 16 6
902 1065 2 10
902 1066 5 6
902 1080 18 7
902 1121 26 5
903 904 6 3
903 915 34 9
903 916 21 4
903 917 4 9
903 918 6 9
903 1014 42 2
903 1040 24 6
903 1106 27 10
903 1146 31 5
904 919 45 6
904 920 39 1
904 921 30 9
904 922 25 10
904 923 16 9
904 924 29 9
904 932 43 7
904 947 2 6
904 1005 25 10
904 1014 26 4
904 1148 27 4
904 1167 23 1
904 1169 43 6
904 1195 20 1
907 1000 24 5
908 923 40 8
921 990 36 7
921 1127 6 4
923 1101 15 6
924 1177 39 6
925 926 4 5
925 927 5 4
925 928 5 6
925 929 24 1
925 930 50 5
925 946 9 3
925 947 29 9
925 973 16 5
925 976 33 8
925 1005 13 5
925 1010 37 10
925 1012 20 3
925 1040 45 1
925 1044 35 10
925 1065 48 10
925 1066 4 8
925 1081 13 9
925 1105 11 10
925 1107 30 1
925 1120 34 3
925 1122 29 6
925 1145 13 6
925 1170 50 9
925 1195 47 6
929 1178 26 2
930 931 38 4
930 932 34 3
930 933 12 6
930 934 8 6
930 935 16 4
930 936 9 9
930 949 32 5
930 1005 33 6
930 1040 12 8
930 1065 3 5
930 1080 48 3
930 1106 3 7
930 1195 22 1
931 932 42 1
931 937 50 8
931 976 24 7
931 1014 1 9
931 1040 27 2
931 1065 41 1
931 1123 13 6
931 1145 14 5
932 938 7 4
932 939 8 6
932 940 36 10
932 941 44 6
932 942 39 1
932 943 14 6
932 944 35 10
932 949 25 4
932 974 48 9
932 1011 8 9
932 1082 35 3
932 1105 1 6
932 1122 28 3
932 1148 42 10
932 1166 24 8
932 1169 11 1
939 1091 31 7
939 1158 20 8
941 1086 42 8
941 1173 12 1
945 946 27 5
945 947 30 8
945 948 33 5
945 949 18 7
945 950 23 2
945 951 48 10
945 952 2 7
945 974 26 1
945 1066 20 3
945 1167 9 4
945 1195 44 5
946 947 41 9
946 948 42 5
946 949 32 2
946 953 46 9
946 954 42 9
946 955 33 6
946 956 44 8
946 1015 46 2
946 1081 5 1
946 1123 6 7
946 1124 48 2
946 1195 10 10
947 948 33 7
947 949 31 10
947 957 49 5
947 958 9 5
947 959 33 8
947 960 41 5
947 961 37 2
947 962 44 10
947 963 41 9
947 964 50 10
947 965 47 3
947 1107 10 6
948 949 30 8
948 966 36 5
948 967 4 3
948 1041 43 4
948 1083 23 6
948 1105 36 5
948 1145 21 6
948 1167 46 9
949 968 10 7
949 969 43 1
949 971 41 9
949 1005 33 6
949 1011 23 7
949 1042 26 5
949 1066 39 4
949 1145 32 10
956 1057 43 8
960 1125 42 3
962 1036 38 6
965 1199 18 10
970 971 48 9
970 972 44 7
970 973 36 2
970 974 27 2
970 975 25 7
970 976 33 1
970 977 25 2
970 978 21 9
970 979 10 1
970 980 44 7
970 1105 31 7
971 972 21 1
971 973 8 7
971 974 27 9
971 975 16 7
971 976 39 1
971 981 31 6
971 982 1 6
971 983 21 6
971 1012 2 8
971 1065 40 8
971 1145 32 5
972 743 12 9
972 973 9 10
972 974 23 7
972 975 48 7
972 976 39 8
972 984 15 6
972 985 18 7
972 1040 1 4
973 974 36 7
973 975 45 3
973 976 11 2
973 986 27 1
973 987 48 2
973 988 43 5
973 989 25 7
973 990 42 6
973 1005 2 9
973 1122 29 5
973 1123 20 1
973 1167 11 3
973 1170 26 5
974 975 41 7
974 976 35 9
974 991 23 1
974 992 28 2
974 993 18 4
974 994 47 10
974 995 3 10
974 996 37 3
974 1005 9 9
974 1041 33 3
974 1107 23 9
975 976 44 4
975 997 33 10
975 998 22 5
975 999 1 10
975 1000 26 4
975 1001 6 9
975 1002 9 4
975 1015 31 7
975 1081 27 7
975 1195 6 2
976 1003 15 5
976 1004 46 1
976 1067 21 6
976 1084 34 4
976 1146 24 7
976 1195 7 10
987 1048 28 6
998 1017 11 10
1005 1006 3 7
1005 1007 50 1
1005 1008 4 5
1005 1009 28 10
1005 1015 11 8
1005 1040 20 3
1005 1044 47 9
1005 1065 3 7
1005 1067 49 3
1005 1084 14 1
1005 1105 49 2
1005 1120 29 5
1005 1121 48 9
1005 1148 47 3
1005 1165 16 9
1005 1167 23 6
1005 1195 26 10
1010 1011 21 2
1010 1012 19 3
1010 1013 18 2
1010 1014 47 3
1010 1015 21 4
1010 1016 3 5
1010 1017 34 1
1010 1018 37 1
1010 1124 48 4
1010 1195 35 6
1011 1012 3 6
1011 1013 22 2
1011 1014 29 2
1011 1015 38 3
1011 1019 35 3
1011 1080 42 10
1011 1169 11 10
1012 1013 11 7
1012 1014 40 1
1012 1015 11 5
1012 1020 11 8
1012 1021 47 8
1012 1022 9 3
1012 1023 17 6
1012 1024 46 4
1012 1025 23 2
1012 1040 17 5
1012 1066 30 7
1012 1082 21 6
1012 1121 23 10
1013 1014 6 10
1013 1015 15 7
1013 1026 27 8
1013 1027 21 10
1013 1028 46 4
1013 1029 50 6
1013 1030 47 3
1013 1031 42 5
1013 1105 45 2
1013 1169 49 5
1014 1015 37 10
1014 1032 17 5
1014 1033 41 1
1014 1034 40 2
1014 1035 29 3
1014 1036 39 3
1014 1043 8 2
1014 1065 3 4
1014 1107 9 10
1014 1146 1 1
1015 1037 31 10
1015 1038 5 7
1015 1039 40 6
1015 1147 15 7
1015 1195 45 1
1019 1030 32 10
1021 1086 37 4
1024 1128 32 9
1025 1176 14 5
1028 1118 27 4
1036 1154 32 9
1040 1041 2 1
1040 1042 50 3
1040 1043 23 9
1040 1044 40 1
1040 1045 16 1
1040 1046 12 3
1040 1047 22 3
1040 1081 33 8
1040 1195 25 10
1041 1042 12 6
1041 1043 2 8
1041 1044 27 6
1041 1048 23 10
1041 1049 10 9
1041 1050 33 5
1041 1051 39 5
1041 1052 39 9
1041 1053 50 8
1041 1054 15 6
1041 1055 16 4
1041 1065 42 10
1041 1067 38 6
1041 1121 29 1
1041 1145 42 10
1041 1169 12 4
1042 1043 42 4
1042 1044 37 5
1042 1056 42 6
1042 1057 25 8
1042 1084 49 10
1042 1107 27 6
1043 1044 10 8
1043 1058 50 10
1043 1059 3 3
1043 1124 27 6
1044 1060 42 2
1044 1061 48 2
1044 1062 35 7
1044 1063 22 10
1044 1064 14 8
1044 1107 31 9
1044 1145 45 7
1044 1195 1 5
1058 1079 7 9
1065 1066 4 1
1065 1067 6 1
1065 1068 17 5
1065 1069 19 10
1065 1070 34 3
1065 1084 27 7
1065 1107 44 10
1065 1121 28 9
1065 1122 28 10
1065 1170 4 8
1065 1195 41 5
1066 1067 28 5
1066 1071 20 1
1066 1072 20 5
1066 1073 43 4
1066 1074 41 6
1066 1080 50 7
1066 1145 15 5
1066 1169 24 4
1067 1075 41 5
1067 1076 43 7
1067 1077 21 7
1067 1078 16 9
1067 1079 24 3
1067 1107 29 10
1067 1148 29 9
1067 1195 37 8
1080 1081 42 1
1080 1082 28 10
1080 1083 7 9
1080 1084 11 9
1080 1085 15 9
1080 1086 21 4
1080 1106 4 3
1080 1124 50 8
1081 1082 41 10
1081 1083 22 5
1081 1084 3 4
1081 1087 17 8
1081 1088 23 6
1081 1089 7 9
1081 1090 8 4
1081 1091 2 5
1081 1092 14 4
1081 1146 43 9
1082 1083 6 10
1082 1084 31 10
1082 1093 5 6
1082 1094 13 2
1082 1095 28 9
1082 1096 17 6
1082 1097 23 6
1082 1098 15 9
1082 1168 2 5
1083 1084 32 8
1083 1099 47 5
1083 1100 3 2
1083 1101 41 3
1083 1102 34 8
1083 1107 32 7
1083 1167 28 6
1083 1195 46 4
1084 1103 22 9
1084 1104 14 6
1084 1123 6 9
1084 1146 36 3
1084 1195 7 5
1103 1152 49 3
1105 1106 44 1
1105 1107 7 4
1105 1108 30 5
1105 1109 47 3
1105 1121 40 7
1105 1124 18 10
1105 1167 1 7
1106 1107 22 6
1106 1110 4 1
1106 1111 3 9
1106 1112 6 4
1106 1113 4 2
1106 1114 7 5
1106 1145 29 5
1107 1115 6 3
1107 1116 20 5
1107 1117 6 6
1107 1118 37 8
1107 1119 1 10
1107 1148 44 10
1107 1166 3 1
1107 1195 12 1
1120 1121 33 9
1120 1122 32 4
1120 1123 45 8
1120 1124 31 2
1120 1125 48 1
1121 1122 8 6
1121 1123 14 10
1121 1124 10 1
1121 1126 36 6
1121 1127 47 8
1121 1128 12 4
1121 1129 13 5
1121 1130 39 1
1121 1131 31 8
1121 1165 12 3
1121 1195 37 9
1122 1123 17 4
1122 1124 45 10
1122 1132 33 1
1122 1133 49 8
1122 1146 19 9
1123 1124 10 8
1123 1134 13 1
1123 1135 43 4
1123 1136 30 7
1123 1137 23 7
1123 1138 19 3
1123 1139 17 10
1123 1140 29 8
1123 1168 39 5
1123 1195 44 5
1124 1141 31 10
1124 1142 12 6
1124 1143 23 7
1124 1144 1 4
1124 1145 19 3
1125 1158 45 9
1133 1174 44 6
1145 1146 25 5
1145 1147 6 9
1145 1148 49 3
1145 1149 19 9
1145 1150 49 3
1145 1151 32 3
1145 1152 46 2
1146 1147 15 8
1146 1148 12 6
1146 1153 39 10
1146 1154 1 4
1146 1195 9 8
1147 1148 24 6
1147 1155 8 1
1147 1156 12 8
1147 1157 16 7
1147 1167 15 5
1147 1168 33 8
1148 1158 23 6
1148 1159 46 3
1148 1160 29 2
1148 1161 14 2
1148 1162 14 6
1148 1163 36 5
1148 1164 8 2
1165 1166 23 7
1165 1167 47 7
1165 1168 21 9
1165 1169 31 9
1165 1170 27 7
1165 1171 19 7
1165 1195 29 2
1166 1167 39 3
1166 1168 18 7
1166 1169 40 10
1166 1170 4 7
1166 1172 27 10
1166 1173 31 4
1166 1174 48 6
1166 1175 24 8
1166 1176 50 5
1166 1177 38 10
1166 1195 43 6
1167 1168 42 8
1167 1169 1 9
1167 1170 48 4
1167 1178 43 4
1167 1179 46 4
1167 1180 13 2
1167 1181 35 2
1168 1169 24 7
1168 1170 47 5
1168 1182 24 3
1168 1183 18 10
1168 1184 48 3
1169 1170 28 1
1169 1185 9 4
1169 1186 43 4
1169 1187 4 7
1169 1188 36 9
1169 1189 47 6
1169 1190 11 2
1170 1191 17 6
1170 1192 41 1
1170 1193 50 8
1170 1194 44 10
1195 1196 23 1
1195 1197 26 5
1195 1198 1 10
1195 1199 47 3

0 1060 16
1 940 9
2 156 17
3 951 56
4 680 31
5 1018 18
6 542 12
7 964 15
8 983 36
9 726 4
10 890 17
11 773 22
12 706 14
13 642 12
14 163 6
15 162 11
16 94 31
17 545 2
18 669 84
19 124 22
20 707 56
21 1089 4
22 213 39
23 1126 56
24 43 23
25 664 27
26 1190 19
27 121 56
28 933 9
29 216 40
30 194 18
31 207 20
32 1091 29
33 491 26
34 1143 38
35 814 20
36 403 18
37 76 12
38 824 14
39 549 28
40 892 36
41 22 14
42 70 26
43 877 14
44 655 65
45 20 46
46 34 11
47 246 18
48 483 10
49 280 39
50 289 1
51 538 24
52 435 9
53 544 28
54 1057 31
55 748 49
56 1131 20
57 172 58
58 87 7
59 1002 9
60 640 6
61 1054 21
62 770 13
63 1032 18
64 610 23
65 955 18
66 308 9
67 952 9
68 474 15
69 80 26
70 1155 17
71 374 18
72 452 5
73 1004 32
74 990 32
75 325 17
76 876 20
77 868 23
78 891 33
79 62 8
80 109 15
81 1055 6
82 244 34
83 588 4
84 138 2
85 1185 13
86 981 12
87 415 33
88 487 17
89 979 7
90 712 29
91 68 11
92 252 25
93 90 14
94 239 9
95 789 1
96 599 35
97 1000 32
98 716 26
99 622 49
100 1017 46
101 31 18
102 916 15
103 388 11
104 1135 25
105 202 57
106 685 13
107 568 35
108 886 16
109 915 17
110 1088 9
111 44 13
112 1072 14
113 158 17
114 320 21
115 823 6
116 79 30
117 5 10
118 110 18
119 596 21
120 872 37
121 1027 11
122 1110 14
123 313 41
124 214 35
125 18 35
126 1173 32
127 1068 4
128 612 11
129 1153 24
130 859 11
131 421 3
132 321 14
133 760 2
134 396 42
135 473 25
136 1070 22
137 188 46
138 1159 13
139 253 17
140 84 22
141 684 40
142 759 16
143 1048 23
144 488 18
145 535 5
146 597 18
147 749 14
148 516 15
149 322 4
150 450 23
151 1199 32
152 281 10
153 40 26
154 468 2
155 888 5
156 524 6
157 837 1
158 537 12
159 756 14
160 277 18
161 1052 16
162 1037 68
163 629 19
164 122 6
165 909 22
166 1056 43
167 987 64
168 1138 18
169 818 14
170 1164 5
171 273 8
172 826 7
173 282 53
174 992 11
175 592 4
176 66 27
177 867 4
178 769 30
179 117 35
180 950 22
181 469 8
182 164 39
183 686 9
184 1001 3
185 730 1
186 241 7
187 134 42
188 78 31
189 1119 1
190 189 26
191 69 16
192 523 15
193 225 35
194 652 81
195 766 46
196 205 25
197 1130 64
198 116 40
199 258 21
200 33 18
201 293 12
202 1050 17
203 1179 26
204 154 55
205 841 8
206 1077 43
207 13 54
208 928 3
209 785 32
210 72 21
211 546 7
212 812 11
213 1172 20
214 819 21
215 38 31
216 144 20
217 967 3
218 1009 30
219 324 12
220 234 22
221 899 2
222 968 4
223 954 47
224 1008 9
225 619 10
226 304 12
227 445 42
228 815 11
229 662 29
230 582 30
231 994 37
232 29 11
233 611 35
234 807 21
235 802 7
236 1197 16
237 350 54
238 486 30
239 887 5
240 863 14
241 136 12
242 409 14
243 1058 14
244 911 19
245 1092 19
246 593 39
247 552 47
248 503 32
249 977 7
250 803 5
251 562 30
252 682 40
253 1073 11
254 694 14
255 763 13
256 1046 6
257 141 13
258 151 43
259 224 23
260 709 44
261 1191 21
262 1007 48
263 82 13
264 833 14
265 329 18
266 1183 34
267 204 42
268 434 6
269 193 10
270 984 6
271 816 22
272 441 34
273 914 41
274 514 4
275 1129 36
276 738 44
277 587 28
278 772 15
279 811 53
280 728 22
281 318 42
282 337 18
283 659 15
284 646 31
285 217 39
286 956 56
287 515 9
288 792 20
289 278 24
290 262 59
291 520 12
292 873 49
293 551 20
294 695 8
295 1174 67
296 1178 55
297 786 60
298 23 13
299 57 50
300 416 18
301 323 16
302 112 14
303 454 36
304 286 1
305 896 23
306 864 13
307 861 8
308 753 2
309 1021 65
310 81 23
311 1075 13
312 15 33
313 1108 14
314 480 27
315 140 20
316 997 31
317 1020 11
318 790 42
319 1024 49
320 467 28
321 788 19
322 471 2
323 439 19
324 305 22
325 1150 28
326 404 29
327 870 21
328 507 19
329 48 5
330 895 5
331 844 24
332 1113 3
333 398 13
334 688 35
335 875 26
336 422 25
337 913 11
338 160 1
339 464 23
340 349 20
341 1059 2
342 1127 32
343 346 19
344 461 13
345 1053 34
346 319 40
347 1030 37
348 1196 9
349 569 27
350 379 47
351 550 15
352 698 18
353 237 18
354 884 9
355 737 14
356 628 28
357 1177 33
358 1016 1
359 658 25
360 73 16
361 248 26
362 567 8
363 1045 23
364 159 26
365 715 7
366 93 16
367 710 17
368 436 16
369 1078 4
370 465 67
371 1142 34
372 1116 9
373 667 7
374 894 12
375 463 33
376 734 23
377 638 2
378 608 22
379 842 9
380 1136 8
381 442 35
382 103 30
383 46 46
384 536 1
385 285 5
386 377 28
387 139 79
388 808 69
389 314 25
390 714 51
391 1149 5
392 1028 46
393 367 7
394 344 32
395 927 4
396 1085 8
397 729 22
398 1114 4
399 9 49
400 923 33
401 583 6
402 257 5
403 104 22
404 643 20
405 893 71
406 732 25
407 413 19
408 65 12
409 624 49
410 963 49
411 211 38
412 708 12
413 1103 34
414 348 29
415 339 16
416 1180 9
417 1171 13
418 1036 54
419 1152 31
420 238 45
421 371 7
422 444 14
423 1182 12
424 143 8
425 797 6
426 21 29
427 176 3
428 817 9
429 681 28
430 155 20
431 75 11
432 754 16
433 1090 5
434 150 31
435 235 27
436 1154 41
437 1175 16
438 853 33
439 1198 8
440 130 21
441 866 3
442 834 30
443 613 35
444 370 26
445 962 61
446 510 22
447 183 35
448 541 26
449 965 75
450 309 43
451 606 14
452 432 20
453 113 19
454 953 26
455 907 17
456 533 23
457 1069 38
458 647 19
459 982 10
460 180 48
461 572 12
462 402 5
463 574 10
464 1104 4
465 284 24
466 131 21
467 171 53
468 357 8
469 1157 33
470 424 33
471 292 5
472 423 14
473 203 6
474 985 5
475 1029 64
476 1156 4
477 1047 5
478 540 22
479 605 8

1 900000
