1200 5308 480 2

750

0 25 3000
1 50 5000
2 75 9000
3 100 13000
4 125 18000
5 150 25000
6 175 30000
7 200 38000
8 225 47000
9 250 56000

0 40000
1 30000
2 40000
3 30000
4 30000
5 40000
6 40000
7 40000
8 40000
9 40000
10 40000
11 30000
12 30000
13 30000
14 20000
15 30000
16 20000
17 20000
18 30000
19 30000
20 30000
21 30000
22 30000
23 30000
24 30000
25 30000
26 20000
27 20000
28 30000
29 30000
30 30000
31 30000
32 30000
33 30000
34 20000
35 40000
36 40000
37 40000
38 40000
39 30000
40 20000
41 30000
42 40000
43 40000
44 30000
45 20000
46 30000
47 40000
48 40000
49 20000
50 40000
51 30000
52 40000
53 30000
54 20000
55 40000
56 40000
57 30000
58 30000
59 20000
60 20000
61 30000
62 40000
63 20000
64 40000
65 40000
66 40000
67 40000
68 40000
69 20000
70 30000
71 20000
72 20000
73 30000
74 20000
75 30000
76 30000
77 40000
78 30000
79 30000
80 40000
81 30000
82 30000
83 30000
84 30000
85 40000
86 40000
87 40000
88 30000
89 30000
90 20000
91 30000
92 30000
93 40000
94 30000
95 40000
96 20000
97 30000
98 30000
99 30000
100 40000
101 40000
102 30000
103 20000
104 30000
105 20000
106 30000
107 20000
108 30000
109 30000
110 20000
111 40000
112 40000
113 40000
114 40000
115 40000
116 5000
117 40000
118 20000
119 30000
120 20000
121 30000
122 20000
123 30000
124 30000
125 20000
126 30000
127 40000
128 30000
129 20000
130 20000
131 30000
132 40000
133 40000
134 30000
135 40000
136 40000
137 40000
138 20000
139 30000
140 30000
141 20000
142 30000
143 30000
144 30000
145 20000
146 30000
147 30000
148 20000
149 30000
150 30000
151 30000
152 30000
153 40000
154 5000
155 20000
156 40000
157 20000
158 40000
159 40000
160 20000
161 5000
162 30000
163 30000
164 20000
165 20000
166 20000
167 40000
168 40000
169 40000
170 40000
171 30000
172 30000
173 40000
174 40000
175 40000
176 40000
177 30000
178 30000
179 30000
180 40000
181 20000
182 40000
183 40000
184 30000
185 20000
186 40000
187 40000
188 40000
189 40000
190 20000
191 40000
192 40000
193 30000
194 30000
195 40000
196 40000
197 20000
198 40000
199 40000
200 40000
201 40000
202 20000
203 20000
204 30000
205 30000
206 20000
207 30000
208 30000
209 20000
210 40000
211 40000
212 30000
213 40000
214 20000
215 20000
216 30000
217 20000
218 20000
219 30000
220 20000
221 30000
222 30000
223 20000
224 30000
225 40000
226 40000
227 40000
228 40000
229 40000
230 30000
231 20000
232 30000
233 30000
234 20000
235 20000
236 40000
237 30000
238 30000
239 30000
240 30000
241 30000
242 20000
243 40000
244 30000
245 30000
246 30000
247 30000
248 20000
249 20000
250 40000
251 40000
252 40000
253 40000
254 20000
255 20000
256 30000
257 40000
258 30000
259 20000
260 30000
261 40000
262 30000
263 30000
264 30000
265 30000
266 30000
267 20000
268 30000
269 40000
270 30000
271 30000
272 40000
273 5000
274 20000
275 40000
276 30000
277 30000
278 20000
279 30000
280 40000
281 40000
282 40000
283 30000
284 30000
285 20000
286 40000
287 20000
288 20000
289 20000
290 30000
291 40000
292 40000
293 20000
294 30000
295 40000
296 40000
297 20000
298 30000
299 30000
300 20000
301 20000
302 40000
303 30000
304 30000
305 20000
306 30000
307 20000
308 30000
309 5000
310 40000
311 40000
312 40000
313 40000
314 30000
315 30000
316 40000
317 40000
318 30000
319 30000
320 30000
321 30000
322 30000
323 30000
324 20000
325 30000
326 20000
327 30000
328 30000
329 30000
330 40000
331 40000
332 40000
333 40000
334 30000
335 20000
336 40000
337 30000
338 30000
339 20000
340 30000
341 40000
342 40000
343 20000
344 30000
345 40000
346 20000
347 40000
348 40000
349 40000
350 40000
351 40000
352 30000
353 40000
354 20000
355 30000
356 30000
357 5000
358 5000
359 40000
360 20000
361 30000
362 30000
363 40000
364 30000
365 20000
366 20000
367 30000
368 20000
369 20000
370 30000
371 20000
372 30000
373 20000
374 20000
375 40000
376 30000
377 30000
378 30000
379 40000
380 40000
381 40000
382 20000
383 20000
384 20000
385 30000
386 30000
387 20000
388 40000
389 20000
390 40000
391 40000
392 40000
393 40000
394 30000
395 30000
396 20000
397 30000
398 30000
399 20000
400 40000
401 20000
402 30000
403 20000
404 30000
405 20000
406 40000
407 30000
408 20000
409 30000
410 40000
411 40000
412 30000
413 20000
414 20000
415 40000
416 40000
417 20000
418 40000
419 20000
420 40000
421 20000
422 30000
423 30000
424 40000
425 30000
426 20000
427 30000
428 30000
429 20000
430 20000
431 30000
432 20000
433 40000
434 40000
435 30000
436 20000
437 40000
438 20000
439 40000
440 30000
441 30000
442 30000
443 30000
444 30000
445 40000
446 40000
447 40000
448 40000
449 40000
450 40000
451 30000
452 20000
453 20000
454 40000
455 20000
456 30000
457 30000
458 30000
459 20000
460 20000
461 30000
462 30000
463 20000
464 30000
465 30000
466 30000
467 40000
468 30000
469 20000
470 40000
471 40000
472 40000
473 40000
474 40000
475 40000
476 40000
477 30000
478 20000
479 40000
480 40000
481 30000
482 30000
483 30000
484 30000
485 40000
486 40000
487 20000
488 40000
489 40000
490 30000
491 20000
492 30000
493 30000
494 30000
495 30000
496 30000
497 30000
498 20000
499 30000
500 40000
501 20000
502 40000
503 40000
504 20000
505 40000
506 30000
507 40000
508 30000
509 20000
510 30000
511 40000
512 40000
513 5000
514 40000
515 40000
516 30000
517 30000
518 20000
519 40000
520 30000
521 30000
522 40000
523 40000
524 30000
525 40000
526 30000
527 40000
528 40000
529 30000
530 40000
531 40000
532 40000
533 40000
534 30000
535 30000
536 40000
537 30000
538 30000
539 30000
540 40000
541 20000
542 20000
543 30000
544 20000
545 40000
546 20000
547 20000
548 20000
549 30000
550 40000
551 40000
552 40000
553 40000
554 30000
555 30000
556 40000
557 30000
558 20000
559 30000
560 20000
561 20000
562 30000
563 20000
564 20000
565 40000
566 30000
567 40000
568 40000
569 30000
570 40000
571 20000
572 30000
573 30000
574 30000
575 40000
576 40000
577 40000
578 40000
579 40000
580 40000
581 40000
582 30000
583 40000
584 20000
585 30000
586 30000
587 40000
588 40000
589 30000
590 30000
591 30000
592 30000
593 30000
594 20000
595 20000
596 20000
597 20000
598 20000
599 30000
600 30000
601 30000
602 30000
603 20000
604 30000
605 20000
606 40000
607 40000
608 40000
609 20000
610 40000
611 40000
612 5000
613 40000
614 20000
615 40000
616 40000
617 40000
618 20000
619 40000
620 30000
621 30000
622 30000
623 20000
624 40000
625 20000
626 20000
627 40000
628 30000
629 30000
630 30000
631 20000
632 30000
633 40000
634 20000
635 5000
636 30000
637 30000
638 40000
639 30000
640 40000
641 20000
642 40000
643 40000
644 40000
645 40000
646 30000
647 20000
648 40000
649 40000
650 30000
651 5000
652 30000
653 30000
654 40000
655 30000
656 20000
657 20000
658 30000
659 30000
660 40000
661 40000
662 20000
663 30000
664 40000
665 20000
666 40000
667 40000
668 30000
669 30000
670 40000
671 40000
672 40000
673 40000
674 40000
675 20000
676 40000
677 20000
678 20000
679 30000
680 30000
681 30000
682 40000
683 40000
684 30000
685 30000
686 40000
687 20000
688 40000
689 40000
690 20000
691 30000
692 30000
693 30000
694 20000
695 30000
696 30000
697 30000
698 40000
699 40000
700 40000
701 40000
702 40000
703 20000
704 20000
705 40000
706 20000
707 40000
708 40000
709 40000
710 40000
711 30000
712 20000
713 30000
714 30000
715 40000
716 30000
717 30000
718 40000
719 30000
720 20000
721 30000
722 30000
723 20000
724 30000
725 20000
726 20000
727 30000
728 20000
729 30000
730 40000
731 40000
732 20000
733 40000
734 40000
735 20000
736 40000
737 40000
738 30000
739 20000
740 30000
741 5000
742 5000
743 5000
744 20000
745 40000
746 30000
747 30000
748 30000
749 40000
750 30000
751 30000
752 30000
753 30000
754 30000
755 30000
756 30000
757 20000
758 20000
759 5000
760 40000
761 5000
762 40000
763 30000
764 20000
765 40000
766 40000
767 40000
768 40000
769 40000
770 40000
771 40000
772 30000
773 20000
774 40000
775 20000
776 30000
777 30000
778 30000
779 30000
780 30000
781 40000
782 30000
783 30000
784 40000
785 30000
786 40000
787 40000
788 30000
789 40000
790 30000
791 30000
792 30000
793 30000
794 30000
795 40000
796 40000
797 30000
798 20000
799 30000
800 40000
801 30000
802 20000
803 40000
804 20000
805 40000
806 40000
807 20000
808 20000
809 40000
810 20000
811 30000
812 20000
813 40000
814 30000
815 30000
816 30000
817 20000
818 5000
819 5000
820 40000
821 40000
822 40000
823 40000
824 40000
825 40000
826 20000
827 30000
828 40000
829 40000
830 20000
831 30000
832 30000
833 20000
834 40000
835 40000
836 20000
837 30000
838 40000
839 40000
840 40000
841 30000
842 40000
843 30000
844 30000
845 40000
846 30000
847 30000
848 30000
849 30000
850 40000
851 40000
852 30000
853 30000
854 30000
855 20000
856 30000
857 20000
858 40000
859 30000
860 40000
861 40000
862 40000
863 30000
864 20000
865 40000
866 30000
867 30000
868 20000
869 30000
870 40000
871 40000
872 40000
873 40000
874 40000
875 20000
876 30000
877 30000
878 30000
879 30000
880 30000
881 40000
882 40000
883 30000
884 40000
885 30000
886 30000
887 20000
888 30000
889 30000
890 30000
891 40000
892 30000
893 30000
894 20000
895 30000
896 20000
897 5000
898 5000
899 40000
900 40000
901 20000
902 40000
903 30000
904 30000
905 30000
906 30000
907 30000
908 40000
909 30000
910 5000
911 40000
912 40000
913 30000
914 30000
915 40000
916 40000
917 20000
918 30000
919 20000
920 30000
921 30000
922 30000
923 30000
924 30000
925 20000
926 30000
927 40000
928 40000
929 5000
930 40000
931 40000
932 40000
933 40000
934 40000
935 30000
936 30000
937 20000
938 40000
939 40000
940 30000
941 40000
942 40000
943 40000
944 30000
945 20000
946 30000
947 30000
948 30000
949 20000
950 30000
951 40000
952 30000
953 30000
954 20000
955 40000
956 40000
957 30000
958 20000
959 30000
960 40000
961 40000
962 40000
963 40000
964 30000
965 20000
966 30000
967 20000
968 30000
969 20000
970 30000
971 30000
972 30000
973 40000
974 30000
975 20000
976 30000
977 20000
978 30000
979 30000
980 40000
981 20000
982 40000
983 20000
984 40000
985 30000
986 30000
987 40000
988 20000
989 30000
990 40000
991 20000
992 30000
993 20000
994 40000
995 20000
996 30000
997 20000
998 20000
999 5000
1000 30000
1001 40000
1002 30000
1003 30000
1004 30000
1005 40000
1006 40000
1007 40000
1008 40000
1009 40000
1010 40000
1011 20000
1012 40000
1013 20000
1014 20000
1015 30000
1016 30000
1017 30000
1018 30000
1019 30000
1020 30000
1021 30000
1022 40000
1023 40000
1024 30000
1025 20000
1026 30000
1027 20000
1028 30000
1029 30000
1030 30000
1031 30000
1032 30000
1033 20000
1034 30000
1035 20000
1036 30000
1037 30000
1038 40000
1039 40000
1040 30000
1041 30000
1042 30000
1043 30000
1044 5000
1045 5000
1046 30000
1047 20000
1048 5000
1049 5000
1050 40000
1051 40000
1052 40000
1053 40000
1054 40000
1055 40000
1056 20000
1057 30000
1058 30000
1059 20000
1060 30000
1061 30000
1062 30000
1063 30000
1064 30000
1065 30000
1066 40000
1067 30000
1068 30000
1069 20000
1070 30000
1071 30000
1072 20000
1073 30000
1074 20000
1075 40000
1076 40000
1077 40000
1078 30000
1079 20000
1080 40000
1081 20000
1082 30000
1083 30000
1084 40000
1085 40000
1086 30000
1087 30000
1088 20000
1089 30000
1090 40000
1091 40000
1092 20000
1093 40000
1094 30000
1095 20000
1096 20000
1097 30000
1098 30000
1099 20000
1100 20000
1101 5000
1102 20000
1103 30000
1104 20000
1105 20000
1106 30000
1107 40000
1108 20000
1109 40000
1110 20000
1111 40000
1112 5000
1113 30000
1114 20000
1115 40000
1116 30000
1117 30000
1118 20000
1119 30000
1120 40000
1121 40000
1122 40000
1123 40000
1124 40000
1125 40000
1126 40000
1127 30000
1128 20000
1129 30000
1130 30000
1131 20000
1132 40000
1133 40000
1134 30000
1135 30000
1136 30000
1137 40000
1138 30000
1139 30000
1140 30000
1141 30000
1142 20000
1143 20000
1144 30000
1145 20000
1146 20000
1147 20000
1148 40000
1149 40000
1150 40000
1151 5000
1152 5000
1153 20000
1154 40000
1155 5000
1156 5000
1157 30000
1158 30000
1159 30000
1160 30000
1161 20000
1162 20000
1163 40000
1164 30000
1165 20000
1166 40000
1167 30000
1168 30000
1169 30000
1170 40000
1171 30000
1172 30000
1173 30000
1174 30000
1175 40000
1176 40000
1177 40000
1178 20000
1179 40000
1180 30000
1181 30000
1182 40000
1183 30000
1184 30000
1185 30000
1186 20000
1187 30000
1188 20000
1189 20000
1190 40000
1191 20000
1192 40000
1193 20000
1194 30000
1195 20000
1196 5000
1197 20000
1198 5000
1199 40000

0 1 10 6
0 2 1 3
0 3 31 4
0 4 45 3
0 5 20 6
0 35 29 2
0 38 23 1
0 55 22 1
0 56 46 9
0 66 23 2
0 68 21 5
0 85 42 4
0 100 50 10
0 111 38 8
0 113 38 1
0 137 28 8
0 138 15 10
0 157 15 6
0 158 1 2
0 180 38 6
0 182 41 2
0 198 22 3
0 199 38 5
0 226 4 2
0 227 35 10
0 250 27 4
0 251 23 8
0 275 31 8
0 280 41 4
0 281 25 1
0 295 4 6
0 297 38 3
0 310 49 5
0 332 25 2
0 346 20 5
0 347 24 7
0 380 40 6
0 381 36 5
0 390 31 3
0 392 38 5
0 410 29 2
0 415 23 8
0 420 49 1
0 449 2 9
0 474 46 4
0 475 28 5
0 503 37 4
0 505 27 7
0 530 29 2
0 531 17 7
0 550 22 2
0 570 7 5
0 579 41 4
0 580 40 6
0 605 38 6
0 611 38 10
0 640 5 8
0 641 47 5
0 661 8 8
0 673 5 6
0 674 19 1
0 705 49 6
0 707 29 2
0 731 5 10
0 736 42 4
0 766 7 5
0 768 43 9
0 795 27 1
0 796 45 2
0 805 31 1
0 806 6 3
0 820 23 2
0 824 5 1
0 850 43 6
0 851 10 9
0 861 15 4
0 873 45 6
0 875 4 7
0 901 40 8
0 915 50 9
0 917 37 6
0 931 26 10
0 932 35 1
0 955 17 9
0 963 7 8
0 984 12 6
0 1010 32 8
0 1012 8 8
0 1051 15 8
0 1053 3 5
0 1075 18 5
0 1085 24 7
0 1093 32 9
0 1110 12 8
0 1111 2 6
0 1120 14 10
0 1145 31 5
0 1150 26 7
0 1176 4 6
0 1190 37 9
0 1191 29 10
1 291 7 10
1 774 33 1
2 714 2 5
3 179 6 3
3 454 32 8
5 6 24 4
5 7 39 3
5 8 37 5
5 9 4 8
5 10 23 4
5 11 28 9
5 12 1 1
5 13 26 10
5 14 48 10
5 15 21 3
5 16 9 6
5 37 40 7
5 101 30 7
5 112 26 3
5 135 4 3
5 181 42 9
5 227 21 7
5 252 27 2
5 275 16 4
5 391 10 4
5 420 23 6
5 448 1 1
5 570 26 9
5 580 25 10
5 605 21 9
5 706 13 1
5 806 14 2
5 870 27 10
5 955 31 4
5 980 23 8
5 981 12 3
5 1085 8 5
5 1147 8 7
6 7 23 3
6 8 48 3
6 9 23 5
6 10 10 10
6 17 39 8
6 18 19 1
6 19 8 9
6 20 27 6
6 21 2 2
6 100 50 3
6 135 6 7
6 198 25 10
6 227 48 3
6 332 31 7
6 347 38 6
6 419 13 5
6 552 48 4
6 821 19 5
6 900 35 1
6 901 20 9
6 960 21 8
6 1012 9 1
6 1076 13 10
6 1111 47 8
7 8 11 6
7 9 18 4
7 10 31 9
7 22 15 8
7 23 37 5
7 24 45 5
7 25 9 7
7 26 38 8
7 27 5 3
7 28 36 1
7 38 41 10
7 66 37 10
7 87 37 2
7 275 47 3
7 296 42 1
7 313 49 9
7 470 13 1
7 502 34 5
7 532 36 8
7 533 40 7
7 641 23 4
7 672 26 9
7 705 22 9
7 735 45 10
7 851 12 4
7 931 38 3
7 1052 35 8
7 1053 18 3
7 1085 13 2
7 1090 44 6
7 1092 49 1
8 9 20 4
8 10 9 10
8 29 23 1
8 30 34 4
8 68 29 6
8 87 2 3
8 156 27 2
8 410 22 1
8 607 21 8
8 661 34 5
8 796 29 8
8 851 5 2
8 861 32 5
8 872 47 1
8 1005 9 8
8 1075 48 6
8 1120 27 9
8 1148 17 7
8 1175 1 10
8 1176 41 9
8 1191 16 3
9 10 3 9
9 31 49 2
9 55 4 6
9 112 46 9
9 159 49 3
9 380 12 2
9 391 7 5
9 410 31 10
9 501 26 6
9 551 47 10
9 579 37 8
9 770 22 3
9 805 9 4
9 823 17 3
9 861 12 10
9 916 24 3
9 917 32 5
9 1123 44 7
10 32 17 4
10 33 7 7
10 34 5 4
10 55 42 8
10 182 34 3
10 199 34 3
10 252 5 1
10 280 3 2
10 296 9 5
10 310 34 4
10 330 23 4
10 345 25 3
10 381 9 6
10 445 38 6
10 472 31 8
10 642 27 8
10 661 5 3
10 671 35 6
10 736 8 8
10 767 6 3
10 796 13 8
10 931 9 1
10 955 23 10
10 962 39 8
10 1191 12 9
11 146 14 10
11 377 17 5
12 876 3 5
13 247 17 2
13 510 13 6
13 722 26 5
17 243 31 1
17 528 41 10
18 786 20 10
18 865 40 2
18 1028 23 6
20 701 12 3
21 588 34 1
21 630 14 5
22 39 11 4
22 858 16 8
22 912 39 7
26 1143 41 1
27 255 36 9
32 379 4 5
33 115 6 4
33 911 36 10
34 382 14 3
35 36 3 2
35 37 17 10
35 38 26 5
35 39 30 4
35 40 36 6
35 86 41 7
35 100 23 2
35 110 49 3
35 137 29 9
35 155 50 10
35 253 36 7
35 297 26 4
35 332 24 2
35 381 2 1
35 391 13 7
35 500 47 7
35 501 13 4
35 551 18 8
35 553 37 9
35 570 36 7
35 642 28 2
35 705 26 7
35 734 24 4
35 796 28 7
35 805 2 4
35 825 24 6
35 850 20 9
35 873 32 7
35 915 45 2
35 955 42 1
35 962 49 7
35 982 8 3
35 1075 31 9
35 1085 23 2
35 1111 30 10
35 1177 35 2
35 1190 24 7
36 37 11 6
36 38 47 6
36 41 39 7
36 42 17 1
36 56 9 10
36 65 8 9
36 137 49 8
36 156 18 7
36 182 47 4
36 195 20 9
36 252 1 2
36 275 28 9
36 295 5 7
36 345 39 7
36 393 46 9
36 447 3 6
36 448 4 8
36 578 44 6
36 608 31 7
36 641 3 6
36 661 16 4
36 770 36 8
36 807 30 10
36 916 48 9
36 982 33 1
36 1051 5 9
36 1091 18 5
36 1122 20 3
36 1124 50 9
36 1150 49 2
36 1190 29 4
37 38 9 9
37 43 35 10
37 44 8 9
37 45 36 9
37 46 30 5
37 47 6 1
37 48 26 7
37 67 7 1
37 100 20 5
37 110 47 1
37 228 31 2
37 281 32 9
37 282 37 7
37 332 50 8
37 381 48 4
37 410 42 4
37 420 38 4
37 473 6 4
37 530 23 7
37 579 46 5
37 732 10 3
37 796 8 4
37 860 20 5
37 933 41 2
37 961 13 3
37 1005 14 1
37 1012 23 8
37 1052 45 4
37 1076 34 8
37 1085 33 9
37 1146 26 7
38 49 30 5
38 50 43 6
38 51 16 6
38 52 27 5
38 53 32 8
38 54 45 4
38 56 21 1
38 86 29 4
38 181 37 4
38 200 12 8
38 229 2 6
38 310 25 9
38 311 17 6
38 346 6 6
38 410 9 5
38 415 30 9
38 471 28 5
38 532 28 4
38 605 3 7
38 661 42 2
38 670 30 2
38 671 27 7
38 705 33 9
38 766 16 10
38 824 20 1
38 850 34 3
38 861 28 7
38 872 9 4
38 901 17 3
38 902 29 3
38 934 30 8
38 1091 18 8
38 1177 48 8
40 911 28 4
40 1045 9 2
41 94 30 10
41 1132 12 5
42 791 8 2
42 1002 40 2
43 562 45 4
44 167 44 9
46 536 31 4
46 877 13 1
46 882 27 9
47 243 2 10
47 1113 34 10
48 520 50 8
50 386 29 1
50 460 29 7
51 216 33 8
52 304 10 4
52 542 19 3
53 140 16 1
53 173 50 5
53 431 12 2
53 699 25 6
54 634 2 5
55 56 27 3
55 57 7 4
55 58 4 3
55 59 26 7
55 60 38 7
55 67 3 2
55 86 12 7
55 100 37 7
55 101 13 10
55 113 2 5
55 158 4 6
55 180 50 2
55 181 23 5
55 200 40 7
55 225 5 4
55 229 39 4
55 254 1 10
55 275 47 10
55 280 12 3
55 296 47 6
55 311 44 10
55 312 34 1
55 330 7 6
55 345 42 4
55 380 27 9
55 390 49 3
55 391 10 10
55 419 30 2
55 502 29 1
55 533 19 4
55 550 27 1
55 570 28 10
55 579 44 3
55 607 42 3
55 642 13 4
55 643 35 7
55 660 20 9
55 670 11 10
55 675 4 10
55 732 41 8
55 796 23 3
55 825 36 10
55 850 10 6
55 860 19 9
55 871 9 2
55 902 46 8
55 916 14 10
55 930 6 2
55 955 25 9
55 963 29 3
55 1007 39 3
55 1009 30 10
55 1053 15 9
55 1076 2 9
55 1085 17 2
55 1090 32 7
55 1111 2 4
55 1120 37 8
55 1122 15 2
55 1147 9 4
55 1149 25 7
55 1175 49 4
55 1191 26 3
56 61 37 9
56 62 40 8
56 63 35 7
56 64 28 8
56 67 50 5
56 86 40 9
56 113 36 5
56 137 43 3
56 138 32 3
56 159 18 2
56 199 31 8
56 253 26 2
56 275 47 9
56 281 50 10
56 296 12 3
56 332 14 3
56 351 20 5
56 410 45 6
56 420 48 8
56 445 34 3
56 446 9 9
56 470 50 10
56 471 47 10
56 503 23 5
56 532 38 7
56 550 45 9
56 570 31 6
56 577 18 3
56 610 4 7
56 660 50 6
56 706 33 2
56 709 22 5
56 730 10 8
56 766 18 8
56 770 43 9
56 805 21 5
56 807 34 3
56 823 2 4
56 861 36 8
56 871 36 4
56 902 4 2
56 932 44 4
56 955 35 8
56 962 29 5
56 984 20 10
56 1051 8 2
56 1075 25 1
56 1085 4 6
56 1092 31 4
56 1111 11 10
56 1177 27 7
56 1190 25 3
57 511 31 10
57 1019 31 6
57 1073 23 2
58 515 40 10
60 217 38 5
61 317 28 6
62 204 49 5
62 656 23 5
63 161 11 6
63 583 28 4
64 266 28 10
64 1004 45 1
65 66 47 9
65 67 25 5
65 68 35 7
65 69 30 3
65 70 38 5
65 71 49 3
65 135 26 3
65 182 30 10
65 196 23 4
65 197 42 4
65 225 37 8
65 228 40 9
65 275 26 3
65 351 1 2
65 410 19 9
65 553 39 3
65 575 24 2
65 606 26 2
65 640 11 10
65 660 8 1
65 734 25 9
65 770 50 10
65 807 30 7
65 823 31 6
65 850 34 6
65 860 17 1
65 901 38 10
65 902 28 5
65 915 20 6
65 931 26 6
65 980 47 10
65 981 38 3
65 1006 20 3
65 1075 42 4
65 1085 36 1
65 1175 37 1
66 67 25 1
66 68 15 5
66 72 46 2
66 73 36 8
66 74 43 4
66 75 17 7
66 76 38 1
66 77 45 7
66 78 47 10
66 85 23 2
66 111 15 3
66 158 23 5
66 280 36 10
66 311 23 6
66 381 34 7
66 390 11 10
66 471 41 1
66 530 46 8
66 605 34 9
66 706 45 10
66 796 16 6
66 825 24 7
66 861 8 7
66 931 15 3
66 955 40 2
66 961 19 3
66 1012 39 2
66 1050 46 8
66 1076 22 4
66 1090 9 1
66 1145 49 4
66 1150 32 9
66 1176 36 9
66 1190 9 5
66 1191 42 2
67 68 10 4
67 79 16 8
67 80 2 3
67 81 43 5
67 86 3 9
67 101 24 9
67 137 48 2
67 159 19 2
67 275 49 3
67 282 18 6
67 295 2 4
67 297 15 1
67 332 40 10
67 346 19 2
67 391 24 3
67 420 5 8
67 502 2 9
67 503 43 6
67 531 43 10
67 550 37 3
67 570 30 2
67 661 41 2
67 671 10 3
67 766 32 3
67 796 48 5
67 806 6 6
67 1051 50 4
67 1085 50 8
67 1110 45 2
68 82 9 10
68 83 12 6
68 84 45 3
68 101 46 3
68 111 46 1
68 181 31 3
68 253 32 2
68 311 12 5
68 332 27 5
68 381 29 2
68 410 16 7
68 417 11 1
68 447 45 5
68 449 46 9
68 474 11 10
68 570 2 10
68 578 13 8
68 641 27 4
68 673 35 5
68 706 2 5
68 734 34 4
68 871 26 9
68 874 39 3
68 917 43 2
68 955 22 4
68 961 31 1
68 1091 35 2
68 1111 19 8
68 1120 20 1
68 1122 11 4
69 210 27 5
70 854 5 5
72 1125 17 8
72 1196 23 8
74 545 3 7
75 179 12 4
75 236 13 9
76 499 40 3
76 858 43 10
76 951 4 3
77 206 17 1
77 947 48 7
79 1087 16 7
80 477 42 1
81 543 47 7
82 241 17 9
83 1023 20 9
84 628 44 9
85 86 49 3
85 87 40 2
85 88 17 5
85 89 50 5
85 90 42 3
85 101 29 7
85 180 46 4
85 199 16 1
85 281 8 10
85 282 43 6
85 295 27 10
85 311 3 7
85 331 47 3
85 348 25 4
85 391 44 9
85 410 43 8
85 418 31 8
85 471 33 7
85 502 12 2
85 504 18 4
85 553 35 5
85 570 3 3
85 575 50 2
85 641 25 7
85 661 12 10
85 768 37 1
85 823 9 7
85 850 14 9
85 872 21 7
85 901 34 9
85 933 43 10
85 1051 41 10
85 1085 28 4
85 1122 27 8
85 1123 4 2
85 1147 6 5
85 1150 46 10
85 1177 13 4
85 1190 9 10
86 87 31 7
86 91 30 4
86 92 45 9
86 93 45 8
86 94 33 1
86 95 14 10
86 96 41 3
86 112 20 9
86 114 11 10
86 138 27 10
86 156 5 10
86 159 35 9
86 227 31 7
86 252 15 4
86 275 24 8
86 310 20 9
86 331 43 9
86 346 45 6
86 446 4 7
86 531 18 5
86 532 41 7
86 552 45 5
86 570 23 6
86 579 31 1
86 671 2 5
86 732 30 7
86 735 45 1
86 795 9 1
86 822 19 4
86 861 22 3
86 875 21 4
86 902 17 10
86 915 17 5
86 955 39 3
86 982 41 9
86 1085 38 6
86 1090 7 7
86 1091 20 6
86 1111 17 6
87 97 12 7
87 98 36 2
87 99 24 7
87 101 17 1
87 136 22 10
87 181 40 10
87 196 16 10
87 225 39 4
87 254 7 7
87 275 15 7
87 296 16 6
87 380 33 1
87 381 35 9
87 390 31 8
87 410 47 4
87 415 34 10
87 447 7 10
87 471 14 2
87 605 40 5
87 608 39 2
87 641 46 6
87 660 8 2
87 673 31 1
87 705 24 8
87 708 7 2
87 769 15 8
87 795 32 4
87 806 11 1
87 807 14 7
87 851 10 7
87 860 26 6
87 916 4 6
87 931 9 2
87 955 33 2
87 961 35 4
87 962 7 9
87 983 8 4
87 1011 28 1
87 1013 20 8
87 1053 41 3
87 1075 13 2
87 1076 26 8
87 1110 10 5
87 1177 21 1
87 1191 36 6
88 425 47 10
90 1056 19 8
91 461 16 6
91 755 33 6
92 488 21 1
93 849 32 2
93 1109 39 4
95 102 48 5
95 614 17 3
96 287 31 9
96 865 19 3
97 450 41 4
98 719 42 10
98 884 39 9
98 1126 35 5
99 361 21 1
99 516 25 4
100 101 33 10
100 102 31 1
100 103 26 3
100 104 35 2
100 105 6 6
100 110 50 2
100 135 18 4
100 157 23 9
100 200 44 8
100 252 43 1
100 253 9 3
100 275 5 3
100 281 14 6
100 295 1 5
100 311 25 3
100 313 11 4
100 330 35 4
100 392 20 4
100 410 50 3
100 416 22 3
100 446 31 1
100 475 26 1
100 531 13 6
100 570 38 10
100 578 1 7
100 609 39 7
100 610 7 6
100 642 2 3
100 643 7 8
100 660 27 9
100 670 46 1
100 705 44 4
100 768 43 3
100 795 21 5
100 796 14 2
100 806 9 7
100 807 24 2
100 822 19 7
100 824 43 4
100 860 28 2
100 875 5 10
100 901 9 1
100 915 18 10
100 931 21 3
100 934 17 1
100 955 28 10
100 960 23 2
100 961 14 2
100 984 9 3
100 1008 44 7
100 1012 43 4
100 1052 31 5
100 1053 36 6
100 1075 9 9
100 1085 31 4
100 1091 1 3
100 1092 13 8
100 1111 4 7
100 1121 19 7
100 1122 47 9
100 1176 6 10
100 1190 38 2
101 106 37 2
101 107 9 9
101 108 50 10
101 109 45 2
101 113 47 8
101 138 19 4
101 158 12 6
101 181 34 8
101 182 5 5
101 200 49 10
101 225 41 2
101 226 5 4
101 280 30 3
101 330 13 6
101 348 46 5
101 350 22 3
101 380 23 4
101 393 45 2
101 410 13 8
101 415 9 2
101 446 6 10
101 470 17 5
101 504 4 7
101 505 50 2
101 532 23 2
101 551 18 2
101 553 16 2
101 570 2 2
101 577 9 10
101 661 50 8
101 675 48 9
101 705 31 2
101 731 26 4
101 733 28 10
101 770 32 4
101 850 15 3
101 851 18 8
101 860 34 7
101 872 18 2
101 901 1 4
101 916 33 3
101 955 43 7
101 1076 33 4
101 1110 15 8
101 1145 38 2
101 1147 17 6
101 1175 17 6
101 1191 46 1
102 771 11 5
102 859 45 9
102 1020 25 7
107 1023 14 6
108 167 39 5
109 212 28 7
109 1024 32 8
110 111 37 1
110 112 4 8
110 113 27 9
110 114 32 2
110 115 10 4
110 116 39 1
110 117 49 6
110 135 12 4
110 275 16 3
110 297 50 9
110 311 8 4
110 347 31 1
110 348 36 8
110 410 24 10
110 570 9 1
110 577 28 9
110 606 30 2
110 661 17 9
110 705 47 7
110 733 31 6
110 861 43 7
110 902 7 8
110 1076 50 7
110 1124 35 1
111 112 46 5
111 113 46 5
111 114 7 10
111 118 48 2
111 119 16 7
111 120 41 3
111 121 13 7
111 135 19 1
111 228 20 2
111 250 16 2
111 281 31 6
111 505 1 6
111 552 4 7
111 577 10 3
111 641 36 2
111 661 28 9
111 708 48 10
111 795 50 4
111 807 30 10
111 901 24 2
111 915 27 8
111 955 45 6
111 1010 35 4
111 1013 24 2
112 113 41 6
112 114 10 8
112 122 32 3
112 123 35 4
112 124 31 3
112 125 25 8
112 126 7 5
112 155 37 6
112 156 49 10
112 181 18 3
112 198 37 1
112 253 16 7
112 275 32 8
112 280 1 6
112 310 6 2
112 392 40 1
112 500 40 1
112 550 10 2
112 570 23 4
112 674 47 4
112 872 10 2
112 916 39 6
112 955 13 6
112 980 49 9
112 1052 14 1
112 1085 15 1
112 1093 24 8
112 1190 50 9
113 114 20 10
113 127 16 6
113 128 23 3
113 129 36 5
113 130 23 6
113 131 34 3
113 132 24 6
113 133 38 2
113 199 26 5
113 226 15 7
113 331 27 8
113 381 25 3
113 392 40 9
113 418 43 2
113 446 14 2
113 470 26 6
113 474 40 5
113 672 49 1
113 736 38 6
113 795 50 9
113 805 41 1
113 824 47 5
113 875 39 8
113 1085 49 1
113 1111 50 10
113 1124 49 6
113 1177 18 8
114 134 11 9
114 181 49 5
114 331 25 1
114 415 18 1
114 449 3 6
114 530 38 9
114 533 18 6
114 610 21 4
114 641 20 7
114 768 15 4
114 770 3 10
114 820 16 4
114 850 49 4
114 861 17 9
114 932 28 6
114 962 45 1
114 982 19 5
114 1050 40 7
114 1076 36 3
114 1111 50 1
114 1146 22 1
114 1148 16 2
114 1175 45 6
114 1191 25 7
115 214 21 9
115 353 1 6
117 752 6 1
118 485 37 1
118 1100 2 8
120 683 44 4
126 1002 50 9
127 493 10 4
129 164 19 5
131 601 42 7
131 737 47 2
132 497 8 9
133 619 35 9
133 988 10 7
133 1134 15 7
134 776 29 7
135 136 49 2
135 137 22 4
135 138 14 8
135 139 4 6
135 140 6 7
135 141 7 8
135 142 31 3
135 143 50 1
135 195 35 4
135 228 11 1
135 250 35 3
135 275 13 9
135 380 35 4
135 416 10 5
135 471 27 7
135 503 14 2
135 530 44 2
135 532 42 1
135 550 13 5
135 611 13 10
135 641 45 5
135 661 34 3
135 734 40 5
135 765 10 5
135 796 17 10
135 807 40 6
135 822 9 10
135 851 11 5
135 861 41 9
135 874 49 2
135 900 35 5
135 916 1 4
135 955 35 10
135 1085 41 1
135 1092 42 2
135 1121 38 5
135 1145 30 8
135 1177 48 10
135 1191 14 4
136 137 46 3
136 138 30 1
136 144 48 8
136 145 27 4
136 146 43 9
136 147 19 7
136 148 14 8
136 149 8 4
136 150 44 2
136 151 8 6
136 155 14 5
136 157 44 6
136 181 48 6
136 275 4 5
136 280 49 8
136 313 50 3
136 349 18 4
136 381 34 7
136 390 43 6
136 501 27 7
136 570 25 3
136 672 35 7
136 705 6 4
136 766 1 8
136 851 17 3
136 875 13 7
136 900 26 4
136 955 21 8
136 963 20 4
136 980 11 1
136 1005 6 5
136 1076 9 5
136 1085 44 10
136 1090 35 7
136 1110 25 8
136 1191 6 4
137 138 24 8
137 152 48 3
137 153 35 3
137 182 19 4
137 200 30 5
137 282 47 9
137 392 1 4
137 410 31 8
137 417 34 4
137 449 20 8
137 470 32 7
137 551 39 2
137 578 23 5
137 580 46 7
137 610 3 8
137 642 6 10
137 670 16 2
137 709 29 8
137 796 17 10
137 805 17 4
137 860 28 2
137 961 11 6
138 154 21 7
138 226 16 10
138 254 30 7
138 296 8 7
138 297 35 9
138 312 46 5
138 330 31 4
138 331 48 10
138 345 29 3
138 410 36 10
138 448 7 5
138 660 16 10
138 733 36 8
138 823 16 4
138 916 36 6
138 930 50 8
138 934 49 3
138 1011 7 10
138 1051 9 10
138 1052 48 5
138 1076 50 6
138 1110 9 9
138 1120 4 9
138 1147 44 7
138 1175 22 4
140 314 15 5
140 520 48 3
143 664 44 1
143 698 5 5
144 464 35 1
146 241 10 8
146 832 22 6
147 488 11 8
149 233 6 3
153 521 32 4
155 156 23 7
155 157 21 7
155 158 1 3
155 159 17 8
155 160 46 1
155 161 24 5
155 195 39 8
155 416 29 5
155 472 34 1
155 552 21 3
155 709 9 4
155 732 45 8
155 796 23 8
155 917 45 6
155 931 41 9
155 1085 42 4
155 1110 13 7
155 1176 2 10
155 1191 17 1
156 157 23 7
156 158 47 10
156 159 11 2
156 162 46 3
156 163 25 6
156 164 33 3
156 165 23 7
156 166 18 6
156 167 30 4
156 227 41 3
156 275 29 1
156 380 29 4
156 410 16 6
156 416 41 6
156 473 39 1
156 501 28 2
156 530 15 9
156 551 25 1
156 570 38 10
156 605 6 4
156 643 40 1
156 661 15 1
156 675 18 7
156 768 32 5
156 807 36 8
156 820 19 6
156 871 35 6
156 900 14 3
156 901 19 2
156 917 46 3
156 955 32 1
156 984 32 4
156 1075 48 8
156 1085 8 8
156 1145 6 10
157 158 1 8
157 159 33 10
157 168 19 3
157 169 29 3
157 170 48 3
157 182 45 2
157 251 12 5
157 280 4 4
157 332 23 8
157 350 30 1
157 381 5 5
157 391 44 5
157 392 8 4
157 447 34 3
157 504 33 1
157 533 31 8
157 570 11 9
157 579 19 4
157 580 2 7
157 674 48 10
157 733 35 3
157 767 41 9
157 807 31 10
157 860 17 10
157 931 44 4
157 1075 42 1
157 1124 49 10
157 1176 49 9
157 1190 19 10
158 159 27 7
158 171 35 4
158 172 1 2
158 173 39 9
158 180 11 4
158 196 32 8
158 250 5 4
158 275 42 6
158 280 50 5
158 295 1 2
158 312 31 3
158 331 28 5
158 449 10 2
158 642 45 5
158 661 1 2
158 709 12 4
158 796 37 2
158 851 30 6
158 870 6 5
158 955 16 8
158 962 43 5
158 1009 4 4
158 1050 18 7
158 1053 7 2
158 1093 5 5
158 1121 29 3
159 174 16 10
159 175 1 9
159 176 33 6
159 177 46 6
159 178 26 8
159 179 37 5
159 227 35 1
159 295 44 4
159 349 38 3
159 410 17 9
159 609 48 2
159 823 46 1
159 850 11 1
159 860 23 9
159 962 38 9
159 1093 24 2
159 1111 26 9
159 1149 26 2
160 333 46 8
161 1059 6 8
163 1166 11 10
168 814 12 4
169 376 25 2
169 435 35 8
170 951 43 9
170 1024 46 8
171 517 12 2
171 913 11 6
171 974 49 6
173 175 46 5
173 859 50 2
174 482 1 7
175 772 4 7
176 877 50 3
178 400 1 9
178 829 46 2
178 847 6 8
179 520 19 3
179 1144 36 3
180 181 18 10
180 182 46 10
180 183 41 10
180 184 7 8
180 185 27 6
180 186 23 7
180 197 18 9
180 275 21 8
180 282 9 3
180 295 39 6
180 330 6 5
180 380 35 9
180 391 44 7
180 449 2 2
180 470 26 5
180 607 33 7
180 642 8 8
180 674 30 5
180 767 22 7
180 769 10 8
180 795 9 2
180 806 47 3
180 820 17 2
180 850 7 3
180 915 11 7
180 934 6 7
180 955 48 3
180 960 22 3
180 980 7 6
180 1006 8 2
180 1050 6 2
180 1076 1 9
180 1175 5 1
180 1190 22 2
181 182 50 8
181 187 40 5
181 188 45 8
181 189 42 3
181 190 30 4
181 191 17 8
181 192 42 1
181 226 25 2
181 229 14 9
181 251 6 4
181 253 3 4
181 297 47 1
181 312 6 2
181 313 1 4
181 332 30 2
181 350 2 9
181 393 34 6
181 410 3 3
181 420 16 7
181 500 14 6
181 502 32 2
181 532 15 1
181 570 35 1
181 579 33 8
181 670 12 7
181 708 2 1
181 796 8 5
181 820 6 8
181 860 15 10
181 861 49 1
181 870 10 10
181 900 37 10
181 902 14 9
181 917 32 3
181 930 21 7
181 960 3 8
181 1005 35 8
181 1050 24 3
181 1091 22 9
181 1111 10 3
181 1145 9 1
181 1146 21 2
181 1191 47 4
182 193 37 8
182 194 42 3
182 197 43 7
182 275 38 5
182 281 49 9
182 346 41 4
182 381 21 1
182 420 16 9
182 445 24 4
182 471 12 2
182 531 43 8
182 551 24 10
182 552 25 8
182 570 6 10
182 576 39 5
182 609 48 6
182 642 12 4
182 661 11 3
182 706 35 2
182 732 18 8
182 736 21 9
182 807 26 6
182 851 11 3
182 873 50 7
182 955 38 2
182 981 28 7
182 1076 11 8
182 1085 26 5
182 1092 22 7
182 1111 32 9
182 1124 49 6
182 1175 13 6
183 680 21 6
183 1169 23 7
184 1087 7 6
185 1152 49 5
186 423 40 10
186 996 2 9
187 593 39 2
188 542 21 5
188 634 13 9
188 720 28 5
188 947 33 3
189 601 29 9
189 832 6 10
190 213 33 10
190 1198 46 9
191 496 44 8
192 431 18 2
192 817 30 1
192 1068 28 4
193 524 14 8
193 762 44 7
193 1018 11 4
194 372 3 10
194 1199 46 1
195 196 30 3
195 197 22 10
195 198 8 7
195 199 3 2
195 200 36 1
195 201 33 3
195 202 30 2
195 203 11 9
195 204 15 4
195 225 25 10
195 250 4 7
195 410 30 10
195 505 10 9
195 570 22 8
195 577 15 10
195 609 2 4
195 807 11 9
195 851 47 10
195 1007 42 1
195 1110 9 8
195 1120 37 5
196 197 46 9
196 198 18 2
196 199 35 7
196 200 14 2
196 205 19 8
196 206 18 7
196 207 16 7
196 208 40 5
196 209 31 3
196 210 10 4
196 310 30 7
196 312 27 5
196 332 45 6
196 475 46 6
196 502 31 7
196 642 25 4
196 674 18 3
196 733 18 6
196 769 50 6
196 796 34 5
196 875 7 1
196 934 38 4
196 982 45 5
196 1076 24 9
196 1085 38 3
196 1120 19 6
196 1176 7 7
197 198 21 4
197 199 21 5
197 200 27 9
197 211 9 5
197 250 40 5
197 275 39 9
197 380 21 3
197 381 24 1
197 393 50 5
197 420 49 2
197 735 23 7
197 805 31 3
197 930 23 7
197 960 13 5
197 983 49 3
197 1085 5 6
198 199 3 8
198 200 24 9
198 212 43 1
198 213 48 1
198 229 15 6
198 282 6 6
198 297 23 10
198 410 27 4
198 552 25 9
198 660 27 4
198 824 7 5
198 825 11 7
198 916 6 7
198 1076 8 6
198 1175 7 9
199 200 1 3
199 214 36 4
199 215 21 3
199 216 18 7
199 217 13 6
199 218 21 4
199 219 48 8
199 220 9 1
199 280 23 6
199 330 22 10
199 346 29 4
199 348 34 4
199 448 47 8
199 449 40 5
199 530 6 3
199 551 20 1
199 660 35 10
199 708 14 7
199 709 26 6
199 766 24 7
199 851 47 5
199 860 49 9
199 861 5 10
199 901 19 4
199 902 8 1
199 955 39 3
199 1009 21 4
199 1050 40 2
199 1090 23 4
199 1150 37 9
199 1191 30 8
200 221 42 5
200 222 46 7
200 223 33 3
200 224 31 4
200 296 12 4
200 391 14 2
200 415 43 2
200 530 28 1
200 570 22 3
200 577 15 7
200 610 21 8
200 643 38 10
200 673 10 4
200 873 3 3
200 917 41 6
200 955 48 8
200 961 2 8
200 1054 29 1
200 1090 3 3
200 1150 40 5
200 1191 27 10
201 487 24 3
201 944 38 7
205 318 29 7
206 300 11 1
207 1173 16 7
210 668 15 2
211 620 24 6
212 314 5 3
213 220 31 7
213 394 6 9
213 438 30 2
215 421 32 4
216 567 4 4
216 839 34 8
218 596 43 6
220 720 34 5
221 514 11 9
224 987 27 1
225 226 15 9
225 227 33 5
225 228 13 6
225 229 41 9
225 230 22 6
225 231 21 10
225 232 4 4
225 233 18 6
225 234 23 10
225 235 13 9
225 236 34 8
225 252 24 2
225 275 42 2
225 280 3 6
225 295 9 2
225 312 9 10
225 313 2 6
225 330 35 9
225 350 17 5
225 381 42 1
225 570 14 2
225 675 49 2
225 706 4 2
225 820 7 3
225 851 2 6
225 900 8 4
225 916 4 3
225 931 13 2
225 960 40 9
225 1110 28 9
225 1120 11 9
225 1121 2 3
226 227 30 3
226 228 29 1
226 229 8 10
226 237 20 9
226 275 14 5
226 280 27 2
226 350 48 4
226 380 28 6
226 410 44 2
226 501 36 6
226 531 48 8
226 553 21 3
226 570 4 5
226 609 1 1
226 640 50 8
226 641 3 6
226 661 45 9
226 674 37 8
226 705 40 1
226 730 50 9
226 736 14 1
226 795 33 1
226 955 17 9
226 982 24 8
226 1052 19 9
226 1085 17 9
226 1091 49 9
226 1191 13 2
227 228 19 8
227 229 44 5
227 238 13 7
227 239 18 5
227 240 16 1
227 241 40 5
227 242 23 5
227 243 28 3
227 330 16 1
227 410 34 7
227 445 37 9
227 474 31 5
227 501 14 1
227 533 16 1
227 577 15 7
227 825 49 9
227 851 30 10
227 871 47 4
227 902 11 10
227 931 37 5
227 955 14 6
227 960 15 6
227 1085 27 8
227 1110 16 1
227 1147 9 3
227 1177 29 6
228 229 36 2
228 244 26 10
228 245 28 6
228 246 3 2
228 415 23 4
228 445 6 1
228 551 14 7
228 660 31 7
228 765 39 3
228 796 15 10
228 917 12 9
228 1007 4 5
228 1050 17 6
228 1076 16 3
228 1093 12 2
228 1145 16 6
228 1177 16 3
228 1190 41 9
229 247 48 10
229 248 8 5
229 249 11 1
229 250 33 2
229 295 13 5
229 392 38 5
229 393 20 5
229 415 12 1
229 473 30 4
229 575 6 6
229 608 11 10
229 767 36 5
229 805 18 8
229 860 41 4
229 875 17 9
229 983 39 2
229 1011 20 7
229 1076 39 2
232 527 36 7
234 835 12 6
235 682 42 10
236 541 2 8
238 946 18 10
243 590 5 8
243 890 49 9
243 1164 29 9
245 667 17 7
245 943 33 4
246 385 6 6
250 251 7 9
250 252 40 9
250 253 20 7
250 254 11 4
250 255 26 10
250 256 2 3
250 257 3 6
250 258 24 10
250 259 12 5
250 275 7 5
250 281 49 1
250 282 41 5
250 531 21 1
250 611 30 8
250 675 43 5
250 765 19 10
250 824 39 4
250 850 39 9
250 860 3 5
250 861 8 2
250 902 7 3
250 955 33 9
250 1052 4 7
250 1085 32 4
250 1111 35 4
250 1145 29 9
250 1191 36 5
251 252 35 10
251 253 1 7
251 254 47 4
251 260 13 8
251 261 29 2
251 262 3 6
251 263 19 1
251 264 15 4
251 295 11 4
251 313 20 1
251 331 3 8
251 345 45 1
251 551 50 7
251 570 16 10
251 660 41 4
251 661 27 2
251 675 6 6
251 806 4 10
251 955 24 9
251 984 26 6
251 1175 8 9
252 253 39 4
252 254 22 6
252 265 18 10
252 266 25 7
252 275 5 2
252 295 23 7
252 330 42 4
252 393 7 7
252 410 13 2
252 446 28 3
252 470 11 3
252 475 43 3
252 505 50 1
252 531 10 9
252 570 27 4
252 577 50 6
252 708 6 2
252 795 19 7
252 806 25 10
252 850 25 5
252 874 41 2
252 875 9 2
252 915 40 9
252 1012 50 1
252 1123 26 7
253 254 17 5
253 267 9 9
253 268 34 10
253 269 33 9
253 270 5 10
253 271 23 1
253 272 41 2
253 311 33 7
253 391 39 5
253 417 14 2
253 447 31 9
253 505 8 7
253 551 6 6
253 643 23 1
253 707 41 5
253 733 1 6
253 796 9 5
253 824 27 6
253 900 23 2
253 930 38 1
253 963 34 5
253 1050 43 5
253 1076 11 4
253 1120 30 9
253 1148 45 2
253 1175 30 1
253 1191 49 5
254 273 2 7
254 274 44 1
254 351 37 10
254 380 5 4
254 381 28 3
254 410 42 4
254 420 10 2
254 575 46 6
254 611 3 10
254 641 42 6
254 765 42 8
254 917 29 3
254 931 6 6
254 961 20 1
254 981 40 1
254 1006 20 1
254 1076 30 6
254 1085 45 8
254 1090 2 2
254 1093 15 3
254 1110 48 9
257 740 14 6
257 1017 42 5
259 929 46 8
260 683 50 9
260 1020 47 5
261 398 34 5
262 333 2 4
262 523 24 10
263 842 28 6
263 891 28 4
263 1182 6 6
263 1192 36 3
264 454 26 10
267 1023 34 4
268 903 30 5
269 1094 27 5
269 1100 14 1
272 1140 31 4
273 293 40 2
274 1077 15 10
275 276 3 8
275 277 31 6
275 278 43 8
275 279 36 9
275 280 43 7
275 282 18 4
275 297 41 8
275 311 45 8
275 312 35 9
275 332 31 6
275 347 50 6
275 350 5 9
275 380 22 7
275 391 7 4
275 392 3 1
275 410 18 7
275 415 33 6
275 416 35 2
275 449 11 3
275 472 45 3
275 500 30 10
275 504 36 9
275 531 6 8
275 532 33 2
275 551 9 3
275 552 22 2
275 570 27 9
275 576 35 8
275 579 24 2
275 607 26 8
275 610 37 3
275 640 18 9
275 642 39 3
275 660 47 9
275 671 19 4
275 674 50 8
275 705 24 3
275 707 40 8
275 731 21 1
275 734 35 10
275 769 4 6
275 795 20 6
275 805 12 9
275 806 2 1
275 822 15 8
275 824 14 8
275 850 37 3
275 851 19 5
275 860 45 7
275 861 12 4
275 874 46 10
275 900 40 7
275 902 32 4
275 915 18 9
275 916 21 8
275 930 22 5
275 931 9 5
275 955 40 10
275 961 45 9
275 963 49 1
275 980 42 7
275 1006 46 2
275 1013 31 3
275 1051 48 9
275 1053 26 4
275 1075 17 7
275 1076 45 6
275 1085 37 7
275 1093 5 8
275 1111 19 1
275 1124 16 2
275 1145 39 2
275 1176 32 6
275 1177 34 10
275 1190 27 6
275 1191 31 6
276 800 28 7
276 1144 40 2
279 881 47 4
280 281 42 6
280 282 21 10
280 283 40 5
280 284 20 9
280 285 13 9
280 286 48 7
280 287 16 7
280 288 23 2
280 295 2 5
280 297 36 2
280 311 20 5
280 347 5 4
280 410 50 7
280 474 6 9
280 531 5 6
280 550 27 3
280 607 24 10
280 642 17 1
280 643 35 6
280 660 36 5
280 769 50 9
280 796 36 10
280 807 38 10
280 851 13 9
280 861 5 8
280 875 9 3
280 902 8 1
280 930 40 1
280 955 23 10
280 984 13 4
280 1076 18 2
280 1092 5 8
280 1146 19 7
280 1190 38 1
280 1191 11 1
281 282 28 8
281 289 36 3
281 290 15 5
281 291 14 3
281 332 25 8
281 346 22 8
281 381 32 8
281 417 3 3
281 446 24 8
281 447 33 8
281 505 45 5
281 570 16 2
281 578 4 2
281 770 9 5
281 824 26 1
281 851 34 1
281 860 50 6
281 875 11 6
281 901 26 6
281 915 43 9
281 930 22 9
281 955 35 4
281 960 22 3
281 981 41 2
281 1010 9 5
281 1050 44 8
281 1076 35 10
281 1123 13 3
281 1150 6 6
282 292 43 1
282 293 10 6
282 294 23 9
282 310 4 10
282 330 29 8
282 391 1 6
282 393 42 10
282 410 3 4
282 415 27 6
282 474 25 2
282 505 17 7
282 531 49 1
282 550 48 5
282 570 1 2
282 578 7 7
282 606 26 2
282 661 13 4
282 671 24 6
282 674 50 3
282 705 3 9
282 706 17 10
282 730 14 3
282 734 37 9
282 807 20 7
282 823 9 10
282 917 43 1
282 961 27 4
282 1006 42 10
282 1054 1 4
282 1085 4 7
282 1091 7 1
282 1110 47 6
282 1111 37 1
282 1121 17 9
282 1176 3 4
282 1177 9 1
283 693 25 6
284 828 35 10
286 905 37 3
290 302 41 8
290 359 15 8
291 628 34 8
291 924 14 2
292 827 33 10
292 828 43 4
294 411 16 3
295 296 37 10
295 297 3 1
295 298 29 2
295 299 44 7
295 300 44 7
295 301 10 2
295 302 27 10
295 303 3 6
295 312 24 8
295 347 4 5
295 390 13 9
295 410 26 10
295 445 27 2
295 448 12 5
295 473 36 9
295 552 18 4
295 570 35 5
295 660 6 9
295 672 22 4
295 708 47 3
295 765 38 1
295 795 16 3
295 825 35 10
295 850 12 6
295 901 40 8
295 931 4 10
295 955 7 2
295 961 5 10
295 982 37 8
295 1085 37 7
295 1147 9 3
295 1149 12 3
296 297 23 4
296 304 42 3
296 305 49 3
296 306 6 3
296 307 20 9
296 308 30 2
296 310 31 5
296 330 45 5
296 331 7 3
296 380 31 4
296 415 16 2
296 472 49 7
296 502 40 8
296 503 45 1
296 533 10 1
296 551 43 3
296 570 3 4
296 577 46 4
296 610 22 1
296 611 8 6
296 661 24 1
296 672 31 10
296 705 17 7
296 735 32 5
296 769 16 5
296 806 3 6
296 807 42 6
296 860 6 9
296 870 46 2
296 871 16 9
296 916 15 5
296 933 25 4
296 955 24 3
296 963 28 10
296 984 17 7
296 1008 4 9
296 1050 21 3
296 1075 10 2
296 1090 34 1
296 1111 22 3
296 1122 42 10
296 1191 36 9
297 309 12 5
297 349 1 2
297 380 15 7
297 393 18 6
297 410 45 7
297 417 20 5
297 531 46 8
297 575 12 10
297 640 18 1
297 643 18 7
297 736 32 5
297 796 28 6
297 821 35 3
297 850 1 4
297 860 41 10
297 902 34 9
297 915 17 10
297 1008 14 7
297 1052 22 8
297 1075 20 3
297 1085 4 5
297 1092 8 4
297 1110 37 9
297 1124 3 7
297 1175 16 2
297 1177 50 2
299 621 3 1
299 686 23 1
303 512 7 6
303 582 42 5
305 951 3 6
306 333 28 9
310 311 14 6
310 312 21 2
310 313 2 10
310 314 9 8
310 315 8 8
310 316 8 10
310 317 28 3
310 318 6 5
310 319 49 8
310 320 21 1
310 381 14 9
310 417 32 7
310 445 24 3
310 471 11 3
310 500 22 8
310 532 5 1
310 570 13 1
310 606 50 9
310 705 46 1
310 732 30 8
310 795 49 1
310 796 44 8
310 805 46 8
310 821 47 9
310 901 28 6
310 981 16 3
310 1050 47 10
310 1149 35 5
311 312 28 3
311 313 31 7
311 321 20 4
311 322 19 3
311 330 21 9
311 380 37 10
311 390 7 3
311 449 22 6
311 472 5 9
311 575 4 7
311 580 22 9
311 641 29 9
311 707 19 10
311 731 6 1
311 769 30 5
311 807 3 10
311 825 10 7
311 851 13 6
311 860 20 10
311 861 37 7
311 932 41 9
311 933 31 4
311 955 47 1
311 1013 8 2
311 1050 34 9
311 1075 36 5
311 1091 9 6
311 1120 2 7
311 1190 2 7
311 1191 49 8
312 313 2 4
312 323 14 1
312 324 39 1
312 325 24 9
312 326 42 8
312 390 16 6
312 410 22 2
312 418 37 9
312 500 30 3
312 530 15 4
312 553 19 4
312 570 29 7
312 610 28 4
312 660 37 1
312 671 26 2
312 672 40 1
312 765 11 7
312 870 22 5
312 875 21 1
312 916 2 5
312 955 32 1
312 963 43 3
312 1012 10 2
312 1085 3 2
312 1091 5 5
312 1111 4 9
312 1123 38 7
312 1176 31 2
313 327 41 5
313 328 27 7
313 329 23 5
313 348 21 3
313 410 10 10
313 552 39 3
313 642 19 4
313 660 44 7
313 900 23 8
313 961 8 9
313 984 22 4
313 1075 11 8
313 1085 10 1
313 1111 9 8
313 1147 13 1
313 1176 18 2
314 838 15 10
314 908 38 9
315 476 46 2
316 339 13 7
316 484 19 4
317 367 1 5
318 905 47 6
319 615 39 9
321 587 7 2
324 548 20 9
325 840 27 6
326 1151 47 1
329 942 4 5
330 331 30 7
330 332 21 4
330 333 4 6
330 334 39 8
330 335 41 3
330 336 15 3
330 337 7 2
330 338 40 7
330 345 43 4
330 391 5 2
330 417 36 7
330 420 50 9
330 532 46 7
330 553 42 8
330 570 12 1
330 642 25 5
330 661 23 8
330 670 30 10
330 734 24 2
330 770 11 9
330 795 11 3
330 805 50 8
330 825 44 4
330 874 26 7
330 875 45 6
330 901 35 2
330 902 17 5
330 915 27 7
330 916 44 9
330 955 29 1
330 1013 50 9
330 1050 7 10
330 1085 3 10
330 1090 46 2
330 1175 49 8
331 332 45 3
331 339 8 3
331 340 13 2
331 341 28 2
331 342 46 6
331 381 28 10
331 410 21 5
331 449 36 6
331 474 23 6
331 501 27 1
331 531 44 10
331 610 35 2
331 640 42 6
331 670 9 8
331 708 35 1
331 766 13 9
331 796 29 8
331 806 6 4
331 860 49 10
331 933 14 4
331 960 24 9
331 963 42 1
331 1075 6 9
331 1076 49 10
331 1085 7 9
331 1111 21 10
331 1176 22 9
331 1191 8 6
332 343 16 10
332 344 18 9
332 345 29 1
332 393 11 1
332 445 17 6
332 473 9 9
332 552 36 8
332 578 19 8
332 579 46 4
332 606 18 5
332 661 41 7
332 732 5 2
332 820 3 5
332 851 8 6
332 861 39 9
332 930 42 5
332 955 14 6
332 981 23 5
332 982 24 5
332 1010 21 1
332 1053 36 5
332 1090 30 5
332 1111 50 10
332 1120 12 7
332 1121 5 1
332 1145 20 1
332 1149 46 2
334 394 40 7
334 959 39 4
336 1058 13 2
339 1074 16 9
341 817 14 3
341 1183 43 4
342 622 50 3
342 865 32 1
344 652 18 7
344 862 2 7
345 346 40 10
345 347 35 2
345 348 37 1
345 349 25 9
345 350 19 1
345 351 33 6
345 352 18 10
345 353 29 7
345 354 21 10
345 355 14 3
345 356 26 5
345 530 12 1
345 570 40 9
345 580 7 9
345 661 37 4
345 765 18 2
345 805 24 2
345 902 35 5
345 1053 26 8
346 347 33 4
346 348 30 3
346 349 18 2
346 350 12 9
346 351 10 2
346 357 6 5
346 358 46 7
346 359 49 7
346 418 15 8
346 470 19 6
346 796 49 7
346 984 50 10
346 1149 23 8
346 1176 16 8
346 1190 7 2
347 348 48 8
347 349 31 8
347 350 6 4
347 351 2 10
347 360 1 9
347 361 10 8
347 362 33 5
347 363 30 4
347 364 16 3
347 390 4 4
347 410 7 1
347 643 13 7
347 661 18 9
347 708 43 8
347 709 4 2
347 824 18 6
347 850 38 5
347 934 12 6
347 955 46 1
347 1012 35 9
347 1085 32 10
347 1111 22 4
347 1122 42 4
347 1190 40 6
348 349 18 9
348 350 26 5
348 351 25 1
348 365 25 4
348 366 21 1
348 367 8 2
348 368 15 9
348 369 34 10
348 370 36 6
348 380 1 1
348 415 6 9
348 445 27 6
348 552 31 10
348 570 11 7
348 643 4 4
348 670 38 1
348 736 43 8
348 796 38 3
348 805 41 7
348 861 15 6
348 901 1 7
348 981 5 10
348 1085 26 1
349 350 30 1
349 351 22 3
349 371 8 10
349 372 47 6
349 373 44 2
349 381 37 5
349 447 4 5
349 504 10 2
349 530 7 5
349 553 11 5
349 606 49 6
349 733 43 3
349 770 45 10
349 861 44 6
349 1006 7 4
349 1075 8 2
349 1076 38 6
349 1091 27 8
349 1123 32 6
350 351 23 6
350 374 14 9
350 375 9 10
350 376 12 4
350 392 8 7
350 410 47 6
350 475 12 9
350 608 32 2
350 675 43 2
350 916 33 8
350 917 27 6
350 931 42 6
350 1111 2 3
351 377 28 4
351 378 44 2
351 379 13 7
351 503 45 4
351 577 50 9
351 823 4 2
351 870 11 7
351 874 40 3
351 955 47 8
351 962 37 2
351 963 19 3
351 1052 27 6
351 1090 2 4
351 1147 29 4
351 1176 18 2
352 638 4 8
352 667 49 4
353 663 36 9
359 1040 33 6
361 1017 49 8
361 1022 28 7
362 406 46 9
362 583 49 9
362 666 45 10
363 482 29 4
363 1097 45 9
364 956 41 4
370 755 21 5
371 1154 42 8
375 495 28 1
376 556 17 6
376 927 4 1
376 1055 19 9
378 633 34 3
378 992 30 9
380 381 36 5
380 382 8 7
380 383 1 1
380 384 32 2
380 385 46 3
380 392 11 9
380 472 38 9
380 501 3 1
380 504 12 1
380 532 43 10
380 550 8 1
380 570 2 8
380 578 35 3
380 580 33 4
380 606 6 5
380 640 39 6
380 660 39 5
380 706 30 10
380 730 47 2
380 807 38 5
380 820 23 6
380 822 46 5
380 851 14 2
380 917 49 10
380 930 10 6
380 933 48 4
380 955 47 8
380 981 11 9
380 1008 6 9
380 1010 17 6
380 1075 37 5
380 1085 20 5
380 1093 21 4
380 1111 20 8
380 1124 11 3
380 1147 24 8
380 1150 23 6
380 1175 44 9
380 1176 50 5
380 1190 43 6
380 1191 18 8
381 386 31 6
381 387 31 10
381 388 9 2
381 389 37 4
381 393 13 8
381 410 23 9
381 416 24 1
381 417 26 3
381 447 1 3
381 448 25 5
381 472 40 6
381 533 43 5
381 550 49 6
381 570 21 2
381 609 27 3
381 641 35 4
381 661 1 2
381 671 13 9
381 674 37 4
381 706 18 6
381 735 32 1
381 767 38 1
381 768 29 1
381 795 10 9
381 806 8 9
381 860 36 2
381 861 47 2
381 873 10 8
381 874 6 5
381 901 10 10
381 915 23 9
381 955 45 2
381 960 16 2
381 961 19 1
381 981 40 4
381 1050 36 10
381 1053 17 7
381 1075 3 6
381 1093 27 8
381 1110 27 1
381 1121 10 5
388 840 46 5
388 1020 44 3
390 391 48 4
390 392 23 1
390 393 28 8
390 394 26 4
390 395 38 10
390 396 29 1
390 397 18 9
390 410 22 2
390 446 48 1
390 500 4 2
390 503 32 2
390 578 35 3
390 608 24 3
390 609 21 2
390 661 22 4
390 765 50 8
390 795 41 1
390 796 39 1
390 806 27 10
390 807 31 3
390 860 24 4
390 901 27 5
390 915 10 7
390 934 42 8
390 981 2 1
390 1053 13 8
390 1111 35 10
390 1191 26 1
391 392 33 7
391 393 2 8
391 398 45 8
391 415 43 3
391 533 45 6
391 551 17 10
391 553 17 9
391 570 44 1
391 670 32 3
391 822 15 8
391 850 42 9
391 860 28 1
391 962 23 7
391 984 23 8
391 1051 14 8
391 1076 47 7
391 1110 5 7
391 1123 8 10
391 1149 31 1
392 393 12 10
392 399 10 9
392 400 48 7
392 401 31 6
392 402 26 3
392 403 40 8
392 419 23 9
392 473 20 4
392 531 28 4
392 570 17 4
392 642 19 6
392 660 46 6
392 706 30 3
392 851 2 7
392 875 45 4
392 916 37 10
392 931 10 6
392 955 20 2
392 1012 22 2
392 1075 36 4
392 1091 44 5
392 1148 8 5
392 1175 37 7
393 404 32 10
393 405 11 3
393 406 9 4
393 407 6 10
393 408 36 8
393 409 21 2
393 410 2 2
393 445 4 5
393 472 27 3
393 580 46 8
393 642 43 2
393 673 30 1
393 709 22 3
393 733 26 9
393 736 26 7
393 769 22 8
393 822 43 1
393 871 39 8
393 901 43 9
393 955 6 7
393 962 35 10
393 1012 28 1
393 1085 19 9
393 1090 48 6
393 1123 38 7
393 1177 3 6
393 1190 13 10
396 645 36 9
396 678 21 10
396 809 25 6
398 695 3 5
398 899 40 1
399 819 21 4
399 836 45 4
400 662 34 2
401 491 27 8
402 543 8 6
402 1080 1 2
404 543 43 5
408 775 44 8
408 1125 7 7
410 411 24 10
410 412 32 7
410 413 27 4
410 414 3 3
410 415 4 9
410 418 2 5
410 446 48 8
410 448 37 2
410 470 47 1
410 475 40 4
410 505 10 2
410 530 1 1
410 532 2 7
410 551 15 3
410 570 27 2
410 576 30 4
410 577 33 5
410 605 6 8
410 610 33 4
410 642 40 9
410 661 35 4
410 672 47 4
410 675 42 4
410 706 9 8
410 730 24 4
410 736 27 10
410 765 26 9
410 770 29 7
410 795 41 2
410 796 16 3
410 806 24 6
410 820 29 8
410 823 18 10
410 851 36 8
410 860 38 8
410 861 28 4
410 874 41 1
410 875 27 4
410 900 21 7
410 901 15 5
410 915 17 9
410 917 42 10
410 931 30 1
410 932 27 1
410 955 21 1
410 960 1 3
410 961 16 5
410 981 34 2
410 983 2 1
410 1007 27 9
410 1011 21 1
410 1050 34 3
410 1053 19 4
410 1076 12 7
410 1085 26 10
410 1090 29 2
410 1091 22 9
410 1110 29 9
410 1111 48 9
410 1120 49 9
410 1121 33 1
410 1145 9 1
410 1149 47 9
410 1175 15 2
410 1177 45 8
410 1190 18 5
411 943 1 2
411 956 35 9
412 854 11 3
412 1043 39 9
412 1182 5 1
415 416 27 7
415 417 48 6
415 418 9 1
415 419 39 8
415 420 39 8
415 421 16 9
415 422 6 9
415 423 27 9
415 424 40 10
415 425 46 2
415 426 9 3
415 427 42 10
415 531 27 3
415 734 14 4
415 861 47 4
415 934 33 2
415 962 15 10
415 963 27 10
415 1053 48 3
415 1075 49 4
415 1076 42 9
415 1110 24 9
415 1148 20 3
415 1175 41 3
415 1191 27 10
416 417 26 1
416 418 47 1
416 419 3 9
416 420 3 4
416 428 20 7
416 429 45 10
416 430 40 7
416 431 47 2
416 432 38 1
416 552 6 10
416 570 7 10
416 610 23 8
416 769 40 5
416 806 4 5
416 860 50 4
416 900 18 1
416 917 10 2
416 955 34 3
416 1005 8 10
416 1085 34 8
416 1122 2 1
416 1191 42 10
417 418 31 10
417 419 27 10
417 420 15 7
417 433 2 10
417 504 3 4
417 553 3 5
417 640 14 10
417 820 45 5
417 851 34 8
417 870 17 3
417 871 24 1
417 955 13 9
417 1092 8 9
417 1110 37 1
417 1150 4 5
418 419 13 2
418 420 35 4
418 434 3 6
418 435 21 4
418 436 34 7
418 437 30 7
418 575 5 7
418 576 15 2
418 661 7 3
418 705 50 1
418 770 21 3
418 795 2 1
418 806 46 9
418 824 19 10
418 1123 21 2
419 420 9 5
419 438 46 5
419 439 12 4
419 445 36 9
419 471 39 9
419 570 46 7
419 608 10 9
419 643 8 1
419 660 32 9
419 670 38 9
419 673 26 5
419 709 30 2
419 851 49 10
419 900 29 3
419 983 24 4
419 1010 14 4
419 1177 12 2
420 440 25 8
420 441 35 3
420 442 8 4
420 443 24 3
420 444 17 1
420 447 9 9
420 473 3 10
420 501 10 5
420 533 34 6
420 735 44 9
420 915 34 5
420 934 41 4
420 981 31 8
420 1052 42 8
420 1091 10 6
423 1125 20 3
423 1163 14 4
424 477 12 6
424 507 28 1
426 808 39 4
427 682 2 3
428 1001 9 4
433 885 4 6
433 987 35 3
434 914 7 3
434 1079 44 4
437 566 42 4
439 561 29 8
439 1134 16 10
444 464 39 2
445 446 20 5
445 447 9 6
445 448 46 9
445 449 22 10
445 450 23 4
445 451 39 1
445 452 16 9
445 453 24 1
445 454 40 5
445 470 47 5
445 530 8 3
445 550 26 1
445 643 19 8
445 766 25 4
445 806 17 5
445 850 40 2
445 875 35 6
445 900 21 9
445 915 4 2
445 1085 3 9
445 1091 46 8
445 1121 5 9
446 447 10 6
446 448 25 8
446 449 16 10
446 455 49 5
446 456 4 5
446 570 3 5
446 606 1 10
446 642 29 8
446 660 42 3
446 676 3 6
446 730 42 3
446 732 29 4
446 861 8 6
446 870 29 5
446 901 13 6
446 955 24 3
446 962 24 5
446 1075 30 3
446 1110 5 6
446 1145 40 9
446 1147 29 7
446 1176 49 2
446 1190 46 3
447 448 27 9
447 449 12 7
447 457 50 6
447 458 14 4
447 459 49 6
447 460 8 1
447 470 16 2
447 502 16 10
447 550 48 8
447 576 42 10
447 660 44 8
447 768 46 6
447 795 3 9
447 824 29 4
447 851 24 5
447 933 34 3
447 934 4 4
447 980 47 2
447 1054 36 8
447 1076 36 8
447 1091 3 8
447 1110 6 4
447 1124 9 5
447 1176 44 3
447 1191 45 9
448 449 46 8
448 461 26 2
448 462 48 9
448 463 1 10
448 464 41 3
448 465 35 3
448 610 14 10
448 676 39 8
448 709 35 1
448 806 20 10
448 916 15 9
448 981 25 5
448 1006 33 8
448 1013 47 10
448 1051 13 5
449 466 10 7
449 467 18 6
449 468 34 8
449 469 40 1
449 504 17 10
449 530 31 4
449 570 26 8
449 575 40 3
449 708 34 1
449 824 48 1
449 861 48 3
449 955 3 9
449 963 28 8
449 1085 39 3
450 737 28 9
451 1084 1 3
451 1141 8 6
452 463 39 1
455 1107 17 1
457 787 29 1
458 973 39 3
460 819 2 5
461 935 8 3
462 492 40 2
464 602 35 5
465 538 42 6
465 616 18 2
465 1183 23 5
466 1137 36 4
467 477 45 6
467 583 23 4
467 935 50 2
468 1039 1 7
470 471 7 3
470 472 16 10
470 473 16 1
470 474 23 2
470 475 6 3
470 476 37 8
470 477 35 4
470 478 37 10
470 479 21 2
470 480 30 2
470 481 15 2
470 505 48 3
470 531 5 6
470 579 45 5
470 643 49 3
470 660 44 2
470 675 4 10
470 875 30 2
470 933 28 7
470 960 39 4
470 1075 22 7
470 1090 34 3
470 1177 6 9
471 472 11 9
471 473 2 2
471 474 11 7
471 475 6 9
471 482 49 9
471 570 42 6
471 709 39 5
471 767 25 3
471 769 4 5
471 955 44 9
471 1076 40 7
471 1085 2 5
471 1110 10 3
471 1124 7 4
471 1175 31 5
472 473 28 6
472 474 22 1
472 475 22 6
472 483 15 7
472 484 15 5
472 485 33 5
472 486 11 10
472 501 45 2
472 661 23 7
472 795 46 8
472 806 23 8
472 851 50 9
472 860 27 10
472 916 31 3
472 934 24 9
472 981 37 7
472 1010 9 8
472 1011 18 2
472 1111 16 9
472 1121 24 1
472 1190 11 9
473 474 24 3
473 475 35 4
473 487 46 2
473 488 10 9
473 489 14 6
473 490 16 2
473 491 23 10
473 553 11 2
473 670 31 3
473 706 18 9
473 796 33 6
473 851 25 5
473 984 21 8
473 1051 7 10
473 1054 40 2
473 1085 13 9
473 1093 10 10
473 1190 13 2
474 475 24 7
474 492 44 1
474 493 34 7
474 530 6 9
474 570 32 6
474 643 37 6
474 734 42 5
474 735 48 8
474 807 14 10
474 861 43 5
474 900 23 9
474 902 5 9
474 1148 30 9
475 494 32 2
475 495 26 5
475 496 28 3
475 497 30 8
475 498 41 4
475 499 1 8
475 553 33 8
475 576 38 9
475 605 16 9
475 609 23 1
475 821 10 6
475 823 44 4
475 873 7 6
475 916 9 9
475 960 16 6
477 710 9 4
479 1030 21 5
480 632 26 1
481 538 21 9
481 644 22 4
484 1086 23 9
485 1116 42 1
486 985 26 1
489 1168 31 3
490 616 27 5
492 528 33 6
493 512 35 3
493 545 8 9
494 539 11 5
495 738 14 5
496 682 37 7
499 617 15 8
500 501 7 6
500 502 17 2
500 503 13 5
500 504 41 9
500 505 6 5
500 506 39 10
500 507 34 10
500 508 8 5
500 509 48 3
500 510 17 4
500 511 16 5
500 553 47 1
500 579 48 4
500 708 8 1
500 765 23 10
500 770 31 4
500 805 7 5
500 960 7 4
500 982 5 1
500 983 1 6
500 1075 33 10
500 1076 27 2
501 502 33 10
501 503 16 4
501 504 39 1
501 505 6 7
501 512 1 8
501 513 4 10
501 609 2 6
501 642 34 3
501 660 30 5
501 707 30 6
501 730 2 10
501 860 33 9
501 961 2 1
501 1054 36 1
501 1120 23 8
502 503 37 10
502 504 25 7
502 505 15 10
502 514 35 9
502 515 29 6
502 516 9 10
502 517 39 7
502 533 8 10
502 609 20 4
502 661 4 7
502 796 9 7
502 805 17 1
502 875 33 1
502 901 48 1
502 955 38 2
502 1012 39 7
502 1085 20 5
502 1124 17 3
502 1191 50 3
503 504 36 7
503 505 50 1
503 518 34 7
503 519 25 8
503 520 16 8
503 521 20 2
503 522 36 6
503 523 22 2
503 524 7 5
503 570 48 5
503 822 18 10
503 915 36 8
503 933 25 9
503 1085 19 4
503 1111 25 10
503 1146 26 3
503 1177 16 2
504 505 26 8
504 525 34 8
504 570 15 6
504 643 25 10
504 736 43 2
504 823 11 7
504 850 3 7
504 873 30 1
504 1009 37 7
504 1050 26 3
504 1091 47 1
504 1110 18 5
504 1148 15 7
504 1176 2 1
505 526 33 7
505 527 18 1
505 528 24 6
505 529 44 10
505 531 24 2
505 552 19 3
505 577 3 2
505 673 34 2
505 674 44 4
505 796 4 6
505 851 10 4
505 902 31 1
505 917 45 5
505 934 27 10
505 1191 36 10
507 740 32 2
507 1105 49 5
507 1193 25 2
512 713 44 7
516 1080 2 1
517 939 9 9
518 818 30 8
519 658 26 8
522 922 15 6
524 534 33 7
525 780 39 3
527 998 8 3
528 970 39 6
530 531 4 3
530 532 4 7
530 533 32 6
530 534 11 10
530 535 16 2
530 553 19 5
530 570 21 7
530 575 3 8
530 577 22 3
530 609 45 8
530 660 31 8
530 673 16 10
530 795 19 1
530 822 31 10
530 823 44 8
530 900 12 2
530 902 11 5
530 917 30 6
530 933 11 8
530 955 27 2
530 960 33 9
530 1006 9 9
530 1124 16 3
530 1145 41 3
531 532 33 4
531 533 24 9
531 536 42 7
531 537 37 2
531 538 19 9
531 539 43 1
531 540 22 2
531 541 50 7
531 552 39 1
531 610 38 6
531 642 39 10
531 674 7 9
531 707 4 10
531 766 14 2
531 796 1 2
531 807 44 10
531 851 29 8
531 873 19 2
531 930 8 5
531 961 13 3
531 1052 16 7
531 1092 24 10
531 1111 20 9
531 1122 34 3
531 1176 33 3
532 533 26 5
532 542 46 7
532 543 37 9
532 544 3 3
532 660 17 6
532 736 17 1
532 806 16 5
532 850 16 6
532 861 14 6
532 873 45 10
532 915 45 8
532 1052 28 4
532 1075 33 6
532 1076 48 9
532 1092 27 10
532 1150 20 1
532 1175 35 5
532 1191 3 1
533 545 22 7
533 546 43 1
533 547 17 3
533 548 40 9
533 549 49 10
533 570 27 4
533 707 7 3
533 730 37 1
533 767 29 4
533 955 9 3
533 980 23 8
533 1012 22 6
533 1085 49 5
533 1190 41 10
535 972 8 10
538 645 4 8
540 904 7 6
547 808 50 8
549 659 31 6
550 551 27 8
550 552 1 8
550 553 21 1
550 554 26 2
550 555 7 1
550 556 31 9
550 557 3 9
550 558 25 8
550 640 12 5
550 641 27 8
550 706 16 10
550 708 22 5
550 765 34 8
550 767 26 4
550 955 34 7
550 1005 23 8
550 1085 27 5
550 1111 7 1
550 1122 30 10
550 1124 16 9
550 1190 4 3
551 552 48 2
551 553 9 7
551 559 12 6
551 560 20 9
551 561 29 10
551 562 43 4
551 575 5 8
551 605 10 9
551 661 25 8
551 732 1 8
551 806 40 3
551 821 35 3
551 860 29 1
551 861 11 9
551 870 49 6
551 900 34 10
551 934 4 3
551 981 8 1
551 1075 4 3
551 1090 41 1
551 1110 46 9
551 1148 28 9
551 1175 26 4
552 553 46 4
552 563 9 7
552 564 31 7
552 565 15 2
552 566 34 5
552 567 31 7
552 675 32 1
552 676 50 1
552 824 27 3
552 851 14 7
552 917 4 3
552 933 44 9
552 955 33 9
552 960 50 9
552 961 16 5
552 982 27 10
552 1005 18 10
552 1149 33 3
552 1176 19 9
552 1190 6 7
553 568 3 2
553 569 50 7
553 570 50 6
553 578 13 4
553 605 23 2
553 661 34 8
553 730 15 6
553 795 22 6
553 796 37 1
553 805 22 5
553 850 6 10
553 873 31 6
553 900 38 5
553 1051 44 3
553 1054 22 1
553 1076 32 5
553 1085 12 8
553 1093 4 5
556 993 36 5
558 1199 42 2
559 986 12 10
560 686 14 5
561 1095 7 5
565 748 18 1
566 1154 7 7
567 776 40 1
568 756 33 10
568 971 45 10
570 571 22 2
570 572 13 1
570 573 33 9
570 574 41 8
570 575 27 10
570 580 8 9
570 605 3 3
570 609 4 1
570 640 24 9
570 641 14 9
570 660 35 7
570 671 42 7
570 674 9 2
570 706 30 9
570 709 27 2
570 731 29 4
570 736 14 9
570 767 1 9
570 768 6 5
570 795 26 6
570 796 27 10
570 805 42 8
570 807 38 2
570 823 21 4
570 850 11 8
570 860 41 1
570 861 34 6
570 872 14 8
570 874 43 10
570 901 32 6
570 915 26 1
570 917 20 2
570 934 44 6
570 955 17 6
570 960 45 4
570 963 6 8
570 983 46 1
570 984 15 4
570 1010 28 10
570 1012 1 10
570 1050 49 1
570 1052 22 4
570 1075 47 3
570 1076 40 6
570 1085 7 10
570 1090 4 7
570 1092 29 10
570 1111 6 10
570 1122 46 2
570 1123 14 10
570 1145 13 3
570 1149 41 10
570 1175 11 4
570 1191 29 6
571 1109 46 1
573 495 46 2
575 576 22 10
575 577 10 6
575 578 19 9
575 579 4 6
575 580 16 8
575 581 33 1
575 582 10 7
575 583 37 7
575 606 11 7
575 707 43 7
575 796 4 6
575 820 43 8
575 861 17 7
575 870 42 6
575 984 34 3
575 1051 31 2
575 1053 44 7
575 1085 32 6
575 1110 7 1
575 1146 11 4
575 1190 2 3
576 577 11 5
576 578 39 1
576 579 37 7
576 580 44 9
576 584 11 6
576 585 20 2
576 643 39 6
576 661 10 3
576 736 13 9
576 820 11 9
576 860 45 4
576 874 23 10
576 931 7 9
576 955 5 2
576 1013 13 1
576 1177 27 2
577 578 27 4
577 579 50 2
577 580 16 5
577 586 26 3
577 587 32 4
577 588 42 6
577 807 20 9
577 850 16 8
577 934 21 4
577 960 47 1
577 1150 15 8
578 579 11 3
578 580 38 5
578 589 42 1
578 590 15 1
578 591 40 3
578 592 13 3
578 593 17 2
578 594 27 3
578 595 35 2
578 596 50 3
578 606 42 4
578 660 44 1
578 671 27 3
578 732 43 4
578 805 25 8
578 901 26 4
578 916 23 3
578 917 25 7
578 1076 22 6
578 1110 7 10
579 580 23 10
579 597 46 10
579 598 38 3
579 599 6 9
579 600 19 8
579 601 24 1
579 602 49 7
579 675 26 10
579 706 26 7
579 769 26 5
579 850 8 9
579 901 49 9
579 955 49 10
579 961 13 8
579 984 2 4
579 1085 27 6
579 1091 32 4
579 1120 29 4
579 1177 48 10
579 1190 21 3
580 603 23 7
580 604 5 9
580 640 6 8
580 767 7 5
580 795 19 2
580 1006 24 4
580 1076 49 7
580 1092 28 4
581 750 12 5
581 1018 23 8
582 717 25 5
583 1119 9 9
586 645 31 7
587 938 42 9
587 991 33 5
591 909 25 6
598 649 16 2
600 688 38 1
602 948 42 4
605 606 19 7
605 607 41 10
605 608 40 10
605 609 2 3
605 610 47 8
605 611 42 9
605 612 4 9
605 613 25 5
605 614 32 4
605 615 21 3
605 616 4 5
605 617 14 3
605 709 34 5
605 731 39 5
605 860 47 9
605 861 3 4
605 915 26 9
605 1076 49 4
605 1085 40 3
605 1120 13 7
606 607 14 7
606 608 43 6
606 609 29 6
606 610 40 9
606 611 6 3
606 618 38 3
606 619 7 10
606 620 1 6
606 621 11 8
606 622 12 8
606 623 36 9
606 640 24 8
606 730 36 8
606 766 31 5
606 805 27 9
606 982 42 7
606 1051 15 10
606 1090 18 5
606 1092 7 5
606 1120 6 1
607 608 2 7
607 609 6 10
607 610 8 8
607 611 27 9
607 624 47 9
607 625 25 5
607 626 35 6
607 627 48 1
607 628 45 2
607 629 30 4
607 660 4 2
607 871 12 9
607 902 39 7
607 962 14 1
607 983 20 3
607 1075 18 9
607 1150 34 2
607 1177 44 5
608 609 39 3
608 610 39 3
608 611 22 1
608 630 21 4
608 631 28 8
608 632 45 2
608 633 49 5
608 706 5 4
608 796 48 8
608 822 11 2
608 850 45 6
608 955 17 8
608 1110 15 9
608 1149 19 1
608 1176 13 3
608 1191 33 6
609 610 14 2
609 611 9 8
609 634 25 5
609 635 11 10
609 661 23 1
609 672 20 7
609 795 1 1
609 850 41 10
609 955 10 6
609 960 24 2
609 1013 39 10
610 611 33 2
610 636 35 2
610 637 39 6
610 638 3 2
610 875 21 7
610 930 24 3
610 1051 10 7
610 1110 21 1
610 1190 3 7
611 639 17 10
611 640 3 3
611 674 29 7
611 806 16 2
611 820 43 3
611 900 40 10
611 915 6 8
611 1012 9 9
611 1085 31 4
613 903 46 2
614 786 39 7
615 632 44 6
615 985 15 4
617 881 28 8
619 890 10 6
624 1130 14 3
627 1087 38 1
631 826 43 3
632 1060 15 10
632 1144 37 5
637 713 13 8
640 641 8 2
640 642 4 4
640 643 5 7
640 644 18 8
640 645 44 3
640 646 26 7
640 647 26 2
640 648 11 3
640 649 18 3
640 650 19 1
640 796 27 3
640 805 2 10
640 873 42 4
640 901 25 5
640 933 17 7
640 961 43 7
640 1011 19 1
640 1085 50 10
640 1090 4 6
640 1175 21 3
640 1177 19 3
641 642 46 5
641 643 19 4
641 651 8 2
641 660 7 5
641 706 30 6
641 766 25 2
641 796 47 6
641 850 4 1
641 860 26 1
641 915 9 2
641 916 50 2
641 955 36 9
641 981 9 10
641 984 44 6
641 1076 27 7
641 1111 23 5
641 1149 12 8
641 1190 20 4
642 643 33 10
642 652 41 6
642 653 26 7
642 654 49 10
642 660 50 8
642 709 35 1
642 733 49 4
642 736 30 3
642 823 43 3
642 851 48 5
642 860 47 1
642 875 3 5
642 1011 24 2
642 1050 24 9
642 1085 11 1
642 1091 50 10
642 1110 11 2
642 1190 35 7
643 655 6 7
643 656 44 3
643 657 44 6
643 658 25 3
643 659 35 10
643 672 38 10
643 676 5 2
643 805 9 6
643 820 7 2
643 902 41 4
643 932 4 3
643 955 30 1
643 961 47 7
643 1052 28 9
643 1075 47 2
643 1120 48 8
643 1122 14 6
645 911 21 3
646 1138 19 3
648 846 47 8
649 845 17 2
649 888 31 6
649 1126 8 6
650 715 11 6
651 656 22 2
653 803 37 3
654 669 24 5
654 921 5 2
657 804 1 4
658 784 18 2
658 785 30 10
659 990 15 4
660 661 24 4
660 662 19 6
660 663 50 4
660 664 2 10
660 676 38 4
660 736 34 1
660 767 23 4
660 796 8 2
660 824 40 2
660 825 35 8
660 851 4 7
660 860 18 2
660 861 1 6
660 871 50 6
660 900 32 4
660 930 1 9
660 955 18 5
660 960 7 4
660 1008 26 7
660 1054 50 7
660 1075 2 4
660 1093 14 1
660 1110 14 3
660 1177 45 8
661 665 36 8
661 666 11 5
661 667 50 9
661 668 4 3
661 669 41 9
661 670 9 8
661 706 24 3
661 709 17 8
661 730 34 6
661 765 27 6
661 796 41 7
661 805 18 10
661 875 24 7
661 915 12 9
661 916 15 2
661 930 9 4
661 955 39 9
661 960 41 5
661 980 28 6
661 983 29 4
661 1007 37 5
661 1053 20 3
661 1076 8 3
661 1085 43 3
661 1091 10 10
661 1110 25 9
661 1120 20 10
661 1122 50 3
661 1145 21 10
661 1149 31 9
661 1175 40 8
661 1190 44 3
666 1131 5 7
667 1068 26 3
669 691 46 4
669 789 29 6
670 671 29 5
670 672 25 3
670 673 39 4
670 674 28 1
670 675 25 2
670 676 40 5
670 677 15 5
670 678 16 3
670 679 10 5
670 680 27 8
670 875 21 3
670 1149 25 1
670 1190 45 2
671 672 41 4
671 673 9 7
671 674 20 7
671 675 36 8
671 676 39 2
671 681 27 2
671 682 8 2
671 683 42 2
671 684 33 6
671 685 40 8
671 686 31 10
671 687 23 1
671 707 32 6
671 709 35 10
671 770 16 2
671 806 4 7
671 824 48 9
671 916 21 9
671 955 25 3
671 962 49 2
671 983 50 6
671 1148 24 6
672 673 25 7
672 674 29 8
672 675 43 1
672 676 42 5
672 688 24 4
672 689 30 3
672 690 21 7
672 691 2 8
672 692 3 9
672 796 43 3
672 850 29 1
672 875 50 7
672 930 2 4
672 962 28 3
672 1085 23 3
672 1111 47 7
672 1123 31 9
673 674 22 3
673 675 6 1
673 676 24 5
673 693 18 6
673 694 42 4
673 900 7 2
673 1050 45 4
673 1092 12 3
673 1177 3 1
674 675 13 4
674 676 25 7
674 695 34 7
674 696 8 1
674 697 33 4
674 698 5 7
674 851 8 8
674 860 50 5
674 861 25 1
674 917 29 10
674 1075 27 1
674 1076 37 2
674 1191 31 6
675 676 26 9
675 699 18 2
675 700 24 2
675 701 2 1
675 702 47 6
675 735 43 8
675 796 8 6
675 931 11 1
675 955 45 10
675 984 22 7
675 1008 28 10
675 1013 5 5
675 1085 41 10
675 1092 31 9
675 1111 6 3
675 1124 23 5
675 1175 2 8
676 703 12 2
676 704 48 3
676 735 41 1
676 768 25 8
676 806 8 9
676 825 17 4
676 901 1 8
676 1068 48 2
680 1133 15 2
682 691 19 10
684 693 45 2
687 728 12 2
688 991 8 3
689 729 7 2
693 1106 26 7
693 1107 26 2
696 1170 7 1
698 1033 4 3
699 908 27 7
700 714 17 6
700 792 20 8
701 810 14 8
702 1187 22 8
705 706 36 8
705 707 7 9
705 708 3 8
705 709 41 7
705 710 32 3
705 711 48 6
705 712 14 7
705 713 5 5
705 714 14 6
705 715 10 5
705 716 18 3
705 717 7 3
705 733 49 7
705 806 24 9
705 820 17 5
705 850 49 5
705 900 6 1
705 917 47 8
705 932 16 9
705 961 49 3
705 980 7 2
705 1093 41 1
705 1111 43 10
705 1176 16 2
706 707 48 6
706 708 36 1
706 709 3 4
706 718 14 8
706 734 20 8
706 796 11 4
706 806 18 8
706 900 42 2
706 916 49 3
706 933 26 7
706 955 14 2
706 961 46 7
706 1010 6 6
706 1075 44 9
706 1076 15 10
706 1085 19 2
706 1093 36 7
706 1146 9 7
707 708 33 6
707 709 14 5
707 719 17 9
707 720 7 3
707 721 17 8
707 770 25 4
707 795 16 7
707 824 25 10
707 850 19 7
707 1005 4 2
707 1110 31 3
707 1121 27 5
708 709 9 2
708 722 45 3
708 723 31 3
708 860 50 6
708 861 1 1
708 870 16 3
708 873 37 10
708 983 43 4
708 1085 14 10
709 724 18 7
709 725 33 8
709 726 5 5
709 727 11 3
709 728 47 10
709 729 20 6
709 768 28 1
709 955 33 10
709 1054 16 1
709 1120 43 3
709 1145 41 1
709 1176 34 2
709 1191 39 4
711 789 39 4
711 1020 42 2
712 802 34 6
716 792 19 6
716 1019 2 6
718 801 20 2
718 1181 47 9
724 928 4 7
725 808 36 3
726 858 12 5
730 731 17 5
730 732 21 7
730 733 36 1
730 734 12 5
730 735 17 6
730 736 46 3
730 737 1 4
730 738 16 7
730 739 17 7
730 984 3 4
730 1011 30 9
730 1013 13 8
730 1076 35 8
730 1085 35 9
731 732 6 10
731 733 48 2
731 734 33 10
731 735 18 5
731 736 29 5
731 740 40 3
731 767 48 9
731 850 31 8
731 875 15 9
731 955 41 8
731 1075 17 8
731 1145 38 9
731 1176 22 8
732 733 44 8
732 734 48 6
732 735 37 9
732 736 40 4
732 741 23 8
732 742 11 2
732 743 16 2
732 796 35 5
732 806 19 3
732 963 42 3
732 983 4 5
732 1085 3 10
732 1175 24 3
732 1190 13 3
733 734 8 7
733 735 32 2
733 736 20 8
733 744 46 5
733 745 24 6
733 746 46 2
733 747 17 8
733 748 22 4
733 766 20 10
733 900 14 9
733 1110 10 8
733 1121 39 2
733 1146 41 9
733 1190 8 9
734 735 2 4
734 736 24 3
734 749 46 7
734 750 9 10
734 751 30 8
734 752 33 8
734 753 21 9
734 754 1 1
734 755 18 2
734 756 9 6
734 757 17 3
734 758 48 4
734 795 2 7
734 807 16 5
734 823 27 10
734 915 29 9
734 930 15 9
734 955 21 5
734 1051 33 8
735 736 32 10
735 759 43 7
735 760 29 8
735 761 49 10
735 825 41 3
735 850 24 7
735 860 37 6
735 871 42 8
735 961 48 2
735 1054 27 1
735 1093 40 9
735 1110 22 4
735 1120 17 6
736 762 32 4
736 763 6 2
736 764 13 5
736 860 10 7
736 901 46 5
736 915 40 10
736 933 46 8
736 1092 42 1
745 989 18 2
746 835 35 1
748 1077 47 4
749 903 8 6
751 1032 41 3
752 1126 13 8
753 785 49 3
753 1167 21 5
754 813 33 5
756 956 7 6
760 814 3 2
762 845 44 8
763 797 47 7
763 992 48 1
765 766 40 9
765 767 25 10
765 768 11 8
765 769 6 7
765 770 26 6
765 771 32 6
765 772 7 6
765 773 50 4
765 774 33 5
765 775 39 6
765 806 6 1
765 861 40 6
765 955 16 8
765 961 46 8
765 1054 7 4
765 1076 2 5
765 1085 45 9
765 1091 41 6
765 1150 18 9
766 767 32 3
766 768 27 3
766 769 10 3
766 770 28 2
766 776 47 9
766 777 16 7
766 778 15 3
766 796 49 9
766 822 38 5
766 901 9 1
766 916 49 8
766 917 50 9
766 960 50 9
766 983 36 7
766 1075 38 9
766 1110 15 4
766 1175 6 9
767 768 11 6
767 769 32 1
767 770 16 7
767 779 31 3
767 780 3 1
767 781 27 5
767 782 12 7
767 825 23 4
767 900 48 6
767 934 42 6
767 983 31 7
767 1050 7 3
767 1090 11 8
768 769 23 3
768 770 45 9
768 783 40 2
768 784 25 5
768 785 32 7
768 850 47 1
768 860 20 9
768 873 28 9
768 955 21 5
768 1145 38 6
768 1176 12 6
769 770 11 4
769 786 41 3
769 787 22 10
769 788 18 7
769 789 26 6
769 807 6 3
769 873 12 9
769 1085 11 3
769 1111 41 8
769 1121 9 4
769 1122 2 5
769 1191 35 1
770 790 16 4
770 791 7 6
770 792 40 10
770 793 50 9
770 794 2 3
770 796 19 9
770 932 6 5
770 1012 8 10
770 1013 23 10
770 1190 23 2
773 855 29 1
774 1057 43 8
779 1173 50 10
781 1058 27 1
785 835 8 3
786 1038 29 3
786 1197 3 2
790 1046 20 9
793 953 30 3
793 1140 42 4
794 1039 6 10
795 796 27 9
795 797 4 5
795 798 8 4
795 799 20 2
795 800 30 8
795 805 15 5
795 824 6 8
795 850 39 4
795 870 48 9
795 874 26 2
795 902 5 5
795 915 24 2
795 931 10 6
795 960 39 5
795 980 12 3
795 1006 6 5
795 1008 20 5
795 1051 7 10
795 1075 10 2
795 1076 17 10
795 1085 36 7
795 1092 48 7
795 1146 1 2
795 1148 3 6
795 1176 4 2
795 1190 33 4
796 801 29 5
796 802 9 1
796 803 15 7
796 804 35 10
796 805 31 6
796 825 4 6
796 851 7 3
796 861 21 2
796 900 32 4
796 916 16 3
796 932 25 4
796 955 42 1
796 962 5 4
796 1050 10 2
796 1085 15 1
796 1091 24 8
796 1111 5 1
796 1124 45 6
796 1177 42 2
796 1190 39 1
799 1038 22 1
800 995 16 8
801 927 27 9
803 1035 22 10
805 806 33 6
805 807 18 1
805 808 1 7
805 809 1 9
805 810 2 9
805 811 14 6
805 812 46 8
805 813 23 6
805 814 1 6
805 815 4 10
805 825 9 4
805 850 34 10
805 860 36 8
805 861 13 2
805 955 32 2
805 960 9 6
805 980 22 5
805 1076 16 10
805 1085 12 4
805 1111 8 5
805 1149 34 4
805 1177 19 5
805 1190 12 2
806 807 1 1
806 816 44 2
806 850 39 10
806 915 3 9
806 916 15 1
806 1051 35 1
806 1054 14 2
806 1093 30 10
806 1121 34 10
806 1124 20 8
806 1149 50 6
807 817 45 10
807 818 14 1
807 819 45 2
807 821 12 8
807 870 42 7
807 875 14 6
807 900 4 7
807 902 34 10
807 933 15 7
807 934 4 8
807 963 24 8
807 982 36 10
807 1012 2 1
807 1013 37 2
807 1176 12 6
807 1191 47 4
809 815 12 4
816 865 12 3
820 821 18 9
820 822 25 10
820 823 16 6
820 824 49 4
820 825 48 9
820 826 25 3
820 827 11 9
820 828 50 10
820 871 8 5
820 901 49 1
820 902 17 6
820 932 46 3
820 960 34 4
820 1110 30 6
821 822 45 3
821 823 34 5
821 824 11 2
821 825 29 5
821 829 32 9
821 830 6 4
821 831 34 3
821 832 34 10
821 833 32 3
821 851 36 6
821 874 36 9
821 915 36 4
821 931 25 6
821 1076 23 1
821 1150 39 3
822 823 37 1
822 824 7 1
822 825 2 9
822 834 6 2
822 835 17 6
822 836 23 6
822 837 37 2
822 838 4 6
822 980 30 2
822 1005 39 9
822 1051 19 6
822 1120 25 10
822 1191 26 8
823 824 35 8
823 825 2 1
823 839 3 5
823 840 44 1
823 841 38 10
823 842 49 1
823 843 9 9
823 850 39 8
823 955 27 7
823 1124 39 1
824 825 14 7
824 844 18 4
824 845 40 1
824 846 39 7
824 847 16 9
824 861 43 9
824 983 13 1
824 1085 36 10
824 1090 15 6
824 1092 11 8
824 1175 19 4
824 1190 43 8
825 848 10 4
825 849 44 3
825 861 48 1
825 915 8 6
825 955 18 8
825 961 35 6
825 1011 17 7
825 1053 11 8
825 1075 9 4
825 1085 13 9
825 1111 3 4
825 1150 16 6
825 1176 39 3
830 1088 12 9
831 1066 48 3
834 1040 30 9
836 1198 49 10
838 1153 7 3
839 847 39 3
843 1028 42 7
844 1058 38 8
844 1073 28 5
845 1171 46 7
849 1179 8 8
850 851 44 1
850 852 24 1
850 853 40 7
850 854 2 9
850 860 27 5
850 870 26 4
850 915 50 9
850 930 15 8
850 934 8 3
850 955 43 3
850 960 26 8
850 983 22 2
850 1053 34 9
850 1075 44 7
850 1085 45 8
850 1093 1 10
850 1110 43 2
850 1124 29 1
850 1145 17 3
850 1176 49 1
850 1190 41 1
850 1191 11 10
851 855 13 5
851 856 17 1
851 857 29 1
851 858 31 5
851 859 10 8
851 861 7 2
851 874 4 2
851 901 24 1
851 902 31 1
851 915 16 5
851 955 16 3
851 962 14 3
851 982 10 2
851 1012 34 9
851 1013 7 3
851 1052 34 6
851 1076 1 10
851 1085 50 9
851 1091 2 5
851 1111 7 7
851 1124 7 9
851 1149 49 10
851 1176 2 7
860 861 35 6
860 862 24 9
860 863 4 6
860 864 3 3
860 865 22 3
860 872 41 2
860 901 5 6
860 930 36 8
860 955 40 9
860 962 48 10
860 983 15 4
860 1012 22 1
860 1051 32 3
860 1090 44 2
860 1093 10 8
860 1111 24 9
860 1120 48 5
860 1145 38 9
860 1176 35 1
861 866 24 6
861 867 36 5
861 868 9 10
861 869 26 7
861 874 37 5
861 901 37 2
861 915 7 4
861 916 26 4
861 931 42 8
861 960 42 2
861 981 38 5
861 1013 4 2
861 1051 19 4
861 1075 2 10
861 1085 23 10
861 1111 6 1
861 1121 16 7
861 1147 46 7
861 1175 2 6
861 1191 22 9
863 1097 30 8
866 959 24 6
870 871 2 1
870 872 24 8
870 873 7 9
870 874 17 2
870 875 6 5
870 876 4 7
870 877 6 6
870 878 27 10
870 879 30 4
870 880 20 4
870 881 8 3
870 900 41 3
870 917 15 2
870 955 21 1
870 981 45 5
870 1090 32 6
870 1111 22 7
870 1191 30 5
871 872 21 3
871 873 34 9
871 874 11 8
871 875 26 9
871 882 6 1
871 883 10 2
871 884 40 7
871 885 33 5
871 963 41 8
871 1053 32 1
871 1150 6 4
872 873 34 6
872 874 46 8
872 875 40 3
872 886 13 8
872 887 42 9
872 888 16 6
872 889 32 4
872 890 10 10
872 901 34 10
872 960 1 5
872 1008 19 3
872 1076 30 10
873 874 27 7
873 875 35 4
873 891 30 7
873 892 12 3
873 893 30 10
873 894 3 3
873 1090 46 10
873 1110 25 1
873 1123 45 10
873 1177 5 4
874 875 31 2
874 895 15 7
874 896 5 4
874 930 24 9
874 955 39 4
874 980 44 1
874 1008 44 1
874 1075 47 8
874 1085 30 3
874 1124 27 2
874 1177 7 5
874 1191 5 2
875 897 38 8
875 898 49 5
875 899 28 4
875 915 34 6
875 932 14 8
875 1085 26 5
875 1145 46 4
883 1135 31 1
883 1140 23 4
896 1166 31 3
900 901 36 10
900 902 46 9
900 903 11 8
900 904 21 5
900 905 48 4
900 906 18 8
900 907 46 4
900 908 11 2
900 909 42 8
900 915 11 8
900 930 1 3
900 961 13 1
900 984 41 10
900 1076 37 2
900 1085 37 6
900 1090 21 6
900 1123 22 4
900 1177 8 6
900 1190 45 7
901 902 18 10
901 910 4 6
901 911 50 4
901 955 36 10
901 963 6 5
901 1005 16 1
901 1085 3 2
901 1111 19 3
902 912 27 6
902 913 41 8
902 914 34 3
902 916 32 8
902 931 43 7
902 955 24 5
902 981 32 1
902 1008 27 6
902 1051 28 5
902 1054 45 2
902 1075 7 5
902 1091 6 2
902 1110 46 6
902 1146 37 3
902 1150 47 8
902 1175 35 7
902 1190 5 1
903 1094 46 3
904 1194 18 2
907 994 3 5
915 916 19 1
915 917 41 5
915 918 19 7
915 919 28 4
915 920 37 10
915 921 16 1
915 922 43 5
915 1013 27 5
915 1075 20 9
915 1085 2 5
915 1110 49 6
915 1122 29 9
915 1177 24 5
916 917 47 5
916 923 45 10
916 924 25 4
916 925 42 10
916 926 24 10
916 927 29 10
916 933 34 6
916 963 18 3
916 981 14 2
916 1052 9 1
916 1090 2 5
916 1121 32 10
916 1145 41 2
916 1176 36 4
916 1191 7 10
917 928 31 9
917 929 29 8
917 932 34 9
917 955 45 1
917 961 7 8
917 980 14 1
917 1009 41 5
917 1054 17 7
917 1075 31 4
917 1085 33 7
917 1110 38 1
917 1148 33 4
922 923 10 10
926 1028 46 4
930 931 17 7
930 932 27 9
930 933 11 3
930 934 14 5
930 935 12 1
930 936 5 8
930 937 34 8
930 938 31 1
930 939 45 8
930 955 27 9
930 960 12 6
930 982 23 7
930 1008 31 8
930 1075 35 4
930 1085 42 9
930 1091 49 1
930 1149 37 7
931 932 30 7
931 933 1 1
931 934 41 3
931 940 25 3
931 941 50 8
931 942 11 6
931 943 2 8
931 944 16 1
931 945 33 5
931 1052 2 8
931 1076 45 10
931 1147 12 1
932 933 35 1
932 934 12 3
932 946 5 1
932 947 3 8
932 1085 25 9
932 1110 43 1
932 1122 19 6
932 1190 16 10
933 934 18 1
933 948 4 6
933 962 49 1
933 984 37 8
933 1175 1 7
934 949 22 1
934 950 46 8
934 951 41 7
934 952 35 4
934 953 1 4
934 954 35 9
934 1007 47 8
934 1053 13 5
934 1091 29 1
934 1111 37 4
934 1122 48 9
934 1191 43 7
938 1187 40 10
941 1073 38 6
953 1067 30 4
953 1144 42 8
954 1039 35 6
955 956 44 7
955 957 24 4
955 958 8 9
955 959 11 4
955 961 14 1
955 962 10 8
955 980 48 1
955 981 19 7
955 1008 33 6
955 1011 18 2
955 1051 32 2
955 1054 32 1
955 1076 10 6
955 1085 13 9
955 1093 31 6
955 1110 16 7
955 1111 19 8
955 1121 24 5
955 1124 2 2
955 1146 50 2
955 1175 3 2
955 1176 1 3
955 1190 27 5
955 1191 21 10
960 961 31 2
960 962 11 7
960 963 40 9
960 964 48 1
960 1011 41 2
960 1051 6 5
960 1075 15 1
960 1093 18 9
960 1110 35 4
960 1111 38 5
961 962 47 7
961 963 47 8
961 965 35 4
961 966 18 4
961 967 45 4
961 968 14 5
961 984 39 7
961 1090 39 3
961 1190 30 1
961 1191 39 4
962 963 9 2
962 969 31 7
962 970 22 4
962 971 12 7
962 972 35 3
962 973 39 2
962 1085 36 7
962 1124 48 6
963 974 39 9
963 975 43 7
963 976 45 3
963 977 3 5
963 978 42 1
963 979 49 2
963 980 49 5
963 1053 12 7
963 1075 31 5
963 1085 3 9
963 1124 11 6
963 1145 20 9
963 1148 1 5
963 1175 2 9
963 1177 40 9
965 993 34 1
980 981 13 7
980 982 28 5
980 983 12 8
980 984 36 7
980 985 7 8
980 986 9 3
980 987 29 10
980 988 43 3
980 989 45 3
980 990 44 5
980 991 39 7
980 992 30 9
980 1110 12 9
980 1191 48 7
981 982 44 9
981 983 6 8
981 984 17 5
981 993 19 2
981 994 2 8
981 995 27 7
981 1050 39 10
981 1054 42 6
981 1075 32 4
981 1076 7 3
981 1085 35 1
981 1090 38 9
982 983 2 1
982 984 28 5
982 996 36 9
982 997 49 2
982 1011 26 9
982 1085 6 8
982 1111 8 8
982 1175 10 1
982 1191 35 9
983 984 39 9
983 998 49 10
983 999 3 4
983 1009 46 7
983 1091 5 1
983 1145 25 1
983 1177 33 4
984 1000 8 2
984 1001 31 7
984 1002 3 10
984 1003 25 5
984 1004 19 5
984 1123 8 8
984 1124 29 6
990 1105 17 1
1005 1006 17 5
1005 1007 28 4
1005 1008 42 3
1005 1009 13 9
1005 1010 6 9
1005 1011 16 9
1005 1012 26 9
1005 1013 21 8
1005 1014 25 10
1005 1015 13 8
1005 1016 32 2
1005 1017 49 2
1005 1018 35 1
1005 1146 23 1
1005 1191 50 1
1006 1007 11 10
1006 1008 39 6
1006 1009 24 5
1006 1010 50 1
1006 1011 39 5
1006 1012 11 3
1006 1013 35 6
1006 1019 34 7
1006 1020 28 1
1006 1021 1 4
1006 1022 42 2
1006 1023 41 6
1006 1175 49 8
1007 1008 4 3
1007 1009 31 1
1007 1010 5 2
1007 1011 32 8
1007 1012 6 8
1007 1013 34 3
1007 1024 19 2
1007 1025 38 4
1007 1026 29 9
1007 1090 50 8
1007 1147 47 8
1007 1191 16 8
1008 1009 5 3
1008 1010 14 5
1008 1011 34 6
1008 1012 39 2
1008 1013 37 2
1008 1027 43 2
1008 1028 42 3
1008 1029 13 3
1008 1030 25 1
1008 1031 39 9
1008 1032 32 10
1008 1085 18 9
1008 1175 4 7
1009 1010 37 10
1009 1011 16 10
1009 1012 29 4
1009 1013 6 6
1009 1033 50 2
1009 1034 32 3
1009 1050 11 3
1009 1054 29 1
1009 1090 43 2
1009 1110 38 6
1009 1121 27 9
1010 1011 32 5
1010 1012 2 2
1010 1013 13 7
1010 1035 50 6
1010 1036 40 1
1010 1037 28 5
1010 1038 36 2
1010 1039 13 3
1010 1040 11 7
1010 1041 26 10
1010 1042 26 3
1010 1043 43 7
1010 1075 34 5
1010 1123 17 10
1011 1012 26 6
1011 1013 10 4
1011 1044 34 2
1011 1045 26 7
1011 1111 8 2
1012 1013 30 4
1012 1046 20 2
1012 1047 1 8
1012 1085 5 8
1013 1048 39 2
1013 1049 2 3
1015 1109 1 7
1023 1071 10 8
1027 1156 35 8
1031 1139 4 4
1035 1099 38 3
1036 1115 47 2
1050 1051 48 9
1050 1052 32 9
1050 1053 49 9
1050 1054 41 4
1050 1055 4 7
1050 1056 25 2
1050 1057 37 6
1050 1076 10 9
1050 1150 7 8
1050 1176 25 9
1051 1052 43 7
1051 1053 33 8
1051 1054 12 1
1051 1058 22 9
1051 1059 14 3
1051 1060 50 1
1051 1061 45 9
1051 1062 21 7
1051 1063 39 5
1051 1064 39 2
1051 1065 19 1
1051 1091 37 1
1052 1053 20 4
1052 1054 37 10
1052 1066 7 6
1052 1067 12 2
1052 1068 17 9
1052 1069 47 8
1052 1070 20 9
1052 1085 13 6
1052 1091 31 1
1052 1110 11 1
1052 1122 16 4
1053 1054 29 10
1053 1071 9 10
1053 1072 22 4
1053 1110 17 3
1053 1121 4 5
1053 1147 16 3
1053 1175 20 9
1053 1190 35 9
1054 1073 14 10
1054 1074 40 7
1054 1076 44 3
1054 1190 26 5
1060 1133 33 6
1061 1182 18 8
1062 1180 50 1
1075 1076 38 10
1075 1077 25 7
1075 1078 35 8
1075 1079 34 2
1075 1080 49 4
1075 1081 32 8
1075 1085 19 1
1075 1090 3 4
1075 1110 21 5
1075 1123 16 5
1075 1145 10 10
1075 1149 1 2
1075 1177 12 9
1076 1082 40 4
1076 1083 49 2
1076 1084 30 9
1076 1085 13 2
1076 1092 37 6
1076 1110 1 4
1076 1120 7 2
1076 1175 8 4
1076 1190 50 1
1084 1179 24 5
1085 1086 34 9
1085 1087 39 7
1085 1088 21 10
1085 1089 34 8
1085 1090 35 3
1085 1091 35 5
1085 1110 13 7
1085 1111 9 4
1085 1120 12 5
1085 1123 6 10
1085 1145 38 1
1085 1147 4 8
1085 1175 33 9
1085 1176 9 3
1085 1191 44 8
1090 1091 12 5
1090 1092 37 8
1090 1093 11 6
1090 1094 41 5
1090 1095 15 8
1090 1110 29 10
1090 1175 22 5
1091 1092 24 7
1091 1093 42 5
1091 1096 20 1
1091 1097 44 3
1091 1098 44 7
1091 1099 48 4
1091 1100 21 8
1091 1110 14 6
1091 1120 39 8
1091 1124 46 7
1091 1150 49 7
1092 1093 13 3
1092 1101 28 10
1092 1147 36 10
1092 1177 11 8
1092 1190 21 7
1092 1191 34 2
1093 1102 1 6
1093 1103 50 4
1093 1104 13 5
1093 1105 7 5
1093 1106 38 7
1093 1107 41 5
1093 1108 27 8
1093 1109 12 8
1103 1116 14 8
1110 1111 32 4
1110 1112 46 3
1110 1150 25 1
1110 1176 15 3
1110 1191 41 1
1111 1113 16 8
1111 1114 12 4
1111 1115 35 3
1111 1116 37 8
1111 1117 11 3
1111 1118 35 1
1111 1119 14 5
1111 1121 31 4
1111 1123 45 4
1111 1146 26 1
1111 1175 19 9
1111 1191 30 7
1120 1121 5 10
1120 1122 8 7
1120 1123 47 7
1120 1124 50 8
1120 1125 25 2
1120 1126 36 9
1120 1127 34 4
1120 1128 23 5
1120 1129 2 2
1120 1130 19 8
1121 1122 39 10
1121 1123 50 2
1121 1124 12 2
1121 1131 38 2
1121 1132 16 3
1121 1133 8 9
1121 1134 24 2
1121 1148 24 8
1121 1176 9 9
1122 1123 3 2
1122 1124 18 10
1122 1135 46 7
1122 1136 34 8
1122 1137 30 6
1122 1138 40 4
1122 1139 12 10
1122 1190 49 10
1123 1124 27 3
1123 1140 46 7
1123 1177 40 1
1123 1191 24 4
1124 1141 3 1
1124 1142 23 6
1124 1143 34 5
1124 1144 19 2
1124 1147 27 2
1145 1146 12 2
1145 1147 20 5
1145 1148 4 1
1145 1149 26 1
1145 1150 42 5
1145 1151 25 2
1145 1191 47 7
1146 1147 30 1
1146 1148 30 6
1146 1149 20 4
1146 1150 31 4
1146 1152 12 4
1146 1153 42 10
1146 1177 42 1
1147 1148 47 4
1147 1149 48 4
1147 1150 34 8
1147 1154 8 9
1147 1155 3 8
1147 1156 36 4
1147 1177 8 10
1148 1149 21 7
1148 1150 13 3
1148 1157 48 3
1148 1158 26 5
1148 1159 47 6
1148 1160 40 1
1148 1161 5 7
1149 1150 32 9
1149 1162 8 9
1149 1163 9 9
1149 1164 13 7
1149 1165 5 3
1149 1166 27 9
1149 1167 17 5
1149 1168 43 5
1149 1169 8 7
1149 1170 4 2
1150 1171 50 9
1150 1172 7 6
1150 1173 39 7
1150 1174 31 6
1150 1190 50 3
1175 1176 2 2
1175 1177 35 10
1175 1178 17 6
1175 1179 33 1
1175 1180 48 5
1175 1181 14 6
1175 1182 34 3
1176 1177 17 3
1176 1183 14 9
1176 1184 19 7
1176 1185 3 9
1176 1191 38 8
1177 1186 18 9
1177 1187 21 5
1177 1188 8 3
1177 1189 19 3
1190 1191 5 1
1190 1192 39 3
1190 1193 1 2
1190 1194 2 10
1190 1195 50 1
1191 1196 19 2
1191 1197 9 5
1191 1198 25 1
1191 1199 25 8

0 299 44
1 1070 5
2 163 23
3 926 45
4 526 11
5 126 32
6 284 27
7 537 20
8 1159 28
9 294 27
10 888 15
11 1181 41
12 716 21
13 935 30
14 1032 29
15 1037 14
16 364 37
17 340 5
18 109 43
19 370 38
20 142 12
21 827 25
22 461 23
23 466 33
24 361 49
25 953 73
26 144 45
27 832 15
28 443 17
29 325 32
30 663 60
31 750 5
32 754 12
33 950 30
34 695 26
35 814 8
36 13 21
37 323 6
38 1130 15
39 782 7
40 440 7
41 458 14
42 372 32
43 714 13
44 996 13
45 986 6
46 1139 4
47 918 5
48 81 29
49 462 23
50 337 3
51 1000 6
52 923 16
53 493 49
54 846 41
55 91 17
56 837 9
57 549 23
58 221 14
59 318 39
60 721 11
61 1060 31
62 179 67
63 680 38
64 521 28
65 1057 45
66 574 23
67 194 58
68 431 47
69 4 18
70 508 5
71 464 53
72 601 45
73 44 18
74 149 8
75 108 56
76 1140 83
77 756 13
78 979 20
79 12 1
80 94 38
81 778 4
82 219 29
83 377 23
84 790 17
85 230 6
86 602 80
87 1029 5
88 1018 38
89 402 10
90 907 30
91 1097 58
92 1058 53
93 562 31
94 797 14
95 499 26
96 355 6
97 1004 43
98 427 14
99 516 24
100 693 88
101 957 17
102 940 10
103 1164 24
104 799 30
105 1135 35
106 224 15
107 483 7
108 922 20
109 573 28
110 241 33
111 831 31
112 1089 16
113 554 11
114 847 40
115 535 10
116 1015 4
117 970 39
118 972 30
119 815 10
120 378 28
121 1187 33
122 344 16
123 849 54
124 92 30
125 140 28
126 435 16
127 1024 32
128 15 8
129 738 14
130 263 63
131 604 3
132 73 14
133 246 4
134 788 12
135 1184 6
136 621 10
137 947 23
138 1041 7
139 128 7
140 539 14
141 1134 25
142 32 6
143 482 52
144 1113 17
145 669 57
146 893 10
147 304 21
148 772 5
149 506 9
150 853 11
151 208 25
152 555 4
153 679 6
154 1160 21
155 222 23
156 78 29
157 763 25
158 713 24
159 592 4
160 600 13
161 338 28
162 1034 21
163 1087 55
164 909 38
165 684 46
166 1 23
167 794 4
168 102 65
169 921 15
170 655 2
171 992 22
172 777 5
173 948 21
174 1185 2
175 971 33
176 412 37
177 327 22
178 1017 94
179 29 5
180 630 21
181 33 22
182 892 5
183 11 16
184 629 17
185 104 21
186 298 8
187 636 11
188 668 13
189 356 8
190 1019 19
191 407 2
192 233 15
193 569 34
194 262 18
195 895 5
196 84 55
197 1138 41
198 495 79
199 1141 8
200 97 24
201 974 25
202 184 8
203 121 4
204 237 9
205 964 17
206 1036 42
207 582 21
208 1136 19
209 876 5
210 1180 62
211 276 29
212 41 57
213 903 46
214 481 25
215 1046 26
216 1040 39
217 538 24
218 936 4
219 1117 4
220 599 2
221 1083 16
222 620 18
223 904 15
224 724 7
225 207 11
226 534 24
227 3 23
228 442 3
229 1016 7
230 394 27
231 591 39
232 329 6
233 879 16
234 1169 20
235 776 57
236 801 40
237 843 24
238 277 20
239 1167 24
240 783 12
241 322 8
242 1063 15
243 1082 18
244 146 50
245 811 6
246 314 57
247 1106 21
248 386 27
249 451 11
250 1078 12
251 178 38
252 1071 13
253 889 12
254 268 34
255 428 13
256 883 23
257 352 16
258 1064 11
259 590 5
260 859 61
261 1094 75
262 1068 32
263 21 27
264 99 33
265 1026 14
266 465 26
267 1171 24
268 456 2
269 425 36
270 746 25
271 697 15
272 490 15
273 844 54
274 20 8
275 586 33
276 265 6
277 143 69
278 46 50
279 913 21
280 1061 30
281 989 24
282 395 10
283 727 7
284 722 34
285 753 38
286 39 28
287 685 9
288 529 15
289 171 59
290 19 5
291 58 11
292 279 29
293 1065 7
294 791 8
295 747 12
296 543 63
297 557 2
298 177 16
299 1183 20
300 1086 22
301 696 6
302 82 10
303 510 12
304 628 83
305 1003 14
306 319 54
307 1157 11
308 496 76
309 920 19
310 1031 12
311 106 12
312 785 56
313 717 13
314 266 15
315 283 19
316 985 22
317 681 16
318 334 43
319 1098 20
320 1127 20
321 646 11
322 869 16
323 559 12
324 362 108
325 79 9
326 719 32
327 632 47
328 385 33
329 1030 12
330 1002 39
331 780 25
332 1119 7
333 260 66
334 637 26
335 952 11
336 589 21
337 271 10
338 328 12
339 308 16
340 240 7
341 256 2
342 751 18
343 25 6
344 53 56
345 492 52
346 691 37
347 457 46
348 320 14
349 23 25
350 131 34
351 1028 61
352 367 6
353 147 7
354 755 51
355 150 16
356 306 21
357 204 22
358 729 11
359 863 11
360 639 8
361 193 61
362 711 82
363 653 45
364 398 67
365 1158 6
366 152 12
367 622 32
368 740 52
369 748 22
370 1062 16
371 24 26
372 914 20
373 124 12
374 1116 55
375 520 79
376 848 7
377 1073 23
378 1174 16
379 1129 1
380 244 10
381 123 24
382 1021 1
383 28 10
384 816 22
385 1020 73
386 31 14
387 321 11
388 258 13
389 658 52
390 404 27
391 866 16
392 75 15
393 1043 53
394 877 39
395 1067 26
396 885 11
397 779 38
398 290 21
399 409 8
400 968 5
401 1144 48
402 205 26
403 854 12
404 1172 4
405 593 33
406 944 22
407 494 13
408 692 2
409 376 36
410 906 6
411 566 26
412 212 43
413 978 20
414 441 18
415 524 13
416 151 3
417 245 42
418 856 5
419 477 89
420 946 10
421 890 46
422 793 85
423 239 6
424 238 17
425 172 1
426 162 32
427 216 53
428 315 38
429 134 19
430 270 2
431 752 36
432 57 28
433 1103 30
434 264 26
435 22 55
436 444 37
437 89 35
438 422 4
439 1194 9
440 247 16
441 76 47
442 70 14
443 841 12
444 792 40
445 61 41
446 423 24
447 976 23
448 88 34
449 924 19
450 905 35
451 232 23
452 1042 9
453 497 20
454 878 10
455 83 12
456 572 7
457 397 8
458 484 16
459 517 37
460 867 17
461 650 15
462 659 46
463 1173 24
464 1168 35
465 139 2
466 119 9
467 585 7
468 852 7
469 18 66
470 966 5
471 652 34
472 98 103
473 880 5
474 886 7
475 959 21
476 51 28
477 468 13
478 303 24
479 30 8

1 900000
