1200 5241 480 2

750

0 25 3000
1 50 6000
2 75 9000
3 100 12000
4 125 15000
5 150 18000
6 175 21000
7 200 24000
8 225 27000
9 250 30000

0 40000
1 40000
2 40000
3 40000
4 40000
5 30000
6 30000
7 40000
8 30000
9 30000
10 40000
11 20000
12 30000
13 20000
14 30000
15 40000
16 20000
17 30000
18 20000
19 40000
20 40000
21 30000
22 20000
23 30000
24 30000
25 40000
26 40000
27 40000
28 20000
29 40000
30 40000
31 40000
32 30000
33 30000
34 20000
35 20000
36 30000
37 30000
38 20000
39 30000
40 40000
41 20000
42 20000
43 5000
44 30000
45 30000
46 40000
47 30000
48 30000
49 40000
50 30000
51 30000
52 30000
53 30000
54 30000
55 20000
56 30000
57 30000
58 30000
59 30000
60 40000
61 20000
62 30000
63 30000
64 20000
65 40000
66 40000
67 30000
68 20000
69 30000
70 40000
71 20000
72 30000
73 20000
74 30000
75 40000
76 40000
77 20000
78 30000
79 30000
80 20000
81 30000
82 40000
83 30000
84 30000
85 30000
86 40000
87 40000
88 5000
89 5000
90 40000
91 20000
92 30000
93 20000
94 30000
95 40000
96 40000
97 30000
98 20000
99 30000
100 30000
101 30000
102 30000
103 30000
104 30000
105 40000
106 40000
107 40000
108 40000
109 40000
110 30000
111 30000
112 30000
113 30000
114 30000
115 40000
116 20000
117 20000
118 30000
119 40000
120 40000
121 30000
122 40000
123 40000
124 40000
125 40000
126 30000
127 20000
128 30000
129 30000
130 40000
131 40000
132 30000
133 30000
134 30000
135 40000
136 40000
137 40000
138 40000
139 40000
140 20000
141 30000
142 40000
143 30000
144 40000
145 20000
146 30000
147 30000
148 40000
149 20000
150 20000
151 20000
152 30000
153 40000
154 30000
155 20000
156 30000
157 20000
158 40000
159 40000
160 30000
161 40000
162 20000
163 20000
164 20000
165 40000
166 40000
167 40000
168 40000
169 40000
170 40000
171 40000
172 30000
173 40000
174 20000
175 30000
176 30000
177 30000
178 30000
179 20000
180 30000
181 40000
182 30000
183 40000
184 30000
185 40000
186 20000
187 40000
188 20000
189 40000
190 30000
191 20000
192 30000
193 20000
194 30000
195 40000
196 40000
197 40000
198 40000
199 40000
200 20000
201 30000
202 30000
203 20000
204 40000
205 30000
206 30000
207 30000
208 30000
209 30000
210 30000
211 30000
212 30000
213 30000
214 40000
215 20000
216 40000
217 30000
218 30000
219 30000
220 40000
221 40000
222 40000
223 40000
224 40000
225 40000
226 30000
227 30000
228 30000
229 30000
230 20000
231 30000
232 30000
233 30000
234 30000
235 20000
236 40000
237 30000
238 30000
239 40000
240 30000
241 20000
242 30000
243 40000
244 40000
245 20000
246 20000
247 30000
248 20000
249 30000
250 40000
251 40000
252 20000
253 40000
254 40000
255 40000
256 30000
257 20000
258 20000
259 40000
260 30000
261 30000
262 40000
263 40000
264 20000
265 30000
266 20000
267 30000
268 20000
269 30000
270 30000
271 40000
272 20000
273 30000
274 30000
275 40000
276 40000
277 40000
278 30000
279 30000
280 30000
281 40000
282 40000
283 30000
284 20000
285 30000
286 30000
287 30000
288 40000
289 30000
290 40000
291 40000
292 40000
293 20000
294 40000
295 30000
296 40000
297 30000
298 20000
299 40000
300 40000
301 40000
302 20000
303 30000
304 20000
305 30000
306 40000
307 30000
308 40000
309 5000
310 40000
311 30000
312 30000
313 40000
314 30000
315 40000
316 40000
317 40000
318 40000
319 30000
320 20000
321 30000
322 30000
323 20000
324 20000
325 30000
326 30000
327 30000
328 30000
329 30000
330 40000
331 20000
332 30000
333 30000
334 20000
335 40000
336 40000
337 40000
338 30000
339 40000
340 30000
341 30000
342 40000
343 40000
344 40000
345 40000
346 30000
347 20000
348 30000
349 30000
350 40000
351 40000
352 40000
353 30000
354 40000
355 30000
356 20000
357 30000
358 30000
359 20000
360 40000
361 40000
362 40000
363 20000
364 40000
365 20000
366 30000
367 20000
368 30000
369 20000
370 40000
371 30000
372 30000
373 30000
374 40000
375 20000
376 20000
377 30000
378 20000
379 40000
380 30000
381 40000
382 20000
383 20000
384 20000
385 30000
386 30000
387 30000
388 5000
389 40000
390 40000
391 40000
392 40000
393 20000
394 30000
395 40000
396 20000
397 30000
398 40000
399 30000
400 30000
401 40000
402 20000
403 30000
404 30000
405 20000
406 30000
407 5000
408 40000
409 5000
410 40000
411 40000
412 40000
413 40000
414 40000
415 40000
416 40000
417 20000
418 20000
419 30000
420 30000
421 30000
422 30000
423 30000
424 20000
425 30000
426 30000
427 30000
428 30000
429 20000
430 30000
431 30000
432 20000
433 30000
434 30000
435 30000
436 30000
437 30000
438 30000
439 20000
440 30000
441 20000
442 30000
443 20000
444 30000
445 30000
446 20000
447 30000
448 20000
449 40000
450 40000
451 40000
452 30000
453 20000
454 40000
455 30000
456 40000
457 20000
458 20000
459 30000
460 40000
461 30000
462 30000
463 20000
464 30000
465 40000
466 40000
467 40000
468 40000
469 20000
470 40000
471 20000
472 30000
473 30000
474 40000
475 30000
476 30000
477 30000
478 30000
479 20000
480 20000
481 30000
482 20000
483 40000
484 40000
485 30000
486 30000
487 20000
488 20000
489 5000
490 40000
491 40000
492 40000
493 40000
494 40000
495 40000
496 20000
497 30000
498 30000
499 40000
500 30000
501 30000
502 30000
503 20000
504 20000
505 20000
506 30000
507 40000
508 20000
509 30000
510 20000
511 40000
512 40000
513 30000
514 30000
515 30000
516 20000
517 40000
518 30000
519 20000
520 40000
521 20000
522 30000
523 20000
524 5000
525 5000
526 40000
527 5000
528 5000
529 5000
530 40000
531 40000
532 40000
533 40000
534 20000
535 30000
536 30000
537 30000
538 20000
539 30000
540 20000
541 30000
542 30000
543 20000
544 40000
545 40000
546 40000
547 30000
548 20000
549 40000
550 40000
551 30000
552 20000
553 30000
554 5000
555 40000
556 40000
557 20000
558 40000
559 40000
560 30000
561 30000
562 20000
563 40000
564 40000
565 40000
566 30000
567 30000
568 20000
569 20000
570 30000
571 5000
572 30000
573 30000
574 30000
575 30000
576 20000
577 30000
578 30000
579 20000
580 40000
581 20000
582 30000
583 40000
584 20000
585 40000
586 30000
587 30000
588 20000
589 40000
590 40000
591 40000
592 40000
593 40000
594 20000
595 40000
596 20000
597 30000
598 20000
599 20000
600 30000
601 30000
602 40000
603 30000
604 40000
605 40000
606 20000
607 30000
608 20000
609 40000
610 40000
611 20000
612 30000
613 20000
614 40000
615 30000
616 30000
617 40000
618 40000
619 30000
620 30000
621 20000
622 20000
623 40000
624 40000
625 40000
626 40000
627 40000
628 40000
629 40000
630 30000
631 30000
632 30000
633 20000
634 40000
635 30000
636 30000
637 30000
638 30000
639 20000
640 30000
641 20000
642 30000
643 30000
644 30000
645 40000
646 20000
647 40000
648 40000
649 40000
650 20000
651 40000
652 20000
653 20000
654 30000
655 20000
656 20000
657 20000
658 30000
659 20000
660 40000
661 20000
662 20000
663 30000
664 30000
665 30000
666 30000
667 20000
668 30000
669 30000
670 20000
671 30000
672 30000
673 40000
674 20000
675 30000
676 40000
677 30000
678 20000
679 40000
680 30000
681 40000
682 5000
683 40000
684 5000
685 40000
686 30000
687 30000
688 20000
689 30000
690 20000
691 5000
692 5000
693 40000
694 5000
695 40000
696 40000
697 40000
698 20000
699 30000
700 40000
701 30000
702 20000
703 40000
704 20000
705 30000
706 30000
707 30000
708 20000
709 30000
710 20000
711 20000
712 40000
713 5000
714 20000
715 40000
716 40000
717 40000
718 30000
719 40000
720 20000
721 30000
722 20000
723 40000
724 30000
725 40000
726 40000
727 20000
728 20000
729 40000
730 40000
731 40000
732 30000
733 30000
734 40000
735 20000
736 30000
737 40000
738 30000
739 30000
740 30000
741 40000
742 5000
743 20000
744 30000
745 40000
746 20000
747 40000
748 20000
749 40000
750 20000
751 30000
752 40000
753 20000
754 20000
755 20000
756 30000
757 30000
758 30000
759 30000
760 40000
761 40000
762 40000
763 40000
764 40000
765 20000
766 40000
767 40000
768 40000
769 40000
770 40000
771 40000
772 20000
773 30000
774 20000
775 30000
776 40000
777 30000
778 40000
779 30000
780 30000
781 30000
782 20000
783 20000
784 30000
785 30000
786 40000
787 20000
788 30000
789 30000
790 30000
791 30000
792 20000
793 30000
794 30000
795 20000
796 40000
797 5000
798 5000
799 40000
800 30000
801 30000
802 20000
803 20000
804 20000
805 30000
806 40000
807 40000
808 20000
809 40000
810 30000
811 30000
812 30000
813 30000
814 30000
815 30000
816 30000
817 40000
818 30000
819 40000
820 40000
821 40000
822 40000
823 30000
824 30000
825 30000
826 30000
827 20000
828 30000
829 20000
830 20000
831 20000
832 30000
833 30000
834 30000
835 40000
836 40000
837 30000
838 20000
839 30000
840 40000
841 40000
842 40000
843 30000
844 20000
845 30000
846 30000
847 20000
848 30000
849 30000
850 30000
851 40000
852 40000
853 30000
854 30000
855 20000
856 40000
857 40000
858 20000
859 5000
860 40000
861 20000
862 20000
863 20000
864 20000
865 30000
866 40000
867 30000
868 40000
869 30000
870 30000
871 40000
872 30000
873 40000
874 5000
875 40000
876 40000
877 40000
878 40000
879 40000
880 40000
881 40000
882 20000
883 30000
884 30000
885 30000
886 20000
887 20000
888 30000
889 30000
890 20000
891 30000
892 40000
893 20000
894 30000
895 20000
896 40000
897 30000
898 30000
899 30000
900 20000
901 20000
902 30000
903 30000
904 20000
905 40000
906 40000
907 40000
908 20000
909 40000
910 20000
911 30000
912 40000
913 30000
914 30000
915 40000
916 30000
917 20000
918 30000
919 30000
920 40000
921 20000
922 40000
923 30000
924 30000
925 5000
926 30000
927 40000
928 20000
929 40000
930 20000
931 30000
932 30000
933 20000
934 40000
935 20000
936 40000
937 40000
938 5000
939 40000
940 20000
941 30000
942 30000
943 30000
944 30000
945 30000
946 40000
947 20000
948 20000
949 30000
950 40000
951 40000
952 40000
953 40000
954 40000
955 30000
956 40000
957 30000
958 40000
959 30000
960 20000
961 20000
962 30000
963 20000
964 20000
965 20000
966 20000
967 20000
968 30000
969 20000
970 20000
971 40000
972 40000
973 30000
974 30000
975 40000
976 40000
977 40000
978 40000
979 40000
980 20000
981 30000
982 20000
983 30000
984 30000
985 20000
986 20000
987 30000
988 30000
989 20000
990 30000
991 20000
992 30000
993 30000
994 20000
995 30000
996 40000
997 30000
998 30000
999 20000
1000 40000
1001 40000
1002 40000
1003 40000
1004 40000
1005 40000
1006 30000
1007 20000
1008 30000
1009 30000
1010 20000
1011 20000
1012 30000
1013 40000
1014 40000
1015 30000
1016 30000
1017 30000
1018 40000
1019 30000
1020 30000
1021 30000
1022 20000
1023 30000
1024 30000
1025 30000
1026 30000
1027 30000
1028 40000
1029 30000
1030 40000
1031 40000
1032 40000
1033 40000
1034 30000
1035 40000
1036 30000
1037 30000
1038 40000
1039 30000
1040 30000
1041 30000
1042 40000
1043 20000
1044 20000
1045 30000
1046 40000
1047 30000
1048 30000
1049 40000
1050 40000
1051 20000
1052 40000
1053 40000
1054 40000
1055 30000
1056 40000
1057 20000
1058 30000
1059 5000
1060 40000
1061 20000
1062 30000
1063 30000
1064 30000
1065 30000
1066 30000
1067 40000
1068 30000
1069 20000
1070 40000
1071 40000
1072 30000
1073 20000
1074 20000
1075 30000
1076 30000
1077 30000
1078 30000
1079 30000
1080 40000
1081 40000
1082 40000
1083 40000
1084 40000
1085 20000
1086 20000
1087 30000
1088 30000
1089 20000
1090 40000
1091 20000
1092 40000
1093 20000
1094 30000
1095 30000
1096 40000
1097 30000
1098 30000
1099 30000
1100 30000
1101 40000
1102 20000
1103 30000
1104 30000
1105 40000
1106 40000
1107 40000
1108 30000
1109 30000
1110 30000
1111 30000
1112 40000
1113 20000
1114 20000
1115 30000
1116 30000
1117 40000
1118 30000
1119 20000
1120 40000
1121 20000
1122 40000
1123 30000
1124 20000
1125 40000
1126 40000
1127 20000
1128 40000
1129 40000
1130 30000
1131 30000
1132 30000
1133 20000
1134 40000
1135 40000
1136 20000
1137 40000
1138 30000
1139 20000
1140 40000
1141 40000
1142 20000
1143 30000
1144 20000
1145 40000
1146 30000
1147 40000
1148 20000
1149 30000
1150 40000
1151 20000
1152 40000
1153 40000
1154 40000
1155 20000
1156 20000
1157 30000
1158 20000
1159 30000
1160 30000
1161 20000
1162 5000
1163 30000
1164 30000
1165 20000
1166 20000
1167 20000
1168 30000
1169 20000
1170 20000
1171 30000
1172 20000
1173 30000
1174 30000
1175 20000
1176 40000
1177 40000
1178 40000
1179 40000
1180 5000
1181 40000
1182 30000
1183 30000
1184 30000
1185 40000
1186 30000
1187 30000
1188 30000
1189 20000
1190 30000
1191 30000
1192 30000
1193 20000
1194 40000
1195 30000
1196 20000
1197 40000
1198 30000
1199 40000

0 1 20 4
0 2 30 9
0 3 8 2
0 4 38 8
0 5 8 5
0 95 10 3
0 105 16 6
0 130 39 1
0 195 2 4
0 199 44 7
0 250 48 8
0 252 2 4
0 310 50 2
0 315 2 5
0 317 29 10
0 335 29 7
0 391 13 8
0 645 14 2
0 647 27 10
0 685 44 7
0 875 9 2
0 951 13 9
0 1071 29 3
0 1105 23 4
0 1176 39 1
0 1178 35 7
1 2 19 1
1 3 45 4
1 4 28 9
1 6 47 6
1 27 47 3
1 77 27 9
1 90 1 9
1 135 39 7
1 290 15 9
1 310 49 2
1 350 32 2
1 360 44 9
1 466 30 2
1 520 6 1
1 595 16 5
1 628 17 9
1 690 11 5
1 695 19 7
1 822 36 10
1 842 50 8
1 856 38 6
1 858 36 6
1 875 4 8
1 906 10 9
1 935 9 7
1 1033 39 6
1 1053 26 4
1 1082 15 2
1 1105 38 7
1 1152 46 4
1 1153 23 1
2 3 43 2
2 4 11 8
2 7 28 9
2 8 34 7
2 9 28 8
2 10 27 10
2 11 16 4
2 12 16 9
2 13 42 10
2 14 44 5
2 60 45 2
2 65 16 5
2 96 2 10
2 138 45 5
2 330 25 8
2 336 8 9
2 365 16 6
2 391 17 3
2 451 33 2
2 460 41 2
2 557 39 6
2 580 27 2
2 731 41 4
2 950 35 4
2 975 11 9
2 1005 29 5
2 1052 43 3
2 1083 37 4
2 1120 46 3
3 4 48 7
3 15 9 8
3 16 30 1
3 17 46 9
3 18 17 9
3 19 38 4
3 30 34 6
3 60 34 5
3 66 25 4
3 168 32 3
3 169 37 8
3 225 20 8
3 275 8 1
3 414 4 1
3 450 12 2
3 467 28 10
3 493 47 5
3 530 16 8
3 534 22 2
3 555 18 7
3 581 9 7
3 715 28 3
3 726 20 1
3 763 43 3
3 821 32 5
3 835 32 8
3 1004 10 10
3 1120 48 9
3 1128 48 10
4 20 19 1
4 21 22 4
4 22 28 3
4 23 4 8
4 24 20 5
4 77 41 7
4 90 18 7
4 130 35 8
4 225 25 2
4 275 49 6
4 292 16 4
4 330 43 10
4 351 2 10
4 417 46 10
4 460 25 1
4 490 41 4
4 593 2 4
4 625 23 5
4 685 19 3
4 698 30 2
4 715 49 4
4 769 32 3
4 841 44 1
4 905 5 3
4 976 38 3
4 1033 11 10
4 1071 42 1
4 1125 46 9
6 1028 44 8
6 1145 20 9
7 791 14 4
8 796 2 1
9 123 5 10
10 207 47 9
10 1056 50 5
11 424 26 3
12 265 50 9
12 700 15 2
13 389 1 5
13 933 9 10
14 945 36 4
15 51 19 5
15 141 46 3
15 262 42 7
15 711 36 8
17 283 27 10
17 421 25 3
18 1122 42 10
19 790 32 7
20 800 9 9
21 447 9 9
21 810 34 2
23 920 45 4
23 1060 34 10
25 26 40 6
25 27 34 9
25 28 31 4
25 29 48 2
25 30 43 8
25 31 3 6
25 32 16 4
25 33 50 2
25 65 31 2
25 90 14 5
25 196 30 10
25 220 19 9
25 293 10 1
25 310 23 10
25 316 23 5
25 363 2 3
25 465 20 1
25 556 48 1
25 590 34 4
25 731 25 5
25 768 7 10
25 976 15 6
25 1003 13 8
25 1033 37 10
26 27 24 4
26 28 8 5
26 29 22 3
26 30 17 8
26 31 38 6
26 34 28 3
26 35 28 2
26 36 27 2
26 75 34 1
26 95 39 8
26 130 4 2
26 169 33 9
26 393 3 9
26 469 8 9
26 493 28 3
26 580 41 10
26 685 15 6
26 690 4 3
26 698 12 8
26 835 18 10
26 875 19 9
26 935 2 2
26 1129 15 8
26 1175 35 7
26 1177 41 3
27 28 18 10
27 29 5 10
27 30 30 2
27 31 23 3
27 37 47 10
27 38 17 1
27 39 27 6
27 40 37 2
27 41 15 3
27 42 4 9
27 60 25 5
27 65 45 4
27 109 3 7
27 253 37 3
27 337 31 3
27 416 14 1
27 521 50 4
27 716 41 1
27 820 48 4
27 835 25 7
27 910 14 8
27 952 23 5
27 1050 40 4
27 1071 39 4
27 1120 30 3
28 29 45 3
28 30 30 6
28 31 2 4
28 43 40 4
28 96 20 1
28 254 1 8
28 276 50 4
28 315 40 6
28 416 35 7
28 451 19 4
28 460 48 8
28 521 5 10
28 581 31 3
28 626 37 5
28 627 22 4
28 648 18 8
28 764 42 4
28 855 21 8
28 953 6 3
28 1084 16 9
28 1105 13 6
28 1150 44 10
29 30 44 8
29 31 11 1
29 44 21 7
29 45 11 6
29 46 1 4
29 47 42 3
29 60 47 10
29 90 40 2
29 330 12 8
29 351 35 10
29 534 21 7
29 559 44 8
29 716 14 5
29 840 32 1
29 856 43 7
29 937 1 10
29 1033 48 1
29 1082 42 8
29 1106 35 9
30 31 45 2
30 48 39 5
30 49 47 2
30 50 1 8
30 51 18 8
30 52 49 1
30 53 10 2
30 130 19 1
30 136 35 2
30 138 12 9
30 168 21 9
30 197 34 5
30 222 4 6
30 276 24 1
30 291 32 8
30 330 31 10
30 351 17 3
30 392 11 6
30 460 7 10
30 531 46 8
30 594 39 5
30 647 20 6
30 696 18 9
30 842 49 3
30 976 29 5
30 1004 8 4
30 1120 34 9
30 1154 18 5
31 54 18 6
31 55 33 7
31 56 22 8
31 57 40 9
31 58 13 2
31 59 35 2
31 106 48 10
31 336 41 4
31 364 4 9
31 451 37 7
31 685 22 2
31 690 9 3
31 726 27 9
31 820 12 8
31 875 24 4
31 909 49 2
31 1071 19 8
31 1126 41 1
32 342 8 6
32 643 9 4
32 801 27 7
34 183 19 8
36 546 9 10
37 46 14 5
40 400 33 6
41 378 16 2
42 1199 40 4
44 454 30 8
46 1090 7 9
49 665 31 5
51 843 33 5
52 484 45 9
53 1090 36 3
54 477 46 6
54 617 8 4
57 1046 25 8
58 313 36 4
58 712 28 6
59 724 49 4
60 61 9 9
60 62 30 6
60 63 22 9
60 64 26 1
60 65 27 7
60 75 30 2
60 76 15 4
60 90 38 8
60 95 37 6
60 96 45 10
60 105 47 2
60 108 48 5
60 130 25 3
60 137 44 1
60 138 33 2
60 165 41 4
60 168 8 5
60 196 12 4
60 198 18 1
60 220 26 8
60 224 37 9
60 254 11 6
60 275 3 3
60 277 21 5
60 290 37 10
60 291 36 7
60 310 9 3
60 315 45 8
60 330 3 8
60 336 42 2
60 337 38 6
60 351 37 2
60 363 34 8
60 365 21 3
60 391 25 7
60 411 11 8
60 412 23 9
60 451 41 5
60 460 46 7
60 467 19 5
60 493 33 4
60 495 37 5
60 520 45 3
60 521 35 9
60 530 30 10
60 533 40 1
60 556 18 1
60 558 22 2
60 581 16 6
60 592 41 9
60 595 16 10
60 626 37 2
60 648 36 2
60 652 29 5
60 685 2 9
60 690 14 3
60 697 21 8
60 698 41 4
60 715 29 6
60 716 50 7
60 728 5 7
60 731 42 4
60 765 31 3
60 821 25 5
60 835 12 3
60 841 9 7
60 842 9 1
60 857 4 8
60 858 14 5
60 875 4 8
60 878 39 9
60 908 6 9
60 909 20 1
60 936 11 10
60 937 20 3
60 950 14 5
60 951 35 3
60 976 35 1
60 979 38 9
60 1000 15 4
60 1001 13 9
60 1032 40 9
60 1033 47 5
60 1051 39 2
60 1070 15 5
60 1071 28 7
60 1081 5 8
60 1084 13 3
60 1106 41 7
60 1107 43 6
60 1120 12 1
60 1125 50 6
60 1126 40 8
60 1152 34 2
60 1176 1 5
60 1177 40 3
65 66 40 7
65 67 7 4
65 68 40 5
65 69 41 8
65 76 19 7
65 77 38 2
65 90 50 7
65 95 23 10
65 96 16 6
65 170 43 8
65 221 19 8
65 251 47 1
65 276 37 9
65 292 36 5
65 310 23 6
65 317 35 1
65 330 22 10
65 336 29 9
65 350 9 2
65 364 47 6
65 390 49 7
65 416 49 10
65 450 9 7
65 460 44 9
65 466 48 5
65 468 7 5
65 491 46 10
65 531 36 2
65 533 6 2
65 557 37 4
65 558 35 10
65 580 33 8
65 581 35 9
65 626 40 2
65 685 32 8
65 690 9 1
65 715 46 3
65 731 34 5
65 769 37 5
65 820 19 5
65 835 3 3
65 840 43 7
65 857 23 4
65 877 17 2
65 906 39 6
65 954 21 7
65 978 33 9
65 1032 46 2
65 1033 27 4
65 1053 49 3
65 1071 21 2
65 1083 36 6
65 1084 43 6
65 1120 47 3
65 1129 33 6
65 1152 26 7
65 1177 43 1
66 70 15 7
66 71 27 8
66 72 48 8
66 73 34 10
66 74 3 9
66 106 1 7
66 108 9 8
66 130 49 1
66 138 42 5
66 139 47 4
66 165 8 1
66 195 49 5
66 199 50 9
66 222 3 6
66 253 33 3
66 277 27 9
66 310 35 4
66 317 43 5
66 336 43 4
66 361 36 6
66 392 41 2
66 412 44 4
66 494 27 3
66 520 48 7
66 521 15 8
66 592 20 3
66 596 14 8
66 628 6 4
66 647 50 3
66 652 17 4
66 685 21 10
66 690 29 3
66 697 45 8
66 716 26 9
66 728 37 8
66 763 33 8
66 822 23 9
66 856 11 4
66 878 18 9
66 906 26 4
66 935 25 6
66 950 27 7
66 979 33 10
66 1002 17 2
66 1004 18 2
66 1052 43 8
66 1105 9 2
66 1107 39 4
66 1128 11 1
66 1151 36 4
68 1069 18 5
68 1193 35 7
69 896 14 6
70 1160 33 9
72 498 21 2
73 917 13 3
75 76 1 3
75 77 13 9
75 78 18 7
75 79 42 2
75 90 28 6
75 95 26 5
75 108 27 1
75 139 40 8
75 220 40 3
75 224 21 7
75 290 16 4
75 315 45 4
75 330 41 6
75 350 24 10
75 391 44 10
75 412 28 2
75 450 48 6
75 534 30 8
75 558 15 8
75 581 13 7
75 591 28 3
75 685 40 9
75 695 14 6
75 716 47 1
75 729 6 5
75 763 14 10
75 820 13 8
75 835 24 5
75 905 27 6
75 951 41 3
75 977 26 1
75 1050 29 6
75 1120 50 3
76 77 8 5
76 80 31 10
76 81 14 7
76 82 43 7
76 83 33 10
76 84 17 7
76 85 35 4
76 86 35 1
76 87 17 5
76 165 15 1
76 166 19 1
76 199 17 8
76 251 4 9
76 252 19 10
76 276 36 5
76 290 46 3
76 310 44 4
76 317 39 3
76 392 42 9
76 414 12 10
76 451 22 6
76 460 48 2
76 531 24 7
76 555 23 1
76 580 24 9
76 628 9 4
76 652 4 8
76 685 7 7
76 690 19 5
76 715 27 10
76 768 2 8
76 835 9 7
76 840 28 7
76 856 21 2
76 879 34 10
76 880 36 5
76 936 21 3
76 1080 49 9
76 1107 16 3
76 1125 7 9
76 1127 46 2
76 1177 25 1
76 1178 6 6
77 88 30 8
77 89 10 3
77 90 47 1
77 95 22 6
77 108 11 2
77 130 7 10
77 138 32 6
77 195 32 2
77 275 8 7
77 310 16 7
77 330 46 10
77 336 41 6
77 337 21 6
77 350 23 6
77 360 7 9
77 362 47 4
77 465 23 10
77 468 17 2
77 495 41 9
77 520 26 6
77 521 10 4
77 596 8 8
77 648 18 1
77 690 1 7
77 698 31 8
77 729 13 9
77 822 47 9
77 905 37 3
77 935 34 6
77 976 18 5
77 1001 1 10
77 1002 31 10
77 1033 11 4
77 1050 6 7
77 1070 2 7
77 1071 17 9
77 1083 32 5
77 1106 29 9
77 1120 38 8
77 1151 49 6
77 1154 36 10
78 860 48 1
78 1029 46 2
79 1134 3 7
81 1138 40 3
82 572 37 8
83 1132 13 1
84 927 8 3
84 1197 27 6
86 949 16 4
87 178 10 2
89 684 47 9
90 91 50 8
90 92 47 10
90 93 50 6
90 94 46 5
90 95 24 6
90 96 29 10
90 107 12 10
90 130 9 1
90 137 3 8
90 139 6 9
90 165 48 5
90 198 17 3
90 199 31 7
90 221 28 7
90 251 8 3
90 276 35 7
90 277 22 5
90 292 47 3
90 293 45 5
90 310 18 9
90 316 30 3
90 330 42 3
90 336 44 7
90 337 6 2
90 350 19 2
90 351 20 10
90 365 19 10
90 390 7 10
90 417 21 5
90 450 3 7
90 451 2 5
90 460 2 5
90 465 1 5
90 467 15 8
90 492 50 1
90 493 40 3
90 520 18 9
90 521 32 2
90 530 1 1
90 533 23 6
90 556 8 7
90 559 16 2
90 580 11 6
90 581 44 5
90 596 49 7
90 627 8 10
90 628 44 2
90 651 45 10
90 685 7 9
90 690 7 7
90 695 11 5
90 696 13 10
90 715 42 1
90 725 9 5
90 728 38 1
90 769 32 2
90 770 33 4
90 820 1 6
90 835 48 9
90 841 42 3
90 842 21 10
90 858 37 5
90 878 14 3
90 880 8 3
90 905 11 10
90 910 25 1
90 936 17 4
90 937 30 10
90 950 2 2
90 953 6 1
90 975 14 10
90 979 25 1
90 1001 23 4
90 1002 35 6
90 1032 37 2
90 1033 26 4
90 1050 15 6
90 1053 1 6
90 1070 18 10
90 1071 16 1
90 1080 17 2
90 1083 46 10
90 1106 39 4
90 1107 49 10
90 1120 4 5
90 1125 43 9
90 1128 11 8
90 1150 27 7
90 1152 1 8
90 1177 25 5
90 1178 11 6
92 438 32 10
94 515 28 9
95 96 24 2
95 97 24 6
95 98 34 4
95 108 34 1
95 138 32 5
95 165 26 4
95 196 35 3
95 223 14 7
95 275 31 10
95 276 4 7
95 293 40 8
95 317 40 8
95 330 37 7
95 337 19 4
95 361 34 1
95 365 24 4
95 393 30 3
95 417 36 6
95 450 2 10
95 460 22 3
95 469 26 2
95 492 12 9
95 520 41 8
95 521 7 10
95 580 11 7
95 594 50 8
95 627 15 3
95 652 30 9
95 685 31 4
95 696 34 9
95 698 27 4
95 725 38 2
95 763 14 4
95 820 35 6
95 835 20 9
95 842 38 8
95 880 50 2
95 905 9 4
95 907 22 4
95 937 1 9
95 951 26 1
95 952 10 2
95 976 16 6
95 1005 26 6
95 1033 14 7
95 1080 39 2
95 1107 5 4
95 1128 44 2
95 1150 40 9
95 1176 25 7
95 1177 21 9
96 99 28 1
96 100 32 5
96 101 19 9
96 102 19 3
96 103 8 1
96 104 29 4
96 106 1 5
96 130 19 7
96 136 31 2
96 166 49 1
96 198 23 5
96 220 30 10
96 250 50 9
96 253 24 6
96 292 21 4
96 310 10 8
96 316 26 10
96 330 24 8
96 337 45 9
96 350 37 6
96 393 21 8
96 416 24 5
96 450 32 7
96 460 18 9
96 467 6 5
96 491 47 2
96 531 4 3
96 555 41 3
96 558 40 4
96 580 46 5
96 592 46 10
96 649 22 4
96 690 5 6
96 715 41 2
96 716 50 5
96 728 38 8
96 770 24 7
96 822 1 10
96 835 3 5
96 842 29 5
96 857 18 7
96 858 27 3
96 880 14 7
96 935 14 5
96 977 4 2
96 1004 19 2
96 1031 4 1
96 1050 34 7
96 1071 22 7
96 1082 46 7
96 1106 43 10
96 1120 32 5
96 1150 43 1
98 1114 33 2
100 834 34 1
101 341 3 3
102 120 36 3
102 262 15 6
103 270 39 5
105 106 45 3
105 107 8 7
105 108 30 1
105 109 42 2
105 110 32 10
105 111 34 4
105 112 45 8
105 113 31 10
105 130 33 2
105 199 36 7
105 220 16 5
105 275 17 7
105 290 45 7
105 330 12 6
105 351 26 7
105 391 31 1
105 413 49 6
105 491 43 5
105 520 7 2
105 521 36 9
105 555 30 10
105 581 17 2
105 594 27 6
105 649 14 7
105 698 17 9
105 715 45 6
105 716 7 7
105 820 17 9
105 821 4 9
105 877 46 5
105 909 6 6
105 936 36 4
105 953 11 1
105 1050 48 2
105 1152 10 2
106 107 22 9
106 108 42 5
106 109 1 9
106 114 12 1
106 115 24 10
106 116 45 1
106 117 28 3
106 167 19 2
106 224 46 10
106 292 21 9
106 316 30 4
106 330 39 3
106 336 6 4
106 350 21 7
106 411 25 3
106 450 46 1
106 559 19 1
106 593 37 8
106 625 27 3
106 646 25 4
106 685 2 9
106 690 40 1
106 698 7 7
106 842 6 4
106 856 5 1
106 880 22 2
106 954 35 2
106 1070 36 9
106 1084 29 3
106 1120 47 7
106 1125 36 6
106 1150 3 8
107 108 43 10
107 109 45 1
107 118 16 3
107 119 39 1
107 120 45 9
107 130 20 5
107 136 50 8
107 140 24 2
107 169 5 9
107 196 35 2
107 275 10 9
107 310 4 5
107 450 38 7
107 460 19 8
107 466 43 9
107 469 44 5
107 494 11 6
107 534 44 8
107 730 47 10
107 768 50 1
107 835 28 9
107 840 34 2
107 977 26 2
107 1001 2 8
107 1032 37 6
107 1033 28 6
107 1081 9 3
107 1105 1 3
107 1120 40 2
107 1125 48 8
108 109 41 8
108 121 20 4
108 122 40 4
108 123 33 6
108 252 46 4
108 361 46 7
108 365 4 7
108 392 27 5
108 460 17 5
108 534 21 8
108 626 19 1
108 685 14 2
108 690 28 8
108 761 32 4
108 936 35 9
108 1175 44 1
109 124 41 4
109 125 1 9
109 126 33 3
109 127 24 1
109 128 45 3
109 129 24 9
109 310 28 10
109 335 47 1
109 729 36 9
109 910 15 3
109 976 44 6
109 1003 3 6
109 1052 28 4
109 1107 46 2
109 1178 2 1
110 285 38 9
111 343 2 6
111 635 26 5
113 464 18 1
115 923 25 5
116 681 34 6
118 261 46 10
118 1054 16 3
119 380 4 5
119 629 15 5
119 1079 7 6
120 333 34 2
120 800 9 8
122 218 33 8
122 850 14 7
122 941 17 6
124 385 11 9
125 1028 39 5
125 1047 37 9
126 300 40 3
128 395 24 6
128 981 4 3
129 819 8 4
130 131 30 8
130 132 18 6
130 133 48 3
130 134 33 4
130 136 31 5
130 140 42 2
130 167 10 6
130 168 1 8
130 196 9 8
130 198 36 6
130 220 36 10
130 224 45 9
130 250 33 6
130 254 27 8
130 275 29 8
130 291 49 9
130 292 21 10
130 310 39 8
130 315 25 2
130 317 8 4
130 330 33 2
130 335 50 5
130 337 42 7
130 350 8 8
130 362 2 3
130 363 21 5
130 391 21 4
130 393 2 4
130 410 24 3
130 412 50 6
130 451 50 1
130 460 46 9
130 466 10 8
130 491 45 9
130 493 28 6
130 520 20 6
130 521 19 10
130 530 15 3
130 533 24 1
130 556 7 7
130 559 32 9
130 580 10 9
130 590 46 7
130 593 48 8
130 625 35 7
130 626 4 2
130 646 25 1
130 651 26 5
130 685 30 7
130 690 14 5
130 696 15 4
130 698 48 6
130 715 28 10
130 716 32 8
130 726 16 1
130 731 23 1
130 762 9 1
130 764 11 10
130 821 5 8
130 822 5 10
130 835 34 5
130 840 15 8
130 841 41 4
130 855 40 4
130 856 35 1
130 877 29 4
130 879 8 8
130 907 14 4
130 909 11 2
130 935 37 8
130 952 17 1
130 953 22 7
130 979 3 1
130 1001 2 2
130 1004 43 5
130 1030 23 4
130 1031 32 5
130 1050 38 8
130 1051 3 6
130 1070 8 4
130 1080 22 1
130 1081 19 2
130 1105 35 7
130 1107 5 6
130 1120 12 7
130 1125 2 9
130 1126 8 8
130 1152 16 6
130 1154 44 2
130 1175 47 8
130 1176 5 3
131 422 49 10
132 1137 15 4
134 717 19 7
135 136 43 1
135 137 14 9
135 138 42 6
135 139 47 3
135 140 2 1
135 141 18 3
135 142 13 8
135 143 40 7
135 144 33 5
135 166 12 8
135 310 38 8
135 315 20 1
135 413 20 10
135 451 15 5
135 469 1 1
135 521 39 4
135 596 42 1
135 685 10 10
135 698 37 1
135 729 5 7
135 760 23 1
135 822 1 5
135 835 46 4
135 857 34 10
135 876 26 5
135 906 34 5
135 936 26 9
135 1050 44 10
136 137 39 1
136 138 2 8
136 139 20 5
136 140 48 1
136 145 41 8
136 146 9 3
136 147 38 4
136 148 39 4
136 149 33 10
136 150 13 7
136 197 2 7
136 277 4 4
136 291 49 4
136 350 46 10
136 361 11 3
136 417 33 4
136 580 33 5
136 595 46 7
136 645 50 5
136 696 13 6
136 715 29 9
136 726 45 4
136 764 40 1
136 835 20 9
136 855 25 10
136 1106 8 9
136 1127 27 4
136 1150 12 6
137 138 35 5
137 139 26 8
137 140 21 3
137 151 10 1
137 152 24 8
137 153 16 8
137 154 3 3
137 253 35 2
137 290 22 8
137 316 28 5
137 460 33 6
137 467 12 4
137 491 27 8
137 625 19 5
137 648 19 3
137 690 19 8
137 840 50 5
137 1003 12 5
137 1051 12 8
137 1107 14 4
137 1125 41 4
137 1154 47 5
138 139 21 6
138 140 13 3
138 155 20 5
138 156 37 6
138 157 4 6
138 158 25 1
138 220 49 7
138 253 6 8
138 310 42 7
138 330 20 1
138 336 18 10
138 350 9 10
138 390 44 5
138 451 20 8
138 491 13 1
138 534 37 5
138 556 2 8
138 685 25 8
138 906 20 1
138 937 1 2
138 977 21 8
138 979 32 6
138 1001 21 4
138 1032 29 5
139 140 13 6
139 159 36 10
139 160 43 3
139 161 42 9
139 162 48 6
139 170 25 8
139 222 34 9
139 330 7 1
139 365 29 8
139 390 45 4
139 626 41 6
139 690 7 6
139 821 30 5
139 877 45 9
139 952 48 6
139 1177 28 5
140 163 3 10
140 164 15 10
140 198 21 2
140 460 23 5
140 520 29 3
140 530 31 8
140 558 47 6
140 841 18 7
140 951 23 10
140 1033 41 1
140 1070 40 8
140 1071 16 8
140 1080 44 5
140 1084 17 9
140 1120 31 9
141 549 16 6
142 349 14 7
143 500 35 6
144 325 33 9
145 282 42 7
145 692 36 10
145 723 23 4
145 1114 27 6
147 178 23 6
147 1141 17 3
148 1048 15 5
152 679 2 6
153 1095 14 6
154 259 41 4
154 860 15 5
157 778 11 6
158 574 19 6
158 973 10 3
158 1133 49 2
159 355 12 6
159 1094 20 8
159 1140 4 10
160 389 37 8
161 988 21 6
163 564 44 1
164 243 14 4
164 720 40 6
165 166 44 5
165 167 22 10
165 168 42 4
165 169 21 10
165 170 18 6
165 171 29 1
165 172 27 1
165 275 50 10
165 310 10 8
165 330 31 3
165 363 45 7
165 557 13 8
165 626 14 4
165 685 6 10
165 690 38 9
165 731 32 7
165 858 44 1
165 877 35 6
165 1070 4 10
165 1128 6 8
165 1151 8 8
165 1153 42 3
166 167 12 6
166 168 24 4
166 169 23 5
166 170 20 10
166 173 48 3
166 174 30 9
166 175 42 10
166 451 49 1
166 490 47 10
166 520 46 10
166 580 23 7
166 581 26 8
166 649 6 3
166 690 25 10
166 697 19 9
166 820 25 3
166 908 22 8
166 935 2 4
166 1032 43 2
167 168 33 8
167 169 13 4
167 170 7 5
167 176 4 1
167 177 26 4
167 178 9 9
167 179 36 6
167 198 35 2
167 220 28 8
167 250 44 9
167 251 19 1
167 291 41 5
167 310 11 6
167 492 20 4
167 520 32 10
167 530 3 5
167 591 4 6
167 651 30 3
167 716 29 2
167 761 4 7
167 767 24 2
167 907 15 4
167 935 34 7
167 951 9 3
167 978 7 2
167 1080 22 7
167 1105 28 1
167 1107 16 7
167 1120 4 7
167 1126 38 8
168 169 12 4
168 170 1 7
168 180 23 1
168 181 24 6
168 182 6 2
168 183 40 7
168 184 47 7
168 185 34 5
168 186 21 7
168 330 40 10
168 351 35 1
168 415 26 4
168 460 12 7
168 532 45 4
168 593 16 8
168 821 34 7
168 856 19 8
168 975 5 10
168 1003 8 1
168 1050 2 4
168 1070 30 4
168 1084 31 9
169 170 32 4
169 187 35 1
169 188 4 3
169 189 50 2
169 190 4 10
169 191 14 3
169 192 31 2
169 290 29 3
169 316 46 3
169 317 14 10
169 335 18 9
169 351 25 1
169 451 46 1
169 460 2 7
169 685 2 10
169 695 11 8
169 715 14 3
169 726 36 2
169 835 11 3
169 952 25 6
169 1001 23 2
169 1032 24 6
169 1120 21 4
169 1176 9 9
170 193 5 10
170 194 6 8
170 222 45 5
170 275 29 4
170 335 7 8
170 363 26 5
170 390 9 8
170 391 45 6
170 411 47 7
170 465 27 4
170 468 10 8
170 556 45 3
170 628 32 3
170 835 4 4
170 841 41 6
170 842 36 2
170 878 32 6
170 1052 22 8
170 1176 32 1
171 420 30 4
173 672 30 9
173 1194 9 1
178 536 24 9
179 1166 47 9
180 187 12 5
180 501 48 3
180 749 37 8
181 574 30 2
181 612 22 4
183 481 36 8
184 915 42 7
184 1088 39 1
185 561 18 6
185 987 21 9
186 713 14 6
186 827 36 6
186 881 34 8
187 683 7 10
188 802 27 9
188 859 42 10
189 998 20 7
190 609 48 3
192 956 37 6
193 441 38 4
194 526 35 2
195 196 35 7
195 197 45 2
195 198 46 4
195 199 41 9
195 200 44 7
195 201 38 1
195 202 1 3
195 203 3 5
195 250 35 9
195 291 4 4
195 330 41 1
195 337 34 7
195 390 48 6
195 533 16 7
195 580 43 9
195 595 11 8
195 685 5 9
195 835 42 10
195 840 19 8
195 906 42 3
195 976 30 4
195 1031 43 7
195 1032 6 1
195 1070 27 10
195 1128 34 3
195 1150 22 5
195 1175 15 1
196 197 14 9
196 198 20 8
196 199 22 4
196 204 45 7
196 205 35 6
196 206 1 3
196 207 45 7
196 208 25 7
196 209 5 10
196 275 28 9
196 292 6 8
196 317 22 5
196 330 43 7
196 351 28 10
196 392 8 3
196 451 15 9
196 460 29 5
196 491 8 3
196 520 16 10
196 521 46 7
196 555 12 4
196 595 21 4
196 685 40 8
196 690 8 2
196 698 6 2
196 771 27 10
196 953 37 4
196 1051 45 7
196 1071 24 8
196 1082 31 4
196 1178 30 3
197 198 38 10
197 199 24 10
197 210 45 3
197 211 25 1
197 212 8 8
197 213 9 10
197 214 18 8
197 317 41 10
197 351 8 8
197 364 29 7
197 365 1 7
197 410 8 7
197 450 17 1
197 460 8 10
197 468 14 7
197 558 37 5
197 690 41 3
197 695 38 6
197 715 14 4
197 820 14 6
197 835 30 9
197 857 34 3
197 875 42 10
197 936 31 2
197 952 46 8
197 1051 16 8
197 1082 38 1
197 1105 21 6
197 1126 18 8
198 199 37 6
198 215 34 3
198 216 46 10
198 217 45 8
198 218 7 6
198 225 24 5
198 251 46 6
198 310 3 4
198 410 7 5
198 467 7 7
198 493 25 10
198 627 10 6
198 628 27 2
198 716 43 2
198 765 29 6
198 821 35 3
198 1004 41 3
198 1106 12 3
198 1120 7 1
199 219 14 8
199 224 21 10
199 276 45 6
199 310 44 5
199 336 38 2
199 534 47 5
199 581 19 3
199 645 42 1
199 647 4 3
199 727 50 3
199 729 23 5
199 842 31 8
199 858 12 9
199 878 31 4
199 907 12 5
199 975 16 7
199 1002 17 9
199 1153 48 8
202 1131 2 8
203 443 50 2
203 639 42 8
203 901 40 9
204 346 35 7
204 714 20 4
205 425 33 1
206 737 23 2
206 809 31 1
206 815 3 8
208 810 7 4
208 934 36 9
210 587 22 1
210 852 50 6
211 445 3 7
211 472 17 9
212 1009 30 8
212 1171 18 7
214 1104 18 1
216 383 4 7
216 452 37 10
216 538 9 6
216 819 30 2
218 959 25 7
218 1130 43 1
220 221 42 7
220 222 9 10
220 223 46 6
220 224 1 6
220 225 49 1
220 226 11 1
220 227 3 8
220 228 22 6
220 229 42 5
220 230 9 7
220 231 28 7
220 232 18 10
220 253 14 9
220 363 12 7
220 415 28 2
220 451 26 10
220 520 41 6
220 697 8 5
220 716 14 7
220 763 5 2
220 937 42 8
220 979 30 8
220 1003 13 4
220 1084 30 10
221 222 26 6
221 223 45 9
221 224 17 9
221 225 19 4
221 233 16 9
221 234 35 5
221 291 50 5
221 330 15 4
221 581 39 10
221 591 37 1
221 716 49 6
221 730 29 10
221 835 15 7
221 858 22 3
221 878 44 7
221 936 39 6
221 950 1 2
221 954 2 4
221 1107 26 9
221 1120 12 2
221 1128 45 5
221 1150 5 8
222 223 44 6
222 224 5 5
222 225 33 10
222 235 21 6
222 236 20 1
222 237 5 9
222 251 6 1
222 277 49 2
222 317 38 7
222 362 5 5
222 392 11 5
222 414 3 6
222 451 32 3
222 581 29 10
222 652 2 1
222 729 26 7
222 840 47 3
222 857 50 2
222 876 9 10
222 1031 22 1
222 1070 7 10
222 1082 44 10
222 1107 21 4
222 1154 3 10
223 224 33 2
223 225 44 5
223 238 17 4
223 239 32 2
223 240 17 1
223 241 39 4
223 337 11 3
223 350 47 8
223 468 9 8
223 490 39 9
223 558 35 3
223 685 2 1
223 690 21 10
223 1002 47 10
223 1176 24 9
223 1178 9 2
224 225 40 6
224 242 26 8
224 243 44 9
224 244 41 6
224 245 33 1
224 246 25 5
224 247 24 6
224 248 11 1
224 290 40 4
224 310 38 8
224 351 20 3
224 460 31 4
224 467 29 7
224 495 50 9
224 530 12 2
224 556 25 7
224 595 20 6
224 626 40 5
224 690 48 4
224 771 39 1
224 820 44 9
224 1031 14 6
224 1053 2 4
225 249 47 6
225 316 33 4
225 330 25 5
225 335 4 8
225 393 12 1
225 460 11 4
225 626 4 3
225 651 22 2
225 685 15 4
225 822 36 10
225 842 21 2
225 909 19 7
225 977 34 4
225 1050 3 9
225 1070 16 9
225 1129 45 3
228 996 20 5
229 449 45 4
229 664 32 4
229 885 25 3
229 958 13 4
230 893 20 10
231 271 16 9
231 680 17 2
231 740 32 4
232 1096 35 9
233 243 23 9
233 1038 2 10
234 464 16 8
234 912 48 10
234 981 28 9
235 783 12 1
236 814 19 2
237 368 36 9
237 573 7 5
238 398 35 2
239 472 40 8
240 449 28 4
241 1181 43 1
244 931 19 8
245 1057 44 2
247 865 8 8
249 807 3 4
249 1115 1 7
250 251 11 6
250 252 50 8
250 253 9 1
250 254 5 3
250 255 48 8
250 256 28 6
250 257 6 9
250 310 16 7
250 335 13 3
250 351 22 4
250 362 40 1
250 363 50 10
250 392 9 4
250 411 15 7
250 451 11 6
250 460 49 6
250 466 11 7
250 467 37 1
250 520 26 1
250 532 33 2
250 647 23 2
250 685 34 5
250 715 19 4
250 729 30 1
250 856 46 4
250 875 49 4
250 908 39 2
250 954 44 5
250 977 26 1
250 1107 31 6
250 1120 43 3
250 1151 26 10
251 252 3 6
251 253 41 7
251 254 40 8
251 258 27 1
251 259 23 8
251 260 38 8
251 261 25 8
251 277 43 1
251 290 18 10
251 315 38 1
251 330 10 3
251 350 32 7
251 412 47 1
251 450 7 9
251 493 36 8
251 647 16 2
251 685 2 9
251 690 50 4
251 716 49 2
251 731 13 5
251 950 11 3
251 1051 45 3
251 1080 41 3
251 1129 6 7
251 1176 26 2
252 253 36 6
252 254 44 9
252 262 10 10
252 335 30 1
252 581 46 8
252 696 36 8
252 697 50 2
252 769 3 1
252 840 14 7
252 877 22 5
252 975 7 2
252 1030 9 10
252 1033 23 10
252 1051 35 2
252 1120 8 5
252 1177 45 2
253 254 11 9
253 263 44 5
253 264 4 9
253 265 6 3
253 266 12 4
253 267 9 2
253 268 14 3
253 269 13 9
253 277 19 2
253 310 33 5
253 330 23 2
253 392 28 7
253 494 34 9
253 591 31 10
253 596 24 1
253 627 7 5
253 820 16 5
253 821 36 5
253 835 48 9
253 842 33 7
253 1003 46 1
253 1070 23 8
253 1081 3 2
253 1106 27 9
253 1126 12 5
254 270 27 6
254 271 36 2
254 272 35 1
254 273 3 5
254 274 33 8
254 291 10 9
254 315 7 6
254 460 16 5
254 521 11 4
254 532 40 4
254 556 41 5
254 690 13 5
254 766 24 7
254 835 36 9
254 907 6 4
254 935 4 9
254 937 25 6
254 1003 29 6
255 1066 1 2
256 852 47 6
258 963 18 9
260 572 48 2
260 1038 9 7
260 1075 16 7
263 437 21 5
263 1170 3 5
266 904 45 1
267 888 17 8
271 934 13 8
274 299 33 5
275 276 37 7
275 277 12 7
275 278 11 4
275 279 7 4
275 280 39 4
275 290 9 10
275 315 48 1
275 351 50 5
275 392 40 10
275 460 28 4
275 520 9 2
275 530 33 9
275 534 45 10
275 555 6 3
275 581 9 8
275 593 24 9
275 625 19 9
275 647 35 5
275 685 25 8
275 690 48 2
275 763 6 3
275 764 31 10
275 820 42 4
275 841 38 7
275 855 28 1
275 937 17 5
275 953 37 10
275 975 27 6
275 979 48 7
275 1031 18 1
275 1071 9 5
275 1080 5 4
275 1106 24 8
275 1120 16 8
275 1175 24 8
276 277 36 7
276 281 14 6
276 282 38 9
276 283 42 1
276 293 12 8
276 310 2 4
276 315 15 8
276 330 33 9
276 335 8 10
276 336 37 2
276 350 13 3
276 364 45 1
276 450 12 6
276 465 48 8
276 469 17 10
276 580 5 10
276 625 31 10
276 650 22 2
276 698 30 2
276 716 49 8
276 725 3 7
276 835 44 6
276 842 22 10
276 877 9 1
276 935 48 10
276 951 15 1
276 1002 23 7
276 1032 17 4
276 1050 37 8
276 1053 8 1
276 1107 35 2
276 1120 12 7
276 1129 19 9
276 1153 3 3
276 1178 7 10
277 284 24 2
277 285 40 5
277 286 9 1
277 287 9 8
277 288 7 3
277 289 2 5
277 310 37 4
277 330 19 7
277 360 4 6
277 392 26 10
277 410 9 1
277 416 14 3
277 493 47 7
277 494 25 8
277 555 25 8
277 594 22 8
277 685 34 9
277 696 13 5
277 715 46 8
277 727 44 9
277 821 33 1
277 835 29 6
277 856 40 5
277 879 49 3
277 905 41 6
277 908 28 5
277 1001 22 8
277 1070 32 5
277 1081 44 10
277 1126 5 10
277 1152 21 4
278 1117 10 2
279 583 26 4
281 419 27 2
282 1138 30 8
283 442 8 2
285 1108 17 10
286 773 27 10
288 473 45 5
288 967 1 2
290 291 22 7
290 292 26 8
290 293 29 5
290 294 37 3
290 295 45 8
290 296 18 6
290 297 20 6
290 298 16 2
290 299 46 7
290 316 11 4
290 336 18 2
290 412 44 7
290 460 45 1
290 466 31 3
290 469 17 2
290 594 15 7
290 647 13 5
290 715 6 2
290 731 43 3
290 840 48 7
290 876 24 4
290 1051 47 8
290 1070 20 10
290 1105 41 10
290 1120 25 4
290 1153 26 2
291 292 43 9
291 293 35 10
291 300 26 10
291 301 7 6
291 302 11 2
291 303 41 9
291 304 29 6
291 310 23 3
291 317 49 10
291 350 9 7
291 393 33 4
291 411 40 1
291 450 4 6
291 460 19 3
291 493 37 1
291 594 30 7
291 626 43 8
291 628 24 3
291 696 19 5
291 731 6 7
291 765 25 7
291 769 13 6
291 835 37 8
291 841 20 9
291 935 6 2
291 951 13 6
291 1175 42 5
291 1177 28 9
292 293 7 2
292 305 11 10
292 306 6 8
292 307 20 3
292 330 38 3
292 336 35 4
292 351 33 10
292 360 25 9
292 364 44 7
292 392 32 10
292 493 11 1
292 532 41 5
292 580 45 2
292 581 48 8
292 648 35 9
292 685 21 3
292 690 46 3
292 698 10 8
292 716 47 8
292 820 20 6
292 857 49 5
292 858 44 1
292 876 26 6
292 954 19 3
292 975 17 6
292 979 33 10
292 1030 16 2
292 1032 19 8
292 1081 22 6
292 1125 8 8
292 1129 21 7
293 308 41 3
293 309 50 2
293 310 41 9
293 330 14 1
293 451 47 7
293 520 15 2
293 521 23 5
293 555 2 8
293 685 50 4
293 690 41 2
293 835 40 10
293 907 45 7
293 910 44 7
293 937 41 2
293 1002 50 6
293 1003 10 2
293 1051 39 4
293 1082 13 10
293 1105 35 9
293 1152 2 2
294 705 37 2
295 372 8 7
295 539 8 6
295 673 27 7
296 943 14 1
301 751 1 1
302 309 36 6
303 433 28 3
303 871 30 10
304 688 42 3
305 308 26 4
305 318 22 2
305 834 2 7
306 1103 14 6
307 585 33 9
307 949 43 1
307 1101 23 2
310 311 49 1
310 312 2 7
310 313 42 8
310 314 40 8
310 315 13 10
310 316 26 7
310 330 48 2
310 335 15 5
310 336 38 10
310 351 2 1
310 361 33 6
310 362 30 5
310 392 47 6
310 393 30 8
310 410 11 9
310 412 1 2
310 450 43 9
310 451 11 7
310 460 40 10
310 466 3 5
310 469 36 4
310 491 42 3
310 494 22 9
310 520 46 3
310 533 1 7
310 556 18 10
310 558 36 4
310 580 5 6
310 581 12 5
310 595 21 10
310 596 18 3
310 626 32 5
310 627 25 10
310 647 19 1
310 685 27 5
310 690 8 3
310 698 32 4
310 716 3 2
310 726 44 8
310 729 28 5
310 760 6 1
310 763 45 10
310 821 47 3
310 822 29 5
310 835 34 6
310 841 32 8
310 842 44 4
310 855 18 3
310 857 29 1
310 876 19 10
310 879 46 6
310 909 46 6
310 910 6 9
310 935 9 1
310 936 21 4
310 952 23 2
310 954 32 4
310 979 39 10
310 1002 20 6
310 1005 37 10
310 1030 45 2
310 1032 50 8
310 1050 18 7
310 1053 19 1
310 1070 42 10
310 1080 33 4
310 1083 4 6
310 1106 48 7
310 1120 39 6
310 1127 16 9
310 1150 40 7
310 1153 19 3
310 1176 21 1
311 344 28 2
312 892 31 9
312 1130 17 3
312 1145 45 6
312 1183 31 6
314 1015 7 5
314 1038 37 7
314 1131 30 9
315 316 8 6
315 317 33 6
315 318 6 5
315 319 10 5
315 330 48 7
315 337 31 8
315 363 2 1
315 391 33 7
315 465 34 2
315 534 6 4
315 581 6 4
315 596 35 9
315 626 18 8
315 726 18 6
315 771 28 1
315 842 40 4
315 905 7 5
315 907 1 3
315 936 44 6
315 1002 16 9
315 1053 31 3
315 1070 2 4
315 1107 29 8
315 1120 13 1
315 1150 44 9
315 1177 3 6
316 317 34 4
316 320 32 9
316 321 3 6
316 322 41 1
316 323 36 1
316 324 12 4
316 325 4 8
316 326 12 5
316 351 5 1
316 393 49 7
316 411 33 4
316 451 33 5
316 460 48 4
316 492 39 4
316 495 1 3
316 520 7 10
316 521 16 5
316 531 35 1
316 557 13 10
316 558 1 10
316 581 12 10
316 595 35 7
316 646 13 4
316 685 9 8
316 696 39 3
316 715 26 4
316 716 19 1
316 731 36 3
316 835 49 7
316 855 35 8
316 878 17 8
316 935 26 8
316 952 9 7
316 1003 45 10
316 1032 45 9
316 1051 36 8
316 1070 22 2
316 1083 7 7
316 1120 25 2
316 1125 49 6
316 1153 14 1
316 1179 3 5
317 327 41 9
317 328 32 6
317 329 28 2
317 335 5 6
317 362 49 10
317 412 46 6
317 450 9 8
317 460 48 9
317 465 24 6
317 625 33 2
317 651 40 6
317 685 34 3
317 690 3 9
317 697 3 8
317 765 44 6
317 822 10 2
317 841 40 6
317 855 1 4
317 877 50 1
317 950 22 7
317 976 38 1
317 979 41 7
317 1032 17 2
317 1081 1 1
317 1107 44 6
317 1125 34 8
319 1194 47 2
320 552 25 7
322 349 49 9
322 602 21 9
325 612 27 10
327 1078 18 2
329 629 22 10
330 331 13 3
330 332 46 7
330 333 30 5
330 334 18 5
330 337 35 4
330 350 27 7
330 351 47 8
330 362 46 9
330 363 47 7
330 392 43 2
330 393 2 6
330 411 30 8
330 414 35 7
330 450 2 7
330 460 3 10
330 465 26 7
330 467 7 7
330 492 49 7
330 493 16 10
330 520 15 9
330 533 10 5
330 558 50 4
330 580 44 5
330 581 26 5
330 591 30 10
330 592 34 5
330 625 42 6
330 628 18 5
330 645 45 2
330 652 16 5
330 685 25 2
330 690 22 10
330 698 30 7
330 716 13 4
330 728 5 9
330 730 21 7
330 762 46 7
330 820 25 4
330 821 8 4
330 835 20 2
330 841 15 8
330 856 20 1
330 857 1 3
330 878 10 10
330 879 44 8
330 906 15 10
330 907 1 6
330 935 7 9
330 937 31 7
330 950 25 1
330 952 5 4
330 977 13 3
330 979 32 2
330 1003 46 1
330 1031 33 6
330 1032 7 8
330 1050 37 2
330 1053 42 9
330 1070 21 4
330 1071 40 9
330 1082 45 4
330 1106 1 10
330 1107 19 4
330 1120 45 10
330 1126 14 9
330 1129 9 6
330 1152 12 9
330 1154 45 9
330 1176 22 8
330 1179 47 2
332 903 24 7
332 1024 15 2
333 903 46 2
333 1042 40 2
335 336 41 4
335 337 30 3
335 338 37 7
335 339 3 8
335 360 22 4
335 414 12 9
335 451 39 7
335 460 20 6
335 468 25 10
335 490 6 3
335 520 29 8
335 531 29 2
335 581 23 1
335 649 45 5
335 690 50 2
335 725 38 7
335 726 40 2
335 766 4 2
335 822 28 4
335 835 40 8
335 842 21 6
335 878 2 9
335 906 23 10
335 937 11 6
335 954 12 6
335 977 31 6
335 1000 41 4
335 1002 4 4
335 1052 2 3
335 1053 26 1
335 1120 49 9
335 1154 14 8
336 337 33 6
336 340 23 2
336 350 17 9
336 392 44 9
336 393 6 1
336 410 29 9
336 460 15 6
336 490 43 9
336 628 24 5
336 685 16 8
336 696 9 1
336 716 5 3
336 822 24 9
336 855 40 2
336 858 12 1
336 880 21 3
336 1030 36 7
336 1071 8 6
336 1080 38 4
336 1081 8 1
336 1105 40 6
336 1120 39 7
336 1175 32 3
337 341 21 3
337 342 39 2
337 343 35 1
337 344 32 8
337 345 26 6
337 346 33 6
337 347 26 2
337 348 19 5
337 349 3 5
337 351 43 10
337 362 33 9
337 450 18 6
337 465 30 6
337 521 19 7
337 533 33 4
337 557 38 9
337 558 14 4
337 580 24 8
337 590 49 5
337 593 45 8
337 626 41 8
337 645 16 2
337 690 16 4
337 697 22 2
337 715 30 1
337 840 40 9
337 909 16 4
337 937 49 7
337 951 49 7
337 975 38 3
337 1030 16 4
337 1071 37 1
337 1106 49 10
337 1129 27 9
337 1150 11 10
337 1177 25 8
339 1183 49 7
341 406 6 6
345 377 38 2
346 636 2 3
347 538 30 2
350 351 35 6
350 352 23 2
350 353 37 2
350 354 47 2
350 355 22 1
350 356 36 5
350 357 31 1
350 363 4 7
350 391 33 10
350 410 37 7
350 414 37 4
350 451 18 6
350 460 3 5
350 466 24 5
350 469 34 9
350 491 4 1
350 494 1 3
350 520 1 6
350 533 38 1
350 580 12 6
350 594 3 1
350 625 21 4
350 650 44 10
350 651 12 10
350 685 40 6
350 690 11 9
350 698 28 3
350 716 34 8
350 731 23 3
350 822 2 10
350 835 34 5
350 857 22 6
350 876 26 2
350 877 39 6
350 935 15 3
350 937 8 8
350 953 28 5
350 954 5 8
350 977 33 8
350 1030 38 2
350 1031 8 5
350 1051 11 3
350 1084 19 8
350 1107 41 2
350 1120 6 7
350 1125 47 5
350 1176 46 6
351 358 12 2
351 359 10 9
351 360 4 10
351 392 17 4
351 451 41 5
351 460 48 2
351 521 42 8
351 530 15 4
351 555 49 3
351 558 24 3
351 628 6 5
351 690 1 2
351 731 27 4
351 763 24 3
351 821 14 10
351 842 45 7
351 857 26 3
351 907 40 10
351 908 45 8
351 977 48 8
351 1001 8 9
351 1004 13 9
351 1051 13 8
351 1070 13 8
351 1071 27 3
351 1081 23 7
351 1129 50 8
351 1150 21 10
351 1153 22 7
351 1175 24 2
352 1182 32 3
354 419 27 8
356 484 43 10
357 1014 4 8
357 1026 47 9
358 550 5 5
358 881 25 5
360 361 17 5
360 362 25 8
360 363 42 3
360 364 11 8
360 365 10 8
360 366 36 7
360 367 16 7
360 368 41 2
360 393 41 6
360 414 46 10
360 467 12 5
360 520 20 1
360 531 22 5
360 591 39 9
360 695 23 8
360 715 27 2
360 767 8 4
360 835 1 10
360 908 12 5
360 1030 28 2
360 1176 36 9
361 362 39 3
361 363 46 2
361 364 6 9
361 365 6 1
361 369 14 5
361 370 8 3
361 371 29 1
361 372 14 2
361 373 21 1
361 460 31 10
361 491 49 5
361 492 1 4
361 580 3 4
361 592 32 1
361 627 34 10
361 645 33 6
361 647 27 2
361 726 29 6
361 835 49 3
361 877 12 10
361 1051 46 1
361 1081 2 7
362 363 36 1
362 364 16 9
362 365 42 1
362 374 48 6
362 375 32 5
362 376 27 7
362 377 40 6
362 378 11 8
362 450 34 5
362 685 17 4
362 690 13 7
362 765 36 9
362 822 26 8
362 1000 18 9
362 1032 34 6
362 1071 2 9
362 1105 44 3
362 1107 38 9
362 1120 5 8
362 1125 26 9
362 1177 26 7
363 364 6 2
363 365 36 10
363 379 38 6
363 412 40 3
363 558 22 10
363 580 46 5
363 628 48 9
363 716 19 6
363 840 35 2
363 855 39 1
363 976 13 6
363 978 50 5
363 1070 9 2
364 365 29 5
364 380 7 9
364 381 25 1
364 382 39 9
364 383 6 4
364 384 12 4
364 385 14 10
364 386 8 7
364 387 4 9
364 392 14 5
364 451 9 7
364 559 33 1
364 685 41 5
364 690 5 10
364 855 1 2
364 953 25 1
364 1005 17 1
364 1053 11 8
364 1125 44 7
365 388 45 8
365 389 39 7
365 460 42 1
365 466 34 8
365 520 1 6
365 533 42 7
365 695 44 2
365 822 26 5
365 840 20 7
365 875 33 2
365 910 3 9
365 935 28 8
365 951 34 4
365 1082 12 4
365 1151 36 7
365 1154 32 7
366 1017 34 4
368 459 26 4
370 601 42 2
370 1147 10 7
372 817 47 2
372 920 31 10
373 640 22 9
373 707 7 8
374 732 46 7
375 969 39 1
379 635 1 5
381 397 9 9
381 1046 44 9
384 618 40 5
385 406 13 3
385 776 49 5
386 700 17 2
390 391 23 6
390 392 32 7
390 393 38 2
390 394 35 4
390 395 40 4
390 396 2 10
390 451 34 6
390 469 17 5
390 685 31 5
390 690 41 1
390 698 29 7
390 715 49 7
390 842 2 6
390 907 14 5
390 976 32 3
390 1033 22 7
390 1070 3 5
390 1120 37 1
390 1154 42 9
390 1179 12 8
391 392 20 6
391 393 41 5
391 397 16 5
391 398 2 6
391 399 38 9
391 400 29 5
391 401 40 8
391 460 20 3
391 493 6 3
391 495 12 8
391 590 30 6
391 646 23 3
391 685 28 2
391 695 10 9
391 727 2 6
391 771 11 1
391 821 20 5
391 835 2 4
391 875 8 1
391 952 44 4
391 954 8 4
391 1053 39 10
391 1082 14 8
391 1107 12 4
391 1127 36 7
391 1177 9 2
392 393 11 1
392 402 49 4
392 403 6 1
392 404 17 2
392 405 14 7
392 406 48 5
392 415 10 3
392 460 28 1
392 520 9 6
392 555 14 9
392 580 41 2
392 581 27 7
392 590 46 6
392 647 41 9
392 690 46 6
392 716 31 5
392 858 32 5
392 937 10 10
392 978 9 1
392 1052 45 2
392 1071 45 2
392 1120 41 1
392 1125 47 7
393 407 8 4
393 408 27 1
393 409 21 3
393 414 12 4
393 450 42 3
393 466 24 8
393 521 42 10
393 531 27 9
393 534 34 6
393 625 40 10
393 628 48 10
393 730 45 1
393 763 22 3
393 820 4 2
393 841 14 8
393 856 32 2
393 875 36 2
393 907 7 10
393 935 22 8
393 1004 11 5
393 1005 45 1
393 1032 40 10
393 1080 16 9
393 1106 11 2
393 1151 10 1
398 442 5 9
401 438 34 4
402 1060 2 5
403 791 39 3
404 634 45 4
406 739 15 7
408 606 43 2
408 632 40 2
409 994 44 10
410 411 50 3
410 412 14 10
410 413 1 8
410 414 34 10
410 415 34 5
410 416 25 10
410 417 19 2
410 418 22 10
410 419 10 4
410 420 45 9
410 493 13 8
410 520 3 1
410 580 36 8
410 650 40 2
410 767 31 6
410 835 44 4
410 935 3 2
410 978 4 8
410 1080 37 9
410 1107 27 3
410 1120 32 7
411 412 35 3
411 413 31 3
411 414 13 10
411 415 33 3
411 416 27 2
411 417 21 1
411 421 6 3
411 422 12 4
411 423 37 6
411 424 2 1
411 425 33 2
411 426 41 3
411 427 49 6
411 428 40 5
411 460 31 10
411 465 49 7
411 685 36 6
411 716 35 7
411 909 20 5
411 1128 1 1
411 1177 6 5
412 413 35 10
412 414 45 1
412 415 13 2
412 416 14 4
412 417 31 9
412 429 49 7
412 430 41 4
412 431 40 8
412 432 50 9
412 433 30 9
412 521 25 9
412 645 5 2
412 731 39 1
412 952 4 2
412 979 19 2
412 1051 33 8
413 414 6 9
413 415 40 4
413 416 18 6
413 417 39 8
413 434 32 8
413 435 44 1
413 436 34 3
413 437 47 8
413 466 30 9
413 690 21 2
413 698 25 1
413 841 32 8
413 937 27 4
413 953 29 8
413 1004 18 6
413 1150 45 2
414 415 37 3
414 416 33 7
414 417 30 5
414 438 9 2
414 439 23 7
414 531 26 9
414 821 36 8
414 909 28 7
414 1053 18 1
414 1084 32 1
414 1125 23 7
415 416 19 4
415 417 36 7
415 440 7 10
415 441 6 10
415 442 32 8
415 443 31 4
415 450 24 1
415 451 8 8
415 460 28 4
415 534 14 10
415 558 28 9
415 594 3 10
415 627 29 7
415 628 32 7
415 697 43 8
415 820 32 6
415 835 46 1
415 880 47 8
415 1071 21 3
415 1106 1 2
415 1177 27 10
416 417 4 4
416 444 30 3
416 445 14 7
416 446 32 6
416 447 49 4
416 448 22 1
416 559 48 7
416 581 39 10
416 715 22 2
416 769 46 9
416 855 19 6
416 1030 22 9
416 1071 40 6
416 1153 23 4
417 449 10 6
417 591 36 1
417 690 13 10
417 727 15 4
417 841 4 3
417 858 12 4
417 879 28 10
417 1000 45 1
417 1031 43 2
425 431 12 6
425 456 2 4
425 545 21 8
426 922 47 7
428 445 48 8
428 709 2 4
430 474 12 7
431 801 26 6
434 564 25 7
437 632 49 5
440 512 9 9
442 1112 23 3
445 1049 50 5
447 939 22 7
447 973 29 1
447 1056 1 3
449 1122 2 4
450 451 11 5
450 452 7 8
450 453 13 3
450 454 38 9
450 455 24 2
450 456 24 10
450 457 40 5
450 460 46 7
450 493 37 6
450 495 16 9
450 520 29 3
450 531 30 10
450 558 34 1
450 580 42 6
450 596 23 1
450 627 24 5
450 647 50 3
450 690 7 3
450 730 17 3
450 765 22 10
450 820 38 6
450 822 43 7
450 835 31 7
450 840 3 4
450 855 22 8
450 858 18 9
450 905 14 7
450 909 30 5
450 936 3 5
450 937 2 4
450 979 19 7
450 1000 29 4
450 1071 37 5
450 1081 3 7
450 1082 23 3
450 1105 44 9
450 1107 27 2
450 1120 10 2
450 1127 19 10
450 1176 40 3
451 458 30 3
451 459 36 8
451 467 15 8
451 468 11 7
451 520 36 5
451 534 40 7
451 559 8 4
451 580 19 8
451 595 29 9
451 626 36 10
451 646 10 3
451 685 34 8
451 690 32 5
451 695 12 10
451 697 14 1
451 715 14 1
451 716 16 9
451 731 45 5
451 769 46 3
451 840 3 4
451 875 29 8
451 877 15 7
451 950 26 8
451 977 13 5
451 1030 2 7
451 1032 11 2
451 1052 44 1
451 1053 48 7
451 1070 17 6
451 1125 17 9
451 1153 8 8
451 1154 28 10
451 1178 43 4
452 677 14 5
454 807 44 7
456 1016 7 1
458 1185 39 7
460 461 16 8
460 462 42 1
460 463 10 9
460 464 11 2
460 468 41 1
460 469 13 3
460 491 40 9
460 493 35 1
460 520 43 8
460 521 29 9
460 534 34 6
460 556 35 6
460 580 34 4
460 595 23 9
460 628 25 7
460 645 19 5
460 647 18 6
460 685 33 4
460 690 44 7
460 696 21 2
460 715 36 1
460 716 33 6
460 725 8 10
460 731 15 9
460 762 20 3
460 763 15 5
460 820 8 7
460 821 44 6
460 835 43 4
460 841 24 9
460 842 22 4
460 855 4 2
460 858 48 8
460 879 6 8
460 906 28 3
460 908 33 7
460 936 10 6
460 937 18 2
460 950 2 7
460 952 23 10
460 977 33 2
460 979 37 8
460 1003 10 9
460 1004 38 9
460 1033 40 4
460 1050 1 10
460 1051 17 9
460 1071 3 9
460 1080 12 9
460 1084 11 2
460 1105 31 6
460 1107 45 3
460 1120 36 4
460 1126 32 9
460 1128 30 6
460 1151 10 3
460 1152 46 8
460 1175 29 6
460 1177 16 9
465 466 50 1
465 467 48 4
465 468 22 9
465 469 15 7
465 470 15 5
465 471 39 3
465 472 26 10
465 473 11 5
465 474 21 7
465 491 17 10
465 520 40 7
465 532 29 3
465 580 4 9
465 591 9 2
465 696 41 10
465 835 35 8
465 878 50 2
465 951 40 2
465 977 22 5
465 1000 42 1
465 1050 25 1
465 1053 15 3
465 1071 38 2
465 1081 35 6
465 1175 26 7
466 467 36 1
466 468 21 7
466 469 41 7
466 475 32 3
466 476 38 3
466 477 43 3
466 478 40 1
466 479 47 2
466 480 33 2
466 626 6 5
466 645 47 5
466 685 35 3
466 763 15 7
466 840 34 7
466 877 21 3
466 905 24 7
466 935 37 1
466 1030 22 1
466 1105 47 5
466 1125 45 7
466 1179 22 6
467 468 3 5
467 469 50 3
467 481 43 4
467 482 42 2
467 483 28 6
467 555 24 7
467 556 49 8
467 651 4 5
467 690 4 6
467 729 11 3
467 822 43 8
467 835 15 3
467 842 20 1
467 858 46 1
467 977 39 8
467 1000 14 8
467 1071 9 2
467 1107 12 10
467 1150 27 5
468 469 22 10
468 484 12 9
468 485 21 3
468 486 49 6
468 487 48 8
468 488 1 7
468 531 10 2
468 690 11 2
468 696 23 9
468 1120 12 10
468 1129 9 1
468 1152 36 5
469 489 41 9
469 491 3 8
469 521 2 4
469 580 17 8
469 593 38 6
469 628 40 10
469 716 5 1
469 728 15 1
469 762 36 4
469 821 35 8
469 857 26 8
469 910 15 3
469 935 27 7
469 952 41 2
469 1030 49 2
469 1084 36 9
469 1120 26 5
470 665 4 8
472 570 33 8
472 719 44 9
472 920 2 3
472 1038 15 1
474 607 34 7
477 897 38 8
478 943 11 3
481 1035 38 1
483 781 14 8
484 947 18 8
486 903 49 4
487 1054 45 10
490 491 43 7
490 492 11 5
490 493 11 5
490 494 6 5
490 495 45 4
490 496 43 4
490 497 26 4
490 498 12 1
490 557 33 4
490 715 35 7
490 906 26 7
490 1003 18 4
490 1050 8 7
490 1081 36 7
490 1127 37 2
491 492 14 1
491 493 17 7
491 494 23 3
491 495 22 7
491 499 24 1
491 500 9 1
491 501 29 5
491 502 32 1
491 558 13 6
491 580 44 2
491 690 22 7
491 731 30 8
491 979 4 8
491 1051 26 9
491 1120 27 8
492 493 30 3
492 494 3 7
492 495 16 9
492 503 42 5
492 504 47 6
492 505 23 7
492 506 40 6
492 521 1 3
492 593 12 10
492 625 35 8
492 645 48 2
492 690 33 9
492 840 12 1
492 842 9 9
492 857 3 10
492 1083 10 8
493 494 4 8
493 495 50 7
493 507 12 5
493 508 19 7
493 509 21 4
493 510 47 4
493 520 3 2
493 685 47 10
493 716 5 10
493 821 7 1
493 822 48 9
493 879 35 9
493 908 16 2
493 953 26 3
493 979 27 7
493 1003 48 7
493 1071 45 8
493 1106 29 3
493 1107 50 3
493 1120 25 7
493 1152 43 8
493 1176 42 6
494 495 25 7
494 511 46 9
494 512 36 1
494 513 39 10
494 514 42 7
494 515 22 6
494 628 23 2
494 645 45 10
494 685 26 5
494 696 25 5
494 729 34 9
494 762 14 5
494 764 33 7
494 835 28 6
494 935 17 1
494 953 39 2
494 1175 7 1
495 516 16 1
495 517 32 9
495 518 29 7
495 519 47 8
495 533 11 6
495 581 33 7
495 594 30 10
495 695 42 5
495 857 20 4
495 877 47 7
495 935 49 4
495 1031 20 10
495 1032 4 7
495 1070 28 8
495 1128 9 2
495 1150 6 8
497 1164 26 8
500 679 22 3
501 517 4 10
507 642 24 10
507 898 49 5
509 1028 21 3
511 600 16 7
512 659 34 7
512 866 38 6
515 610 13 6
520 521 9 6
520 522 2 4
520 523 24 6
520 534 9 9
520 557 13 8
520 625 16 4
520 647 48 4
520 685 14 1
520 690 5 9
520 715 34 7
520 730 6 10
520 835 4 10
520 841 40 9
520 856 28 1
520 878 35 7
520 907 48 10
520 910 50 10
520 936 12 10
520 977 18 4
520 1004 18 8
520 1032 22 10
520 1053 24 1
520 1070 2 1
520 1083 45 3
520 1084 12 3
520 1105 8 1
520 1120 9 6
520 1151 14 6
521 524 50 10
521 525 48 6
521 526 38 6
521 527 45 5
521 528 21 2
521 529 24 3
521 533 24 2
521 555 22 7
521 580 2 10
521 591 25 7
521 593 21 1
521 626 24 8
521 649 10 3
521 690 5 7
521 696 38 3
521 715 17 6
521 728 19 7
521 766 40 9
521 770 21 9
521 820 18 8
521 821 4 2
521 835 11 6
521 840 14 4
521 855 48 1
521 878 8 7
521 936 42 2
521 950 15 6
521 951 32 2
521 979 37 4
521 1000 32 6
521 1032 43 1
521 1052 15 7
521 1071 24 10
521 1106 38 5
521 1120 24 4
521 1125 19 5
521 1128 42 4
521 1150 39 2
521 1177 38 10
521 1179 8 8
522 1012 25 3
527 722 7 10
530 531 23 6
530 532 26 7
530 533 1 5
530 534 48 2
530 535 32 3
530 536 31 2
530 537 30 8
530 559 49 8
530 646 31 1
530 685 14 3
530 690 47 9
530 727 3 4
530 835 7 1
530 880 45 3
530 953 49 4
530 978 46 10
530 1030 25 4
530 1105 10 8
530 1126 42 5
530 1178 8 7
530 1179 8 5
531 532 33 3
531 533 38 2
531 534 5 6
531 538 35 8
531 539 8 8
531 540 20 8
531 581 19 3
531 651 48 1
531 690 22 3
531 856 33 6
531 905 2 7
531 1071 48 4
531 1083 14 2
531 1128 5 7
531 1151 44 5
532 533 15 10
532 534 38 7
532 541 49 9
532 542 42 5
532 543 11 1
532 544 16 3
532 545 30 9
532 546 33 4
532 547 21 1
532 548 19 10
532 625 26 2
532 731 8 10
532 820 39 9
532 835 9 8
532 1030 43 8
532 1053 10 3
532 1105 15 2
533 534 46 10
533 549 46 7
533 550 7 7
533 551 46 1
533 552 21 7
533 553 7 6
533 580 50 2
533 592 1 3
533 593 39 5
533 698 14 6
533 760 11 5
533 761 21 9
533 905 16 9
533 950 41 2
533 1002 44 10
533 1071 26 5
533 1120 49 2
533 1154 1 10
534 554 3 2
534 627 29 8
534 685 16 3
534 695 20 3
534 715 42 3
534 716 27 1
534 821 11 1
534 840 32 4
534 842 1 6
534 858 38 5
534 879 13 4
534 935 7 10
534 936 46 5
534 975 7 10
534 1002 46 1
534 1052 14 4
534 1081 17 2
535 865 38 8
537 1199 44 5
539 565 2 5
539 736 20 10
544 869 38 4
545 989 19 5
548 774 13 5
551 1025 3 4
554 1172 28 1
555 556 35 3
555 557 27 8
555 558 42 2
555 559 25 3
555 560 38 1
555 561 15 5
555 562 19 1
555 563 25 10
555 564 26 5
555 565 20 4
555 566 13 1
555 593 49 9
555 625 15 4
555 651 15 2
555 685 40 8
555 697 24 3
555 730 34 2
555 765 37 7
555 822 33 1
555 857 16 6
555 936 9 4
555 954 6 10
555 1070 25 4
555 1084 2 8
555 1107 2 1
555 1120 40 1
555 1152 44 6
556 557 32 5
556 558 2 8
556 559 7 10
556 567 18 10
556 568 12 2
556 569 40 4
556 570 32 9
556 716 1 6
556 822 21 4
556 841 26 1
556 935 23 2
556 1033 5 9
556 1053 48 4
556 1120 2 8
556 1125 16 5
557 558 34 1
557 559 36 1
557 571 47 5
557 580 2 4
557 690 28 3
557 767 27 10
557 840 36 5
557 950 20 2
557 1051 27 1
557 1105 9 3
558 559 43 9
558 572 9 3
558 573 3 1
558 628 8 7
558 649 34 9
558 685 19 3
558 696 15 7
558 728 13 3
558 835 30 7
558 855 29 5
558 880 30 2
558 978 39 3
558 1003 8 3
558 1033 22 6
558 1070 39 8
558 1175 10 1
559 574 9 10
559 575 42 6
559 576 28 2
559 577 35 6
559 578 1 1
559 579 1 2
559 581 4 7
559 590 49 1
559 715 19 8
559 835 23 6
559 876 22 3
559 908 23 6
559 910 1 2
559 979 14 6
559 1001 31 2
559 1081 29 5
559 1125 48 7
559 1151 28 7
559 1176 8 8
563 732 4 6
567 891 5 2
567 1147 21 9
568 991 2 2
570 1143 31 6
571 1086 13 4
572 968 6 1
572 1197 24 4
573 600 42 4
574 499 14 2
575 946 33 5
579 904 1 2
580 581 10 7
580 582 37 8
580 583 34 3
580 584 50 6
580 585 26 10
580 586 49 5
580 587 1 9
580 588 38 1
580 595 41 7
580 685 22 9
580 695 14 1
580 696 43 10
580 715 11 8
580 761 21 2
580 771 26 2
580 835 42 1
580 842 50 4
580 857 2 6
580 877 9 8
580 906 9 5
580 978 29 1
580 1071 10 1
580 1082 5 10
580 1105 34 7
580 1106 41 4
580 1120 9 8
580 1128 43 1
580 1152 22 5
581 589 38 6
581 593 45 9
581 626 35 2
581 648 46 1
581 685 35 9
581 690 45 1
581 716 31 3
581 725 31 10
581 727 43 1
581 820 1 9
581 822 37 2
581 835 49 8
581 878 4 8
581 909 39 8
581 936 42 10
581 937 35 10
581 950 36 10
581 976 4 10
581 1003 15 6
581 1004 12 1
581 1030 27 1
581 1031 21 6
581 1052 11 6
581 1053 14 3
581 1070 3 4
581 1083 33 10
581 1120 7 4
581 1127 29 1
581 1154 13 10
581 1176 49 7
581 1177 50 8
583 668 34 4
583 899 3 9
585 772 45 7
587 1078 42 7
588 896 33 6
589 705 50 5
590 591 34 8
590 592 13 8
590 593 16 7
590 594 28 2
590 595 1 7
590 596 39 8
590 597 22 10
590 598 17 7
590 599 29 8
590 600 4 3
590 601 5 5
590 685 34 7
590 715 36 2
590 835 45 4
590 907 27 9
590 1106 17 7
591 592 42 8
591 593 43 7
591 594 6 3
591 595 24 1
591 596 29 4
591 602 1 5
591 603 44 3
591 604 42 6
591 605 3 5
591 606 34 3
591 695 48 3
591 715 33 7
591 730 11 10
591 731 50 4
591 835 46 10
591 858 50 7
591 951 42 1
591 1000 17 10
591 1033 42 3
591 1127 35 5
591 1128 26 4
591 1179 44 9
592 593 14 9
592 594 13 4
592 595 40 4
592 596 36 8
592 607 46 8
592 608 46 6
592 609 34 2
592 610 1 7
592 611 28 2
592 612 50 10
592 628 18 1
592 690 4 9
592 765 5 3
592 821 7 9
592 937 28 2
592 978 11 8
592 1000 32 8
592 1083 12 3
592 1154 32 8
593 594 12 7
593 595 17 6
593 596 37 5
593 613 43 6
593 614 46 9
593 615 23 5
593 616 13 5
593 935 12 6
593 978 44 5
593 1030 11 3
593 1107 12 6
593 1152 27 4
593 1175 36 10
594 595 32 5
594 596 1 10
594 617 23 4
594 618 47 6
594 690 24 6
594 821 34 4
594 840 41 10
594 910 30 9
595 596 26 1
595 619 39 5
595 620 44 3
595 621 48 6
595 622 11 2
595 647 19 8
595 685 12 1
595 765 13 10
595 952 25 10
595 1051 2 10
595 1070 21 4
595 1120 19 3
596 623 27 9
596 624 46 9
596 627 38 8
596 648 16 1
596 696 13 8
596 841 14 3
596 856 6 5
596 876 29 7
596 879 28 6
596 1053 32 3
596 1071 43 5
596 1082 41 10
596 1120 5 5
597 699 18 6
599 873 26 2
601 806 45 6
604 883 8 5
604 959 37 6
604 998 16 2
605 1009 41 4
605 1193 32 10
609 799 17 5
612 836 30 9
612 998 37 5
613 673 3 1
614 666 17 2
618 781 21 8
618 787 12 7
620 623 28 6
620 870 42 10
624 968 46 8
624 1170 21 5
625 626 9 4
625 627 33 6
625 628 11 2
625 629 31 3
625 630 38 5
625 631 9 9
625 632 17 2
625 633 17 1
625 634 5 9
625 690 19 3
625 695 17 9
625 729 46 4
625 771 37 4
625 841 14 4
625 910 50 8
625 936 22 5
625 937 37 10
625 954 47 5
625 1050 50 5
625 1083 34 4
625 1105 3 10
625 1120 41 2
625 1150 39 7
625 1176 9 3
626 627 10 7
626 628 28 3
626 635 19 5
626 636 18 5
626 637 20 8
626 638 9 1
626 639 25 1
626 685 37 5
626 695 13 5
626 729 13 10
626 821 33 4
626 835 37 2
626 840 6 4
626 875 39 10
626 952 3 7
626 978 41 6
626 1070 12 9
626 1082 22 6
626 1152 4 8
626 1178 12 10
627 628 7 9
627 640 15 3
627 641 7 7
627 642 42 3
627 651 12 3
627 715 34 5
627 716 43 1
627 857 17 8
627 909 29 3
627 1005 17 6
627 1032 17 8
627 1070 32 6
627 1120 40 9
628 643 28 5
628 644 26 2
628 650 46 10
628 762 8 10
628 822 31 8
628 835 40 7
628 858 15 9
628 880 28 2
628 975 5 10
628 1005 25 8
628 1032 22 5
628 1051 4 5
628 1105 19 3
628 1127 46 7
628 1128 34 8
630 1116 3 5
633 787 42 4
633 1162 46 7
634 672 35 5
634 818 4 5
638 927 42 8
639 806 36 1
642 737 35 4
645 646 36 7
645 647 28 10
645 648 49 4
645 649 8 10
645 650 33 9
645 651 19 9
645 652 33 8
645 653 18 9
645 654 23 6
645 655 12 2
645 656 19 9
645 657 26 6
645 658 33 9
645 659 40 5
645 660 22 4
645 697 26 2
645 715 49 1
645 725 18 8
645 905 6 2
645 1031 37 5
645 1051 50 4
645 1105 19 5
645 1175 44 7
646 647 20 6
646 648 10 3
646 649 10 8
646 650 26 2
646 651 11 7
646 652 14 9
646 661 7 4
646 690 7 6
646 841 9 4
646 856 26 1
646 935 29 7
646 953 50 5
646 1050 4 7
646 1071 31 1
646 1151 47 5
647 648 38 4
647 649 31 9
647 650 19 4
647 651 13 5
647 652 24 9
647 662 23 5
647 663 13 8
647 664 20 9
647 665 1 2
647 690 38 10
647 716 21 4
647 835 48 8
647 1129 32 5
648 649 7 4
648 650 10 9
648 651 21 2
648 652 1 5
648 666 37 1
648 667 18 9
648 668 10 4
648 669 26 8
648 670 15 4
648 671 23 6
648 672 4 6
648 673 31 10
648 685 31 3
648 731 22 2
648 1120 45 8
649 650 26 9
649 651 49 2
649 652 9 10
649 674 50 8
649 675 48 7
649 685 38 2
649 822 50 2
649 977 12 5
649 1082 40 6
650 651 49 8
650 652 3 7
650 676 6 7
650 760 1 1
650 820 3 10
650 842 42 1
650 879 44 4
650 953 7 10
650 1001 12 6
650 1030 16 4
650 1083 35 10
650 1127 7 3
650 1150 43 1
651 652 16 7
651 677 7 1
651 678 1 10
651 679 20 2
651 680 13 2
651 681 19 9
651 835 14 5
651 909 16 5
651 936 40 10
651 979 35 4
651 1004 38 1
652 682 5 5
652 683 37 9
652 684 31 1
652 695 46 3
652 761 23 5
652 855 44 3
652 876 44 4
652 1071 46 7
652 1106 48 10
652 1175 38 5
654 718 15 10
660 794 30 1
660 888 28 9
661 1013 49 7
662 1089 1 10
664 971 14 2
666 1025 29 3
669 778 30 4
676 872 1 1
680 758 42 1
680 833 33 9
681 1010 41 10
681 1017 18 8
682 1093 11 7
683 949 46 6
685 686 45 6
685 687 12 9
685 688 37 2
685 689 16 8
685 690 20 8
685 697 35 2
685 698 12 2
685 715 41 1
685 716 37 6
685 728 28 3
685 731 40 6
685 761 12 3
685 770 37 6
685 820 31 1
685 835 9 1
685 840 33 5
685 842 14 6
685 855 7 4
685 857 50 10
685 880 2 4
685 907 24 8
685 908 50 4
685 936 30 9
685 937 9 2
685 952 40 4
685 953 4 10
685 975 25 4
685 979 26 10
685 1005 20 10
685 1033 6 8
685 1051 4 6
685 1053 45 5
685 1071 46 6
685 1081 30 9
685 1106 14 8
685 1107 45 2
685 1120 40 2
685 1126 49 1
685 1127 37 7
685 1151 26 7
685 1152 12 9
685 1175 18 7
690 691 13 6
690 692 32 4
690 693 23 4
690 694 34 3
690 697 29 1
690 698 2 6
690 715 12 4
690 716 1 10
690 726 15 2
690 727 9 6
690 761 41 10
690 763 6 6
690 820 14 8
690 822 22 3
690 835 23 1
690 841 4 4
690 842 9 1
690 855 8 7
690 857 10 2
690 876 47 7
690 880 42 1
690 905 1 2
690 907 34 8
690 935 38 8
690 936 39 2
690 950 8 8
690 953 40 5
690 975 12 8
690 977 25 7
690 1003 47 8
690 1005 20 3
690 1030 44 6
690 1031 16 5
690 1052 3 8
690 1053 27 9
690 1070 34 2
690 1071 18 4
690 1083 16 8
690 1084 8 6
690 1105 41 10
690 1107 12 4
690 1120 9 8
690 1126 25 6
690 1128 9 3
690 1152 20 3
690 1154 31 5
690 1176 17 2
690 1177 25 2
693 870 20 8
693 1028 38 5
693 1085 17 1
695 696 20 7
695 697 41 10
695 698 21 4
695 699 11 10
695 700 24 5
695 701 33 10
695 702 50 7
695 703 31 9
695 704 19 6
695 705 10 8
695 766 7 1
695 821 44 9
695 855 7 2
695 978 1 5
695 1001 46 10
695 1032 46 8
695 1050 25 4
695 1070 2 6
695 1081 49 7
695 1120 26 2
695 1179 31 7
696 697 25 9
696 698 25 6
696 706 47 8
696 876 29 1
696 909 13 8
696 953 35 3
696 1106 18 9
696 1107 47 9
697 698 34 9
697 707 12 8
697 708 30 1
697 709 10 6
697 710 19 1
697 715 39 8
697 716 42 2
697 835 42 9
697 840 32 10
697 856 30 7
697 877 8 3
697 905 25 1
697 935 16 4
697 950 15 7
697 978 3 1
697 1051 22 3
697 1153 8 3
697 1176 2 10
698 711 32 3
698 712 5 5
698 713 30 5
698 714 37 1
698 726 34 8
698 728 38 9
698 766 26 2
698 822 37 3
698 835 31 7
698 840 39 8
698 937 25 1
698 1002 36 8
698 1030 16 5
698 1083 40 4
698 1120 17 5
698 1127 15 9
698 1154 38 10
699 799 47 5
699 1013 24 3
699 1181 32 1
702 1059 14 3
703 1048 45 3
707 850 26 6
707 1160 9 9
709 1138 27 9
713 748 49 8
714 1018 8 6
715 716 2 6
715 717 9 2
715 718 17 2
715 719 15 9
715 720 42 1
715 728 11 10
715 730 29 4
715 762 26 2
715 820 31 5
715 835 37 1
715 841 16 5
715 842 16 9
715 857 21 10
715 910 6 5
715 935 48 4
715 1001 9 2
715 1030 37 2
715 1052 39 1
715 1070 34 7
715 1081 17 1
715 1107 38 5
715 1120 31 6
715 1152 34 10
715 1179 39 2
716 721 45 6
716 722 24 1
716 723 11 10
716 724 13 2
716 761 50 10
716 821 22 2
716 855 42 3
716 875 23 1
716 880 37 1
716 906 29 3
716 935 10 4
716 951 49 8
716 976 43 10
716 1032 48 4
716 1051 23 2
716 1080 20 5
716 1105 17 4
716 1120 41 9
716 1125 49 8
716 1152 40 5
716 1176 39 7
719 903 30 9
723 754 26 9
723 786 35 4
723 949 44 4
724 1134 48 10
725 726 46 1
725 727 40 8
725 728 7 1
725 729 50 10
725 730 27 2
725 731 47 3
725 732 20 6
725 835 33 4
725 1106 30 3
725 1126 30 10
725 1129 32 5
726 727 44 1
726 728 4 7
726 729 12 9
726 730 8 4
726 731 33 1
726 733 2 4
726 734 40 8
726 735 13 9
726 736 39 1
726 737 6 8
726 738 8 6
726 739 45 8
726 740 5 7
726 768 13 8
726 976 37 2
726 1001 5 9
726 1033 2 4
726 1120 49 3
726 1151 8 10
727 557 48 10
727 728 18 4
727 729 31 8
727 730 6 2
727 731 45 8
727 741 30 10
727 821 5 4
727 842 30 3
727 935 12 4
727 1067 25 10
727 1175 23 10
728 729 9 3
728 730 6 3
728 731 9 9
728 742 6 8
728 760 9 9
728 855 7 5
728 954 42 2
728 976 41 8
728 1053 35 7
728 1070 11 5
729 730 31 9
729 731 10 9
729 743 43 2
729 744 13 7
729 745 46 9
729 746 13 10
729 747 44 2
729 748 45 1
729 749 37 3
729 835 18 5
729 910 25 8
729 935 9 3
729 952 48 10
729 1033 10 7
729 1052 42 9
729 1071 4 6
729 1105 7 2
729 1120 14 8
729 1150 13 7
729 1178 33 6
730 731 2 2
730 750 16 8
730 751 43 3
730 752 16 3
730 822 23 1
730 840 37 9
730 876 26 10
730 909 4 6
730 1080 45 1
731 753 42 5
731 754 32 4
731 755 10 3
731 756 49 6
731 757 8 9
731 758 26 2
731 759 34 10
731 855 44 2
731 880 21 4
731 1000 21 1
731 1083 10 8
734 787 19 2
734 897 21 9
736 1097 44 7
736 1190 32 4
738 1015 18 3
741 772 36 1
741 839 26 1
745 1100 28 5
747 813 23 5
749 1024 6 1
752 872 1 8
760 761 33 7
760 762 40 5
760 763 19 7
760 764 12 10
760 765 28 1
760 766 45 10
760 767 44 2
760 768 31 7
760 769 32 3
760 770 24 1
760 771 17 10
760 772 18 8
760 773 26 4
760 774 24 6
760 820 14 4
761 762 40 6
761 763 17 10
761 764 38 2
761 765 30 6
761 766 49 6
761 767 42 7
761 768 36 3
761 769 6 1
761 770 26 5
761 771 14 4
761 775 34 4
761 937 37 9
761 951 19 4
761 1071 3 7
761 1126 24 6
762 763 38 4
762 764 28 4
762 765 14 1
762 766 29 1
762 767 29 8
762 768 3 2
762 769 37 8
762 770 35 7
762 771 36 2
762 776 35 3
762 777 25 10
762 778 12 9
762 779 43 2
762 855 16 3
762 1050 36 4
763 764 6 9
763 765 21 5
763 766 7 10
763 767 32 10
763 768 35 2
763 769 2 6
763 770 41 4
763 771 20 3
763 780 32 6
763 781 40 7
763 782 3 2
763 783 4 1
763 784 42 2
763 785 2 6
763 786 39 10
763 936 25 5
763 1052 24 6
764 765 30 2
764 766 6 5
764 767 43 7
764 768 39 8
764 769 35 4
764 770 30 5
764 771 47 10
764 787 1 1
764 788 29 2
764 789 33 5
764 790 30 6
764 791 22 1
764 792 24 3
764 793 48 5
764 794 17 10
764 795 4 7
764 977 41 1
765 766 43 6
765 767 36 8
765 768 20 8
765 769 34 2
765 770 16 6
765 771 15 8
765 796 26 7
765 797 4 10
765 798 34 3
765 880 8 8
765 1001 14 3
765 1084 31 10
765 1105 5 1
766 767 32 6
766 768 40 1
766 769 46 1
766 770 29 2
766 771 27 6
766 799 19 5
766 800 22 4
766 842 31 1
766 855 3 3
766 1177 42 4
767 768 11 8
767 769 44 1
767 770 30 9
767 771 29 2
767 801 36 2
767 802 2 8
767 803 34 1
767 877 20 6
767 1032 8 7
767 1127 37 7
768 769 14 9
768 770 45 4
768 771 32 2
768 804 15 4
768 805 10 4
768 806 11 7
768 807 50 3
768 841 35 8
768 951 17 10
768 1031 14 5
768 1082 19 9
768 1120 19 8
768 1154 13 3
768 1179 19 7
769 770 11 1
769 771 9 8
769 808 47 8
769 809 8 9
769 810 7 2
769 811 10 4
769 812 45 4
769 813 3 5
769 814 24 10
769 815 7 2
769 835 14 7
769 1120 25 6
769 1151 8 4
770 771 17 2
770 816 40 2
770 817 50 3
770 820 18 9
770 907 7 5
770 977 43 3
770 1004 8 10
770 1070 49 6
771 818 22 4
771 819 2 9
771 835 22 2
771 907 10 9
771 1105 40 4
773 1049 49 9
778 881 38 7
779 1184 14 5
780 1015 19 1
784 1146 2 6
786 944 32 10
790 1146 17 10
792 796 26 9
795 912 28 5
796 1006 5 6
796 1190 40 5
800 1194 9 8
804 1102 32 4
806 843 31 9
813 1026 36 5
815 929 34 4
819 1173 44 2
820 821 46 2
820 822 50 3
820 823 23 1
820 824 6 9
820 835 15 9
820 876 26 9
820 878 44 4
820 978 20 8
820 1030 32 5
820 1052 27 7
820 1071 10 9
820 1125 6 7
820 1178 35 6
821 822 16 5
821 825 22 4
821 826 46 2
821 827 32 8
821 835 47 6
821 840 20 3
821 855 43 9
821 907 5 5
821 953 29 1
821 1003 6 4
821 1031 48 9
821 1051 17 9
821 1083 36 3
821 1107 4 4
822 828 38 10
822 829 33 6
822 830 6 4
822 831 1 8
822 832 4 9
822 833 40 1
822 834 34 8
822 842 29 1
822 858 8 5
822 910 20 1
822 936 2 6
822 954 19 7
822 979 29 8
822 1002 13 9
822 1070 40 9
822 1082 46 10
822 1105 36 9
822 1120 1 1
822 1127 46 3
822 1152 39 9
822 1154 24 5
822 1175 36 8
831 1142 14 7
831 1147 27 3
834 873 20 3
835 836 49 10
835 837 48 1
835 838 24 5
835 839 40 5
835 842 32 7
835 855 24 10
835 856 1 6
835 875 13 3
835 877 39 1
835 907 34 5
835 910 45 1
835 937 21 4
835 951 40 5
835 976 9 5
835 977 30 4
835 1003 14 7
835 1004 35 7
835 1030 44 7
835 1032 18 10
835 1050 14 2
835 1051 50 1
835 1070 47 7
835 1071 50 6
835 1080 44 3
835 1082 44 2
835 1105 11 5
835 1106 10 4
835 1120 33 5
835 1127 44 5
835 1128 41 2
835 1150 15 4
835 1151 33 6
835 1175 24 7
835 1179 25 2
839 1171 20 2
840 841 6 10
840 842 5 8
840 843 32 3
840 844 43 8
840 845 34 5
840 846 42 3
840 855 2 7
840 856 24 6
840 905 4 6
840 908 37 2
840 936 13 7
840 951 4 4
840 1030 23 3
840 1053 42 9
840 1070 38 4
840 1106 46 2
840 1120 26 9
841 842 25 6
841 847 4 3
841 848 34 3
841 849 45 10
841 850 5 5
841 851 2 7
841 876 21 1
841 878 47 1
841 935 42 4
841 1001 5 9
841 1002 4 3
841 1051 16 5
841 1080 38 5
841 1083 50 5
841 1128 47 9
841 1175 27 3
841 1179 36 1
842 852 7 8
842 853 2 1
842 854 30 5
842 952 12 4
842 975 1 2
842 979 45 8
842 1030 50 3
842 1107 9 7
842 1129 13 4
842 1150 24 4
842 1151 49 8
846 871 30 7
846 1135 14 8
847 1189 3 3
851 1183 14 8
855 856 13 3
855 857 37 6
855 858 27 7
855 859 16 9
855 860 14 5
855 879 19 1
855 906 27 3
855 950 32 9
855 975 7 2
855 1052 45 10
855 1070 30 6
855 1129 32 7
855 1151 39 9
856 857 21 1
856 858 2 8
856 861 45 3
856 862 50 5
856 863 50 2
856 864 37 7
856 865 25 4
856 937 15 3
856 975 8 10
856 1031 20 9
856 1083 4 5
856 1107 40 5
856 1129 14 6
856 1150 10 1
857 858 32 10
857 866 44 1
857 867 6 3
857 868 1 7
857 869 13 4
857 870 22 5
857 871 37 10
857 872 41 9
857 880 2 5
857 906 17 5
857 937 8 8
857 951 17 10
857 1004 15 4
857 1030 8 8
857 1053 22 10
857 1107 8 2
857 1120 1 3
858 873 14 4
858 874 2 2
858 1003 18 2
858 1070 50 4
858 1084 18 2
858 1120 1 3
858 1178 15 5
860 884 20 9
860 1113 4 10
863 991 30 6
866 916 33 5
866 1142 15 4
868 1132 27 8
873 1161 1 5
875 876 35 6
875 877 2 5
875 878 26 1
875 879 16 7
875 880 16 5
875 881 28 6
875 882 47 4
875 883 13 5
875 884 17 3
875 905 37 6
875 936 4 6
875 976 7 9
875 1070 25 9
875 1120 7 3
876 877 36 8
876 878 40 1
876 879 7 5
876 880 9 7
876 885 14 5
876 886 49 6
876 887 36 5
876 888 35 4
876 908 44 6
876 1030 8 10
877 878 45 7
877 879 31 5
877 880 25 7
877 889 10 9
877 890 45 9
877 891 42 4
877 892 23 8
877 954 31 2
877 976 25 6
877 1051 41 6
877 1081 32 4
877 1106 41 3
877 1126 34 5
877 1153 8 9
877 1177 9 6
878 879 17 6
878 880 26 8
878 893 33 5
878 894 24 1
878 935 21 9
878 1080 46 6
878 1107 27 3
879 880 46 8
879 895 28 9
879 896 18 6
879 897 49 5
879 898 38 8
879 899 19 9
879 1001 45 10
879 1004 37 9
879 1030 48 3
879 1052 31 4
879 1129 26 3
879 1179 29 1
880 900 40 1
880 901 29 9
880 902 47 2
880 903 37 7
880 904 47 6
880 951 50 1
880 1070 33 8
880 1120 38 3
885 1122 50 10
888 1026 24 7
891 894 33 9
891 1079 43 6
899 1015 48 10
905 906 32 8
905 907 11 7
905 908 6 8
905 909 35 5
905 910 5 4
905 911 28 8
905 912 50 10
905 913 15 10
905 914 5 10
905 915 17 10
905 978 27 8
905 1030 28 5
905 1053 4 7
905 1070 42 9
905 1081 12 7
905 1120 6 3
905 1127 27 1
906 907 19 4
906 908 3 7
906 909 9 2
906 910 39 4
906 916 33 6
906 917 30 10
906 918 2 10
906 919 12 2
906 920 47 9
906 935 29 1
906 1000 26 8
906 1004 29 1
906 1126 33 3
907 908 33 5
907 909 49 1
907 910 25 9
907 921 11 8
907 922 22 5
907 923 32 6
907 924 45 1
907 953 30 7
907 976 46 6
907 1033 34 4
907 1082 19 9
908 909 11 7
908 910 47 9
908 925 33 4
908 953 42 1
909 910 42 2
909 926 34 7
909 927 43 7
909 928 47 6
909 929 31 1
909 930 10 1
909 931 33 5
909 932 5 8
909 933 35 4
909 937 26 6
909 1071 3 6
909 1150 4 3
909 1152 35 9
910 934 35 7
910 1052 19 2
910 1105 20 3
910 1106 27 6
910 1175 5 10
910 1177 34 2
913 1092 19 6
926 1194 40 2
929 1132 15 8
929 1184 24 4
935 936 44 6
935 937 49 4
935 938 42 5
935 939 34 5
935 952 15 8
935 954 47 1
935 979 3 7
935 1120 21 10
935 1151 20 1
935 1179 42 4
936 937 35 6
936 940 17 4
936 941 37 2
936 942 36 7
936 943 4 7
936 944 16 5
936 945 26 6
936 946 26 2
936 1052 44 10
936 1070 40 6
936 1083 1 1
936 1107 9 10
937 947 19 8
937 948 15 9
937 949 27 1
937 978 41 6
937 1002 50 10
937 1004 46 4
937 1032 43 7
937 1050 24 2
937 1071 28 6
937 1084 37 6
937 1107 24 2
937 1120 10 9
937 1125 24 7
937 1129 36 4
937 1150 24 10
937 1176 16 7
939 998 16 2
949 1191 20 1
950 951 44 2
950 952 5 2
950 953 15 8
950 954 24 1
950 955 23 8
950 1002 21 5
950 1053 27 2
950 1084 45 6
950 1105 16 8
950 1120 35 9
951 952 28 7
951 953 49 4
951 954 12 6
951 956 36 4
951 957 19 7
951 975 35 1
951 976 21 7
951 1179 17 2
952 953 16 3
952 954 27 1
952 958 11 7
952 959 12 2
952 960 21 1
952 961 44 2
952 962 40 10
952 1033 38 1
952 1071 25 1
952 1106 28 7
952 1178 32 6
953 954 18 9
953 963 25 2
953 964 46 4
953 965 38 10
953 966 6 9
953 967 9 7
953 968 34 10
953 969 20 9
953 970 10 4
953 1050 3 10
953 1083 12 6
953 1120 39 1
953 1151 6 5
953 1154 43 4
954 971 24 8
954 972 43 5
954 973 10 10
954 974 21 6
954 1005 27 3
954 1031 5 2
954 1128 45 1
954 1129 33 3
972 1111 27 4
975 976 7 3
975 977 32 8
975 978 27 8
975 979 42 3
975 980 43 2
975 981 13 2
975 982 21 5
975 983 4 7
975 1031 11 8
975 1071 15 4
975 1084 48 7
975 1120 37 4
975 1129 28 8
976 977 10 10
976 978 21 4
976 979 39 3
976 984 33 3
976 985 37 5
976 986 39 7
976 987 10 2
976 1002 6 3
976 1084 1 1
976 1153 28 5
976 1154 35 2
977 978 11 7
977 979 34 9
977 988 7 3
977 989 45 3
977 990 10 5
977 991 39 5
977 992 3 10
977 993 12 8
977 1030 6 7
977 1051 11 9
977 1105 44 6
977 1107 24 6
977 1128 15 5
977 1178 36 2
978 979 33 1
978 994 49 2
978 995 9 6
978 996 40 10
978 997 42 8
978 1050 36 9
978 1120 29 7
978 1176 21 2
979 998 37 5
979 999 11 8
979 1004 19 3
979 1071 9 10
984 988 23 9
995 1018 28 2
995 1078 47 6
1000 1001 7 3
1000 1002 49 8
1000 1003 27 3
1000 1004 46 3
1000 1005 31 4
1000 1006 35 8
1000 1007 50 9
1000 1120 19 10
1000 1153 12 4
1001 1002 11 4
1001 1003 13 7
1001 1004 33 6
1001 1005 10 9
1001 1008 22 6
1001 1176 31 4
1002 1003 39 6
1002 1004 32 1
1002 1005 33 4
1002 1009 11 2
1002 1010 33 7
1002 1011 11 3
1002 1012 45 1
1002 1013 45 1
1002 1014 1 2
1002 1071 14 5
1002 1120 25 3
1002 1127 48 8
1002 1154 46 2
1003 1004 36 5
1003 1005 44 3
1003 1015 19 10
1003 1016 11 7
1003 1017 10 9
1003 1018 44 3
1003 1019 17 1
1003 1032 41 4
1003 1050 21 8
1003 1052 18 5
1003 1080 23 1
1003 1127 8 6
1003 1178 17 10
1004 1005 43 6
1004 1020 3 6
1004 1021 28 4
1004 1022 23 7
1004 1023 9 3
1004 1024 18 6
1004 1025 28 9
1004 1026 5 6
1004 1031 47 5
1004 1080 10 2
1005 1027 47 10
1005 1028 50 6
1005 1029 42 8
1005 1070 4 3
1005 1105 23 9
1005 1106 10 7
1006 1041 49 5
1009 1014 33 1
1016 1094 45 9
1028 1046 20 7
1030 1031 11 2
1030 1032 20 2
1030 1033 18 4
1030 1034 46 2
1030 1035 6 7
1030 1036 34 9
1030 1052 9 5
1030 1120 12 5
1030 1152 47 3
1030 1176 44 3
1031 1032 17 8
1031 1033 47 8
1031 1037 39 10
1031 1038 23 5
1031 1053 10 6
1031 1071 22 3
1031 1080 47 2
1031 1106 23 4
1031 1120 37 2
1031 1151 41 10
1032 1033 6 5
1032 1039 40 9
1032 1040 50 4
1032 1041 35 3
1032 1042 15 6
1032 1043 5 9
1032 1044 41 9
1032 1045 44 6
1032 1046 43 1
1032 1047 46 10
1033 1048 46 10
1033 1049 22 6
1033 1071 17 3
1033 1081 48 9
1033 1105 12 2
1033 1126 32 8
1033 1128 25 3
1036 1090 44 5
1042 1096 35 9
1050 1051 37 1
1050 1052 45 8
1050 1053 25 6
1050 1054 40 10
1050 1055 7 6
1050 1056 44 5
1050 1057 19 3
1050 1058 27 3
1050 1083 13 1
1050 1120 12 3
1050 1152 46 7
1050 1175 1 6
1051 1052 20 4
1051 1053 46 8
1051 1059 39 8
1051 1060 31 2
1051 1070 47 9
1051 1071 42 7
1051 1082 8 1
1051 1105 46 6
1051 1106 17 2
1051 1128 47 3
1052 1053 18 4
1052 1061 21 9
1052 1062 1 6
1053 1063 32 4
1053 1064 30 5
1053 1065 45 5
1053 1066 32 8
1053 1067 16 8
1053 1068 34 7
1053 1069 24 6
1053 1153 3 5
1053 1179 42 4
1060 1090 3 2
1062 1199 39 9
1067 1173 4 4
1070 1071 20 1
1070 1072 37 6
1070 1073 41 8
1070 1074 29 3
1070 1107 27 5
1070 1120 3 5
1070 1125 36 7
1070 1177 4 10
1070 1179 26 7
1071 1075 45 4
1071 1076 1 1
1071 1077 17 4
1071 1078 29 2
1071 1079 25 6
1071 1081 30 9
1071 1082 32 3
1071 1107 29 1
1071 1120 10 4
1071 1129 46 5
1071 1151 50 7
1071 1152 15 7
1079 1140 37 6
1080 1081 32 2
1080 1082 13 2
1080 1083 33 4
1080 1084 14 4
1080 1085 41 2
1080 1086 42 8
1080 1087 34 7
1080 1152 38 6
1080 1154 49 6
1080 1176 45 9
1081 1082 35 8
1081 1083 6 8
1081 1084 40 4
1081 1088 35 2
1081 1089 23 10
1081 1090 33 2
1081 1105 11 2
1081 1107 3 7
1081 1127 36 1
1082 1083 17 3
1082 1084 36 7
1082 1091 27 10
1082 1092 49 5
1082 1093 36 3
1082 1094 31 2
1082 1120 50 7
1082 1175 8 3
1083 1084 17 10
1083 1095 10 1
1083 1096 2 5
1083 1097 36 9
1083 1127 12 4
1084 1098 50 8
1084 1099 47 1
1084 1100 46 9
1084 1101 16 4
1084 1102 28 7
1084 1103 41 9
1084 1104 49 2
1084 1120 45 9
1089 1091 23 5
1098 1116 24 5
1105 1106 40 2
1105 1107 40 1
1105 1108 50 2
1105 1109 20 3
1105 1110 7 5
1105 1111 38 9
1105 1112 1 3
1105 1128 2 7
1105 1179 39 9
1106 1107 23 7
1106 1113 26 2
1106 1114 45 7
1106 1115 19 10
1106 1116 43 5
1106 1117 14 5
1106 1120 49 5
1106 1153 11 2
1107 1118 9 1
1107 1119 42 9
1107 1120 6 5
1107 1125 25 6
1107 1153 14 2
1107 1176 18 4
1120 1121 9 1
1120 1122 1 7
1120 1123 11 1
1120 1124 27 8
1120 1126 22 2
1120 1127 3 2
1120 1150 40 5
1120 1154 20 3
1120 1177 50 9
1120 1179 12 7
1125 1126 35 5
1125 1127 7 10
1125 1128 28 4
1125 1129 19 2
1125 1130 44 8
1125 1131 42 8
1125 1132 21 2
1125 1133 16 5
1125 1134 44 10
1125 1135 12 7
1125 1176 27 1
1126 1127 3 6
1126 1128 3 4
1126 1129 25 5
1126 1136 21 1
1126 1137 32 4
1126 1138 33 5
1126 1139 20 9
1126 1140 27 1
1126 1141 49 2
1127 1128 21 7
1127 1129 19 2
1127 1142 25 3
1127 1150 39 10
1128 1129 4 8
1128 1143 40 2
1128 1144 8 7
1128 1145 34 1
1128 1146 29 10
1128 1147 47 5
1128 1148 5 6
1128 1151 3 10
1129 1149 43 7
1138 1185 13 5
1150 1151 21 2
1150 1152 14 2
1150 1153 46 2
1150 1154 41 6
1150 1155 18 2
1150 1156 34 8
1150 1157 32 3
1150 1158 38 5
1150 1159 6 6
1150 1160 9 2
1150 1161 25 1
1150 1178 7 4
1151 1152 32 8
1151 1153 8 1
1151 1154 9 7
1151 1162 11 10
1152 1153 16 3
1152 1154 46 4
1152 1163 11 5
1153 1154 4 9
1153 1164 44 5
1153 1165 19 1
1153 1166 21 6
1153 1167 50 1
1153 1179 18 8
1154 1168 49 7
1154 1169 37 6
1154 1170 47 1
1154 1171 39 6
1154 1172 32 9
1154 1173 1 10
1154 1174 25 8
1175 1176 40 9
1175 1177 13 8
1175 1178 50 4
1175 1179 49 8
1175 1180 46 2
1175 1181 20 8
1176 1177 4 5
1176 1178 4 2
1176 1179 9 8
1176 1182 27 6
1176 1183 5 9
1176 1184 23 1
1176 1185 46 9
1177 1178 45 7
1177 1179 28 4
1177 1186 26 10
1177 1187 6 8
1177 1188 45 5
1177 1189 41 2
1177 1190 34 9
1178 1179 26 9
1178 1191 21 7
1178 1192 9 10
1178 1193 13 3
1178 1194 8 9
1178 1195 6 6
1179 1196 32 7
1179 1197 43 3
1179 1198 7 1
1179 1199 3 6

0 399 11
1 962 25
2 81 30
3 17 27
4 44 36
5 1065 11
6 813 19
7 839 41
8 338 18
9 1040 23
10 92 47
11 919 5
12 1023 5
13 1047 45
14 537 29
15 699 41
16 773 65
17 307 37
18 1149 14
19 984 21
20 616 5
21 247 21
22 779 16
23 1020 2
24 464 10
25 207 42
26 1058 13
27 597 28
28 553 5
29 1078 51
30 1034 19
31 427 26
32 805 3
33 329 14
34 279 19
35 612 69
36 213 3
37 566 5
38 52 66
39 286 9
40 959 49
41 478 18
42 50 1
43 1063 12
44 709 11
45 385 51
46 916 22
47 24 9
48 242 14
49 1191 24
50 99 6
51 632 56
52 775 22
53 541 32
54 126 45
55 811 3
56 677 11
57 1025 33
58 636 12
59 434 27
60 431 30
61 823 12
62 575 36
63 1168 32
64 355 15
65 988 18
66 486 53
67 1062 17
68 459 22
69 205 22
70 437 30
71 97 16
72 542 23
73 8 21
74 231 22
75 869 15
76 577 23
77 208 48
78 1108 25
79 78 36
80 1138 31
81 210 49
82 666 18
83 974 7
84 497 23
85 891 78
86 631 5
87 394 13
88 1076 1
89 269 7
90 664 45
91 85 18
92 371 7
93 668 30
94 932 4
95 573 28
96 333 83
97 327 38
98 814 19
99 6 33
100 885 62
101 314 40
102 518 7
103 1188 27
104 968 57
105 101 16
106 128 47
107 1072 23
108 386 17
109 440 4
110 349 20
111 1012 24
112 172 17
113 280 21
114 228 15
115 156 18
116 48 22
117 1132 39
118 1021 8
119 800 33
120 430 34
121 287 3
122 502 14
123 1039 24
124 1045 30
125 832 1
126 701 22
127 637 14
128 1024 20
129 551 24
130 751 15
131 134 34
132 303 37
133 500 29
134 1027 23
135 757 6
136 578 1
137 37 30
138 738 6
139 118 26
140 894 18
141 689 6
142 102 43
143 265 29
144 283 48
145 1198 4
146 675 12
147 67 5
148 733 1
149 501 47
150 572 35
151 234 64
152 423 18
153 455 10
154 341 16
155 1111 24
156 669 21
157 1029 56
158 1064 7
159 377 47
160 421 22
161 387 3
162 790 22
163 740 17
164 447 49
165 368 62
166 322 38
167 663 4
168 79 30
169 305 42
170 865 26
171 539 11
172 226 4
173 297 7
174 705 39
175 1048 69
176 816 9
177 536 34
178 177 6
179 103 24
180 445 73
181 1075 22
182 686 13
183 176 3
184 815 29
185 485 5
186 1163 3
187 438 38
188 812 19
189 794 28
190 1008 14
191 72 42
192 340 9
193 154 41
194 759 22
195 654 13
196 995 53
197 1077 10
198 312 44
199 32 26
200 607 25
201 828 26
202 732 45
203 945 42
204 845 15
205 45 8
206 328 13
207 36 25
208 1186 11
209 1157 12
210 630 18
211 671 16
212 249 14
213 788 20
214 1095 9
215 346 36
216 801 54
217 270 44
218 987 13
219 47 22
220 1130 28
221 433 29
222 57 21
223 442 47
224 784 20
225 924 10
226 620 80
227 897 68
228 5 6
229 867 3
230 1104 26
231 475 11
232 941 33
233 498 13
234 1094 67
235 121 5
236 132 21
237 152 10
238 567 24
239 898 59
240 289 1
241 918 1
242 574 27
243 1160 13
244 39 18
245 12 21
246 202 2
247 1099 31
248 63 11
249 180 57
250 380 4
251 899 20
252 854 9
253 472 67
254 422 29
255 481 50
256 260 65
257 1087 10
258 824 5
259 113 19
260 853 2
261 1171 39
262 615 14
263 1006 38
264 923 30
265 522 11
266 913 10
267 1182 25
268 993 5
269 261 26
270 848 10
271 619 12
272 211 28
273 227 1
274 1183 67
275 1079 65
276 74 2
277 849 18
278 33 20
279 902 25
280 141 38
281 603 19
282 477 57
283 217 21
284 426 39
285 990 3
286 1097 38
287 777 8
288 229 108
289 680 56
290 232 36
291 850 29
292 319 37
293 998 39
294 237 12
295 366 29
296 1115 10
297 54 30
298 739 25
299 601 27
300 833 42
301 758 18
302 62 17
303 100 42
304 785 2
305 872 9
306 672 20
307 931 18
308 926 24
309 561 18
310 476 22
311 212 20
312 843 51
313 295 31
314 406 53
315 1066 9
316 1143 35
317 781 50
318 194 27
319 515 20
320 190 36
321 23 43
322 51 29
323 21 15
324 357 40
325 178 17
326 175 23
327 58 33
328 1036 43
329 192 19
330 586 15
331 547 12
332 420 29
333 825 6
334 1131 42
335 372 43
336 846 60
337 736 73
338 1098 48
339 707 34
340 1164 32
341 1103 30
342 1009 45
343 419 41
344 444 13
345 911 6
346 1195 4
347 473 15
348 780 24
349 114 5
350 973 31
351 791 35
352 826 20
353 147 21
354 353 14
355 721 11
356 358 18
357 332 19
358 110 45
359 425 32
360 83 25
361 587 43
362 903 111
363 436 23
364 1184 40
365 219 7
366 834 58
367 397 15
368 233 12
369 1100 21
370 644 15
371 1159 3
372 14 18
373 665 19
374 206 34
375 756 33
376 640 8
377 884 11
378 914 2
379 53 16
380 325 45
381 321 2
382 1055 5
383 509 28
384 1017 37
385 111 18
386 59 31
387 373 34
388 274 42
389 160 46
390 403 28
391 1174 15
392 326 8
393 1041 57
394 582 24
395 84 28
396 642 45
397 240 31
398 724 43
399 1016 14
400 944 13
401 706 14
402 143 43
403 949 95
404 348 8
405 1088 38
406 112 15
407 942 15
408 1037 24
409 1187 4
410 535 32
411 435 30
412 238 25
413 643 21
414 69 28
415 570 53
416 997 16
417 218 53
418 1019 8
419 273 2
420 285 28
421 184 88
422 981 19
423 888 38
424 209 4
425 1110 4
426 1192 5
427 94 32
428 943 13
429 1015 63
430 267 16
431 1026 41
432 744 7
433 461 9
434 400 14
435 1123 3
436 256 44
437 789 10
438 9 16
439 635 31
440 658 22
441 818 6
442 1116 34
443 452 32
444 104 9
445 404 16
446 462 27
447 687 7
448 870 20
449 992 1
450 718 19
451 1109 10
452 883 6
453 428 63
454 955 11
455 793 12
456 506 22
457 1173 13
458 1068 15
459 201 20
460 638 29
461 889 5
462 1146 14
463 514 14
464 560 24
465 146 6
466 810 28
467 513 27
468 56 8
469 278 12
470 129 19
471 1118 3
472 311 17
473 957 9
474 600 21
475 182 4
476 1190 30
477 133 19
478 983 2
479 837 19

1 900000
