1200 5234 480 2

750

0 25 2000
1 50 7000
2 75 12000
3 100 17000
4 125 27000
5 150 32000
6 175 38000
7 200 44000
8 225 50000
9 250 55000

0 40000
1 40000
2 30000
3 30000
4 40000
5 20000
6 30000
7 20000
8 40000
9 30000
10 40000
11 40000
12 20000
13 40000
14 30000
15 30000
16 40000
17 20000
18 40000
19 40000
20 30000
21 30000
22 5000
23 5000
24 5000
25 20000
26 30000
27 30000
28 30000
29 20000
30 40000
31 20000
32 20000
33 30000
34 30000
35 40000
36 40000
37 30000
38 20000
39 20000
40 30000
41 40000
42 30000
43 20000
44 30000
45 40000
46 40000
47 20000
48 40000
49 40000
50 30000
51 30000
52 20000
53 40000
54 30000
55 20000
56 20000
57 30000
58 30000
59 30000
60 40000
61 5000
62 40000
63 30000
64 40000
65 20000
66 20000
67 40000
68 20000
69 30000
70 40000
71 40000
72 40000
73 40000
74 40000
75 30000
76 30000
77 20000
78 30000
79 30000
80 20000
81 30000
82 20000
83 20000
84 30000
85 20000
86 40000
87 40000
88 40000
89 40000
90 40000
91 40000
92 5000
93 5000
94 20000
95 40000
96 20000
97 30000
98 40000
99 30000
100 30000
101 40000
102 40000
103 40000
104 30000
105 20000
106 40000
107 20000
108 30000
109 40000
110 30000
111 20000
112 30000
113 30000
114 30000
115 20000
116 30000
117 20000
118 30000
119 40000
120 40000
121 30000
122 40000
123 20000
124 30000
125 40000
126 40000
127 20000
128 40000
129 40000
130 40000
131 20000
132 30000
133 30000
134 40000
135 30000
136 30000
137 20000
138 20000
139 40000
140 30000
141 40000
142 30000
143 5000
144 5000
145 30000
146 30000
147 20000
148 20000
149 30000
150 40000
151 30000
152 20000
153 30000
154 40000
155 30000
156 30000
157 5000
158 5000
159 5000
160 40000
161 40000
162 30000
163 20000
164 20000
165 20000
166 30000
167 20000
168 30000
169 40000
170 40000
171 30000
172 30000
173 20000
174 30000
175 40000
176 40000
177 40000
178 30000
179 20000
180 40000
181 30000
182 30000
183 30000
184 30000
185 30000
186 30000
187 20000
188 30000
189 30000
190 40000
191 20000
192 40000
193 40000
194 40000
195 40000
196 40000
197 30000
198 30000
199 40000
200 40000
201 5000
202 30000
203 20000
204 30000
205 20000
206 30000
207 40000
208 20000
209 30000
210 30000
211 20000
212 20000
213 30000
214 30000
215 30000
216 30000
217 30000
218 40000
219 40000
220 30000
221 40000
222 30000
223 30000
224 30000
225 20000
226 40000
227 40000
228 40000
229 40000
230 40000
231 20000
232 40000
233 5000
234 20000
235 20000
236 30000
237 20000
238 30000
239 30000
240 30000
241 20000
242 30000
243 30000
244 20000
245 40000
246 20000
247 30000
248 30000
249 30000
250 30000
251 40000
252 20000
253 30000
254 30000
255 30000
256 30000
257 30000
258 40000
259 30000
260 5000
261 40000
262 30000
263 40000
264 30000
265 40000
266 40000
267 40000
268 40000
269 40000
270 30000
271 30000
272 40000
273 30000
274 30000
275 30000
276 20000
277 30000
278 20000
279 30000
280 40000
281 30000
282 20000
283 40000
284 40000
285 30000
286 40000
287 30000
288 30000
289 30000
290 40000
291 40000
292 30000
293 30000
294 30000
295 30000
296 20000
297 20000
298 30000
299 20000
300 40000
301 40000
302 40000
303 40000
304 40000
305 40000
306 40000
307 40000
308 20000
309 30000
310 20000
311 40000
312 30000
313 20000
314 40000
315 20000
316 30000
317 30000
318 30000
319 30000
320 40000
321 30000
322 30000
323 30000
324 30000
325 30000
326 30000
327 20000
328 20000
329 30000
330 20000
331 40000
332 30000
333 40000
334 30000
335 20000
336 40000
337 30000
338 30000
339 30000
340 40000
341 40000
342 40000
343 40000
344 40000
345 40000
346 30000
347 30000
348 40000
349 20000
350 20000
351 30000
352 20000
353 30000
354 30000
355 20000
356 30000
357 30000
358 40000
359 30000
360 20000
361 30000
362 30000
363 40000
364 40000
365 40000
366 30000
367 20000
368 30000
369 40000
370 40000
371 20000
372 30000
373 30000
374 30000
375 40000
376 40000
377 40000
378 40000
379 30000
380 20000
381 30000
382 20000
383 30000
384 20000
385 30000
386 30000
387 30000
388 30000
389 20000
390 20000
391 20000
392 40000
393 30000
394 30000
395 40000
396 40000
397 40000
398 40000
399 40000
400 40000
401 30000
402 30000
403 20000
404 30000
405 30000
406 40000
407 30000
408 40000
409 30000
410 40000
411 30000
412 30000
413 30000
414 40000
415 20000
416 20000
417 40000
418 30000
419 20000
420 30000
421 30000
422 30000
423 30000
424 30000
425 40000
426 30000
427 40000
428 30000
429 30000
430 40000
431 40000
432 30000
433 30000
434 30000
435 40000
436 30000
437 30000
438 20000
439 40000
440 40000
441 40000
442 40000
443 20000
444 40000
445 40000
446 40000
447 30000
448 40000
449 20000
450 20000
451 30000
452 30000
453 20000
454 20000
455 30000
456 30000
457 20000
458 20000
459 30000
460 30000
461 20000
462 40000
463 40000
464 5000
465 30000
466 40000
467 30000
468 20000
469 30000
470 40000
471 40000
472 40000
473 20000
474 20000
475 40000
476 40000
477 40000
478 40000
479 40000
480 30000
481 30000
482 20000
483 20000
484 20000
485 40000
486 20000
487 30000
488 20000
489 30000
490 20000
491 20000
492 30000
493 40000
494 20000
495 30000
496 30000
497 30000
498 30000
499 20000
500 40000
501 40000
502 30000
503 30000
504 30000
505 20000
506 30000
507 20000
508 30000
509 30000
510 40000
511 30000
512 30000
513 40000
514 30000
515 40000
516 20000
517 40000
518 40000
519 40000
520 40000
521 20000
522 30000
523 30000
524 5000
525 40000
526 5000
527 5000
528 30000
529 30000
530 30000
531 40000
532 30000
533 30000
534 30000
535 40000
536 40000
537 30000
538 20000
539 30000
540 30000
541 30000
542 30000
543 30000
544 20000
545 40000
546 40000
547 40000
548 40000
549 40000
550 40000
551 40000
552 40000
553 40000
554 40000
555 30000
556 30000
557 30000
558 30000
559 20000
560 20000
561 30000
562 20000
563 40000
564 20000
565 30000
566 30000
567 30000
568 40000
569 20000
570 40000
571 20000
572 30000
573 40000
574 40000
575 30000
576 40000
577 40000
578 20000
579 30000
580 20000
581 40000
582 20000
583 30000
584 40000
585 20000
586 30000
587 20000
588 20000
589 30000
590 30000
591 30000
592 40000
593 30000
594 20000
595 40000
596 20000
597 40000
598 40000
599 30000
600 40000
601 30000
602 20000
603 30000
604 40000
605 5000
606 5000
607 20000
608 40000
609 30000
610 30000
611 40000
612 20000
613 30000
614 20000
615 40000
616 40000
617 30000
618 30000
619 20000
620 40000
621 20000
622 40000
623 30000
624 40000
625 20000
626 40000
627 40000
628 40000
629 5000
630 40000
631 30000
632 40000
633 30000
634 30000
635 30000
636 30000
637 40000
638 20000
639 30000
640 30000
641 40000
642 20000
643 40000
644 20000
645 40000
646 30000
647 40000
648 40000
649 20000
650 40000
651 40000
652 20000
653 40000
654 20000
655 40000
656 40000
657 30000
658 30000
659 30000
660 30000
661 30000
662 30000
663 20000
664 30000
665 40000
666 30000
667 40000
668 40000
669 20000
670 40000
671 40000
672 20000
673 30000
674 30000
675 40000
676 40000
677 30000
678 30000
679 20000
680 40000
681 40000
682 40000
683 30000
684 20000
685 30000
686 30000
687 20000
688 20000
689 30000
690 30000
691 40000
692 30000
693 30000
694 30000
695 40000
696 40000
697 40000
698 30000
699 20000
700 30000
701 20000
702 40000
703 40000
704 30000
705 40000
706 20000
707 20000
708 30000
709 20000
710 40000
711 40000
712 40000
713 20000
714 40000
715 30000
716 20000
717 30000
718 40000
719 40000
720 30000
721 30000
722 30000
723 30000
724 30000
725 30000
726 20000
727 30000
728 40000
729 20000
730 40000
731 30000
732 30000
733 20000
734 20000
735 40000
736 30000
737 30000
738 30000
739 20000
740 40000
741 40000
742 40000
743 30000
744 40000
745 30000
746 20000
747 30000
748 30000
749 20000
750 20000
751 20000
752 30000
753 30000
754 30000
755 40000
756 40000
757 40000
758 40000
759 20000
760 20000
761 20000
762 20000
763 30000
764 30000
765 40000
766 30000
767 30000
768 20000
769 30000
770 30000
771 30000
772 30000
773 20000
774 30000
775 40000
776 40000
777 40000
778 40000
779 20000
780 40000
781 30000
782 30000
783 30000
784 30000
785 30000
786 30000
787 30000
788 40000
789 30000
790 30000
791 30000
792 30000
793 30000
794 40000
795 40000
796 40000
797 20000
798 30000
799 40000
800 40000
801 40000
802 40000
803 40000
804 40000
805 40000
806 40000
807 20000
808 40000
809 40000
810 40000
811 40000
812 20000
813 30000
814 30000
815 20000
816 30000
817 30000
818 30000
819 30000
820 30000
821 20000
822 30000
823 20000
824 20000
825 30000
826 20000
827 40000
828 30000
829 20000
830 20000
831 20000
832 20000
833 20000
834 30000
835 30000
836 40000
837 30000
838 40000
839 20000
840 40000
841 30000
842 40000
843 20000
844 30000
845 30000
846 40000
847 30000
848 30000
849 30000
850 30000
851 20000
852 20000
853 20000
854 40000
855 30000
856 20000
857 40000
858 20000
859 30000
860 40000
861 20000
862 30000
863 20000
864 20000
865 20000
866 40000
867 40000
868 40000
869 40000
870 5000
871 40000
872 30000
873 30000
874 30000
875 40000
876 20000
877 30000
878 30000
879 30000
880 40000
881 20000
882 40000
883 20000
884 30000
885 20000
886 30000
887 20000
888 40000
889 30000
890 40000
891 20000
892 40000
893 40000
894 40000
895 40000
896 40000
897 30000
898 30000
899 30000
900 5000
901 5000
902 30000
903 20000
904 20000
905 20000
906 30000
907 40000
908 40000
909 20000
910 30000
911 40000
912 20000
913 30000
914 40000
915 40000
916 40000
917 30000
918 30000
919 20000
920 20000
921 40000
922 40000
923 40000
924 40000
925 20000
926 40000
927 20000
928 30000
929 30000
930 30000
931 40000
932 20000
933 30000
934 40000
935 20000
936 30000
937 30000
938 30000
939 20000
940 30000
941 20000
942 40000
943 30000
944 30000
945 30000
946 5000
947 40000
948 40000
949 30000
950 30000
951 30000
952 40000
953 30000
954 20000
955 40000
956 40000
957 40000
958 30000
959 30000
960 20000
961 20000
962 30000
963 40000
964 40000
965 40000
966 20000
967 30000
968 40000
969 20000
970 40000
971 20000
972 40000
973 40000
974 30000
975 30000
976 5000
977 30000
978 30000
979 30000
980 20000
981 30000
982 20000
983 40000
984 20000
985 40000
986 40000
987 40000
988 20000
989 30000
990 40000
991 30000
992 30000
993 30000
994 30000
995 40000
996 20000
997 40000
998 30000
999 30000
1000 40000
1001 40000
1002 20000
1003 40000
1004 20000
1005 30000
1006 30000
1007 20000
1008 30000
1009 30000
1010 40000
1011 20000
1012 30000
1013 40000
1014 40000
1015 20000
1016 40000
1017 40000
1018 20000
1019 20000
1020 30000
1021 30000
1022 30000
1023 40000
1024 30000
1025 40000
1026 20000
1027 40000
1028 30000
1029 20000
1030 40000
1031 40000
1032 20000
1033 40000
1034 40000
1035 40000
1036 40000
1037 30000
1038 20000
1039 20000
1040 40000
1041 30000
1042 30000
1043 20000
1044 20000
1045 30000
1046 30000
1047 20000
1048 40000
1049 40000
1050 20000
1051 30000
1052 20000
1053 30000
1054 30000
1055 20000
1056 30000
1057 40000
1058 40000
1059 30000
1060 20000
1061 30000
1062 20000
1063 20000
1064 30000
1065 40000
1066 20000
1067 40000
1068 30000
1069 20000
1070 20000
1071 40000
1072 20000
1073 5000
1074 5000
1075 40000
1076 30000
1077 30000
1078 20000
1079 30000
1080 40000
1081 40000
1082 40000
1083 40000
1084 20000
1085 30000
1086 30000
1087 40000
1088 40000
1089 20000
1090 40000
1091 30000
1092 30000
1093 30000
1094 30000
1095 40000
1096 30000
1097 30000
1098 20000
1099 20000
1100 20000
1101 40000
1102 40000
1103 40000
1104 40000
1105 40000
1106 40000
1107 40000
1108 5000
1109 40000
1110 30000
1111 20000
1112 30000
1113 30000
1114 30000
1115 40000
1116 20000
1117 30000
1118 20000
1119 20000
1120 30000
1121 30000
1122 20000
1123 20000
1124 20000
1125 30000
1126 30000
1127 40000
1128 30000
1129 30000
1130 40000
1131 20000
1132 30000
1133 30000
1134 30000
1135 40000
1136 40000
1137 40000
1138 40000
1139 40000
1140 30000
1141 20000
1142 30000
1143 30000
1144 20000
1145 20000
1146 40000
1147 20000
1148 20000
1149 30000
1150 30000
1151 30000
1152 30000
1153 20000
1154 30000
1155 40000
1156 20000
1157 40000
1158 30000
1159 20000
1160 40000
1161 20000
1162 40000
1163 40000
1164 40000
1165 40000
1166 40000
1167 40000
1168 20000
1169 30000
1170 30000
1171 40000
1172 5000
1173 40000
1174 30000
1175 40000
1176 30000
1177 30000
1178 30000
1179 40000
1180 30000
1181 30000
1182 30000
1183 30000
1184 20000
1185 20000
1186 30000
1187 20000
1188 30000
1189 30000
1190 30000
1191 40000
1192 30000
1193 30000
1194 30000
1195 30000
1196 20000
1197 20000
1198 30000
1199 20000

0 1 40 9
0 2 32 6
0 3 8 6
0 4 18 3
0 5 33 1
0 6 40 1
0 7 36 10
0 8 38 7
0 10 42 5
0 30 47 6
0 35 40 1
0 45 42 1
0 47 6 8
0 71 14 3
0 72 32 3
0 85 1 10
0 88 10 4
0 120 31 3
0 128 8 3
0 131 22 8
0 161 11 3
0 170 3 6
0 191 45 9
0 225 46 4
0 266 41 4
0 291 3 10
0 302 13 2
0 343 49 10
0 370 40 4
0 397 33 9
0 425 8 10
0 431 32 3
0 442 30 9
0 476 42 2
0 500 43 9
0 501 34 8
0 510 13 5
0 551 46 4
0 596 43 4
0 615 22 5
0 625 28 6
0 628 6 9
0 645 27 10
0 682 46 5
0 695 50 9
0 711 11 9
0 712 10 3
0 735 41 6
0 742 25 4
0 755 27 6
0 776 14 7
0 777 43 2
0 800 28 8
0 802 3 8
0 860 19 4
0 866 9 10
0 869 46 3
0 894 19 7
0 921 1 1
0 955 31 9
0 956 37 5
0 971 38 1
0 996 28 1
0 1016 41 8
0 1034 8 10
0 1075 46 2
0 1080 2 7
0 1081 38 9
0 1105 4 7
0 1137 21 10
0 1164 18 7
0 1165 42 8
1 9 9 5
1 12 19 1
1 36 46 7
1 120 19 2
1 170 26 8
1 175 44 1
1 177 37 9
1 192 48 1
1 227 21 3
1 266 32 10
1 291 5 3
1 305 41 4
1 343 15 7
1 370 42 10
1 375 25 10
1 378 11 4
1 397 39 10
1 478 12 4
1 510 17 3
1 519 33 6
1 520 12 8
1 550 35 8
1 598 10 5
1 650 26 3
1 655 34 8
1 682 31 10
1 696 29 6
1 741 20 5
1 757 39 1
1 795 23 1
1 894 13 1
1 925 48 2
1 972 36 8
1 985 42 2
1 986 1 1
1 996 21 4
1 1010 22 7
1 1015 18 10
1 1033 26 4
1 1065 29 10
1 1075 8 10
1 1106 33 6
1 1136 1 1
3 217 19 5
4 473 2 10
4 544 9 6
4 749 47 8
4 770 48 9
4 897 18 6
5 1159 35 10
7 148 16 8
8 317 38 7
9 1189 17 10
10 11 49 10
10 12 13 9
10 13 19 4
10 14 16 8
10 15 37 8
10 46 3 8
10 48 26 7
10 170 40 4
10 196 39 9
10 291 46 7
10 425 39 9
10 443 4 2
10 515 32 6
10 554 9 1
10 598 11 5
10 626 15 7
10 795 2 7
10 985 21 3
10 1015 6 2
10 1030 23 3
10 1065 3 6
10 1066 37 1
11 12 17 1
11 13 11 5
11 16 36 2
11 17 6 9
11 18 35 4
11 19 2 3
11 20 46 1
11 21 49 1
11 30 28 2
11 36 32 7
11 89 22 3
11 120 27 7
11 125 5 4
11 229 42 4
11 269 31 7
11 290 34 1
11 341 11 7
11 370 27 2
11 378 43 2
11 430 22 3
11 445 15 6
11 477 4 4
11 501 47 1
11 510 44 3
11 615 37 8
11 625 11 1
11 645 38 7
11 652 4 5
11 697 22 3
11 735 17 6
11 741 10 3
11 755 6 5
11 778 19 1
11 795 25 8
11 869 2 6
11 926 26 4
11 956 43 6
11 970 13 7
11 971 24 7
11 997 18 1
11 1010 34 6
11 1034 20 5
11 1083 32 3
11 1104 37 3
11 1105 23 1
11 1139 25 3
12 13 28 1
12 22 21 1
12 23 4 2
12 24 15 6
12 25 19 4
12 70 6 3
12 191 26 6
12 266 31 2
12 302 15 3
12 377 9 7
12 399 8 3
12 430 25 7
12 476 39 2
12 501 41 3
12 553 7 8
12 598 18 9
12 654 10 5
12 680 43 2
12 681 45 2
12 696 3 2
12 713 19 5
12 740 5 1
12 775 16 8
12 809 46 2
12 860 46 4
12 865 43 6
12 891 36 6
12 957 50 3
12 985 21 10
12 1010 50 10
12 1017 37 7
12 1075 36 4
12 1166 44 3
13 26 38 9
13 27 39 8
13 28 5 8
13 29 47 10
13 35 27 4
13 71 28 2
13 86 44 4
13 126 41 5
13 160 4 2
13 170 15 7
13 175 15 1
13 177 10 9
13 225 44 6
13 303 29 4
13 342 48 1
13 395 28 3
13 425 46 2
13 517 3 3
13 711 35 8
13 735 22 10
13 757 32 6
13 803 21 10
13 891 5 8
13 923 35 3
13 995 2 6
13 1075 37 2
13 1137 23 3
13 1164 35 4
15 334 5 8
16 542 41 6
16 737 27 6
16 864 44 1
17 147 28 3
17 900 4 6
18 763 42 8
19 318 9 3
19 731 25 10
19 796 4 8
21 531 43 3
21 643 28 1
21 842 25 8
21 1003 15 4
23 484 9 8
24 729 34 6
25 592 33 6
26 780 30 2
30 31 35 3
30 32 1 9
30 33 8 9
30 34 21 7
30 35 43 3
30 36 21 2
30 48 48 6
30 49 31 4
30 70 45 1
30 71 37 10
30 87 14 1
30 89 20 6
30 120 7 1
30 130 36 8
30 131 50 3
30 161 47 1
30 170 41 10
30 175 49 10
30 176 41 5
30 190 45 9
30 192 26 2
30 225 15 2
30 232 31 1
30 266 36 6
30 267 25 2
30 290 3 4
30 302 1 8
30 305 49 8
30 342 46 1
30 370 45 1
30 375 16 7
30 376 14 6
30 399 50 7
30 400 30 3
30 425 48 4
30 431 15 6
30 440 14 7
30 445 32 8
30 475 16 10
30 476 28 3
30 500 50 3
30 510 6 10
30 516 35 8
30 547 44 3
30 595 12 7
30 616 9 4
30 625 17 6
30 628 45 8
30 645 45 3
30 651 17 4
30 653 2 6
30 680 31 1
30 682 29 2
30 696 27 9
30 697 22 6
30 711 20 6
30 735 34 8
30 741 35 10
30 742 45 8
30 757 48 9
30 758 14 9
30 776 49 2
30 795 49 2
30 802 38 10
30 808 42 5
30 860 24 3
30 867 7 8
30 869 27 7
30 891 8 9
30 894 27 5
30 921 7 7
30 922 30 8
30 955 42 7
30 957 14 9
30 971 30 5
30 972 2 5
30 986 25 8
30 995 50 2
30 997 26 8
30 1010 7 1
30 1016 21 5
30 1017 41 4
30 1030 13 3
30 1032 9 10
30 1065 29 5
30 1075 17 6
30 1082 1 7
30 1083 43 1
30 1102 4 5
30 1104 31 5
30 1135 41 8
30 1139 50 1
30 1160 33 3
30 1167 12 7
33 432 25 10
33 718 15 6
34 1114 32 8
34 1152 31 9
35 36 13 7
35 37 30 4
35 38 16 4
35 39 43 4
35 40 43 7
35 86 8 10
35 120 12 5
35 161 20 1
35 170 50 6
35 175 1 4
35 176 37 9
35 192 23 2
35 195 33 5
35 230 47 7
35 290 37 8
35 291 45 10
35 342 17 5
35 370 11 4
35 377 12 5
35 396 19 9
35 425 37 6
35 430 8 1
35 440 20 5
35 441 39 5
35 478 15 8
35 501 19 4
35 510 28 7
35 553 37 7
35 595 35 3
35 615 39 6
35 616 30 10
35 626 14 9
35 681 7 10
35 697 36 9
35 735 12 8
35 755 10 8
35 776 36 4
35 795 3 6
35 800 20 6
35 809 5 4
35 860 24 8
35 867 12 9
35 892 44 4
35 895 38 8
35 926 26 9
35 956 43 7
35 971 41 3
35 985 31 9
35 1010 10 7
35 1016 14 10
35 1017 27 3
35 1034 24 5
35 1065 47 7
35 1066 24 7
35 1075 50 5
35 1083 40 2
35 1104 2 8
35 1105 21 4
35 1135 19 2
35 1139 32 7
36 41 11 1
36 42 44 7
36 43 5 8
36 44 45 6
36 45 34 1
36 49 42 7
36 70 47 6
36 90 39 3
36 120 30 1
36 125 49 5
36 128 8 10
36 170 32 10
36 232 20 3
36 267 37 4
36 268 34 3
36 306 15 3
36 307 45 6
36 370 32 8
36 375 36 1
36 396 1 3
36 425 24 2
36 431 15 10
36 475 1 4
36 519 23 10
36 520 12 4
36 551 12 1
36 595 32 6
36 627 34 2
36 645 5 10
36 650 44 6
36 655 13 8
36 697 48 3
36 712 28 1
36 714 7 7
36 735 28 10
36 740 41 4
36 741 48 8
36 756 48 6
36 776 37 4
36 795 33 8
36 860 13 3
36 868 8 9
36 920 48 1
36 956 44 6
36 971 25 6
36 985 18 2
36 995 24 10
36 997 34 9
36 1033 22 7
36 1075 50 10
36 1083 22 10
36 1166 23 9
36 1167 3 8
37 337 34 3
37 1152 25 4
38 310 23 6
39 53 42 2
40 838 19 7
41 424 4 3
44 1027 34 5
45 46 30 10
45 47 1 3
45 48 50 7
45 49 17 7
45 50 4 2
45 51 44 6
45 52 1 4
45 53 29 4
45 54 33 3
45 55 15 1
45 120 35 5
45 125 35 2
45 176 44 7
45 191 7 1
45 269 1 4
45 342 11 9
45 446 9 5
45 510 47 5
45 710 44 9
45 711 28 8
45 735 5 7
45 757 50 8
45 775 26 4
45 868 50 1
45 925 7 9
45 986 32 1
45 996 21 5
45 1015 1 7
45 1106 7 4
45 1135 43 7
46 47 9 6
46 48 35 3
46 49 9 9
46 56 2 3
46 57 22 7
46 58 2 6
46 59 35 5
46 72 22 2
46 170 6 9
46 290 29 9
46 303 28 10
46 340 21 8
46 425 2 3
46 476 17 2
46 500 1 10
46 597 9 5
46 615 12 7
46 645 43 3
46 654 46 5
46 681 22 4
46 742 2 10
46 755 25 8
46 800 29 10
46 809 22 4
46 860 18 10
46 867 47 10
46 971 29 4
46 996 36 9
46 1010 28 10
46 1034 4 4
46 1080 25 5
46 1165 4 2
47 48 49 5
47 49 33 1
47 60 41 3
47 61 37 6
47 72 15 8
47 91 27 1
47 161 24 6
47 176 4 3
47 191 22 7
47 226 39 10
47 370 22 2
47 377 31 9
47 425 50 4
47 430 48 6
47 510 12 9
47 519 9 5
47 551 13 8
47 628 40 7
47 653 21 3
47 742 32 1
47 860 21 6
47 924 48 6
47 955 17 2
47 956 12 5
47 1016 27 2
47 1075 13 3
47 1165 5 1
48 49 4 3
48 62 5 4
48 63 11 5
48 64 32 1
48 65 5 2
48 129 13 10
48 161 21 7
48 170 31 7
48 305 33 5
48 375 12 5
48 398 31 2
48 431 37 10
48 442 15 2
48 500 49 1
48 516 1 4
48 547 40 4
48 616 6 7
48 645 33 6
48 795 17 6
48 891 17 1
48 970 48 9
48 1033 23 10
48 1066 38 5
48 1075 45 7
48 1080 34 7
49 66 46 3
49 67 44 4
49 68 13 3
49 69 14 5
49 90 20 2
49 120 36 7
49 230 47 6
49 267 39 7
49 291 47 3
49 395 34 2
49 597 16 4
49 626 24 10
49 682 39 6
49 695 21 9
49 777 45 8
49 894 3 8
49 986 17 5
49 1065 3 2
49 1106 39 7
49 1138 47 3
53 326 41 6
53 1072 19 2
56 513 15 10
58 622 12 4
58 1192 24 2
60 754 10 6
60 872 40 2
62 273 50 1
62 487 36 4
63 122 9 6
64 147 3 9
64 638 33 8
64 690 36 6
67 339 45 6
67 861 1 1
67 1023 12 9
68 417 2 9
69 640 43 9
70 71 33 2
70 72 33 10
70 73 37 10
70 74 38 5
70 75 7 1
70 76 42 7
70 120 45 8
70 176 33 8
70 194 39 5
70 225 34 4
70 230 12 3
70 267 45 9
70 341 19 4
70 370 44 2
70 376 43 8
70 378 29 2
70 398 27 4
70 425 40 10
70 430 41 10
70 431 8 3
70 441 42 1
70 500 45 7
70 545 46 1
70 553 30 1
70 597 36 9
70 615 8 6
70 654 43 10
70 680 17 2
70 713 32 9
70 735 13 1
70 778 24 7
70 800 8 8
70 802 33 6
70 860 36 8
70 923 39 10
70 925 46 8
70 957 38 9
70 985 14 10
70 986 9 4
70 1010 41 7
70 1015 38 5
70 1031 13 8
70 1065 10 2
70 1075 18 3
70 1081 26 9
70 1162 12 2
71 72 6 10
71 77 11 7
71 78 27 10
71 79 8 8
71 80 49 3
71 81 22 8
71 89 3 5
71 130 14 4
71 170 44 9
71 177 1 8
71 196 8 9
71 268 10 8
71 290 35 6
71 291 35 7
71 302 16 10
71 343 44 2
71 370 46 8
71 478 14 5
71 518 50 9
71 627 48 4
71 645 10 1
71 654 48 3
71 696 14 10
71 714 17 4
71 742 30 3
71 757 19 2
71 758 18 6
71 795 43 3
71 860 48 2
71 892 22 1
71 955 12 6
71 970 26 8
71 971 1 7
71 997 4 1
71 1066 50 8
71 1075 38 8
71 1104 46 6
71 1105 43 3
71 1136 5 6
71 1164 34 10
72 82 14 9
72 83 10 8
72 84 38 6
72 88 9 9
72 120 18 6
72 160 36 8
72 400 18 6
72 425 20 9
72 440 20 9
72 476 46 5
72 510 14 5
72 517 24 4
72 597 2 7
72 616 1 6
72 627 23 9
72 681 32 4
72 741 16 7
72 775 19 1
72 795 10 5
72 867 26 6
72 869 4 2
72 891 16 4
72 997 12 2
72 1010 48 10
72 1015 36 9
72 1030 50 6
72 1080 41 6
72 1135 23 8
73 610 27 8
74 403 4 4
74 420 10 9
74 785 9 2
74 977 24 2
75 915 19 7
77 620 8 9
78 675 15 8
81 331 28 1
81 1113 49 1
84 705 50 9
85 86 21 6
85 87 16 5
85 88 47 9
85 89 13 6
85 90 45 1
85 91 6 9
85 92 11 9
85 93 29 3
85 161 33 6
85 520 35 4
85 595 10 4
85 645 10 3
85 740 14 4
85 741 2 5
85 795 41 3
85 803 1 4
85 955 23 7
85 957 15 9
85 1017 3 4
85 1035 20 8
85 1136 40 7
85 1165 24 6
86 87 6 10
86 88 18 3
86 89 45 1
86 90 29 5
86 91 38 2
86 94 38 2
86 95 34 9
86 96 27 6
86 97 40 9
86 98 48 4
86 99 21 3
86 176 24 7
86 177 5 10
86 192 24 5
86 265 10 1
86 266 33 10
86 376 33 1
86 425 23 8
86 431 1 6
86 477 33 1
86 500 42 5
86 615 6 6
86 680 46 9
86 970 3 9
86 1083 11 10
87 88 44 4
87 89 46 9
87 90 31 7
87 91 15 3
87 100 32 10
87 101 32 1
87 102 26 9
87 103 14 6
87 104 13 1
87 105 20 8
87 106 12 5
87 107 15 4
87 130 40 1
87 231 48 7
87 342 6 3
87 370 13 3
87 376 16 9
87 396 50 4
87 441 38 2
87 478 12 9
87 626 5 5
87 627 42 10
87 681 42 6
87 735 7 9
87 756 45 9
87 777 37 1
87 985 42 1
87 1010 47 3
87 1035 28 9
87 1105 39 9
88 89 18 4
88 90 8 5
88 91 42 7
88 108 35 8
88 109 49 5
88 110 21 2
88 111 50 4
88 112 20 2
88 161 42 9
88 303 37 1
88 304 30 10
88 553 39 10
88 616 27 8
88 711 10 4
88 714 10 5
88 758 9 9
88 860 42 8
88 891 24 1
88 926 49 6
88 996 43 3
88 1010 18 3
88 1017 42 9
88 1065 6 1
88 1075 30 8
89 90 1 4
89 91 3 9
89 113 41 9
89 191 11 1
89 340 30 5
89 431 41 9
89 442 15 1
89 500 9 8
89 510 31 4
89 517 38 7
89 551 2 2
89 595 28 9
89 653 27 6
89 776 15 4
89 795 12 6
89 804 34 4
89 867 26 4
89 925 9 6
89 996 16 1
89 1102 14 8
90 91 33 3
90 114 15 5
90 115 47 4
90 116 47 9
90 120 43 5
90 131 40 1
90 170 28 1
90 290 42 5
90 425 27 10
90 645 11 10
90 696 22 9
90 890 31 6
90 972 28 4
90 1075 38 1
90 1083 6 4
90 1167 43 6
91 117 7 2
91 118 41 7
91 119 19 7
91 120 19 6
91 170 21 3
91 228 45 10
91 370 34 7
91 399 37 10
91 652 23 4
91 697 37 9
91 860 27 7
91 865 10 3
91 985 49 4
92 733 14 8
93 815 44 7
95 937 15 9
98 183 2 6
98 967 40 5
99 104 10 9
100 414 45 4
101 704 21 3
101 707 9 9
102 223 16 6
103 639 46 9
104 452 14 9
105 1088 8 5
106 424 24 10
106 698 24 3
106 975 18 8
107 461 6 9
107 1144 21 9
109 113 37 7
110 432 25 10
112 691 20 8
115 915 41 9
118 178 21 2
118 1180 33 9
119 491 19 6
119 504 39 2
120 121 39 8
120 122 42 8
120 123 12 7
120 124 22 3
120 130 19 9
120 160 12 8
120 170 41 3
120 176 17 1
120 191 8 4
120 193 2 4
120 227 48 4
120 230 24 9
120 265 18 3
120 266 9 9
120 291 36 9
120 304 48 4
120 306 31 1
120 341 18 9
120 344 15 4
120 370 19 7
120 377 45 9
120 378 17 6
120 395 39 6
120 396 7 5
120 425 38 2
120 430 40 8
120 431 3 5
120 442 50 1
120 444 44 9
120 479 7 10
120 500 37 6
120 501 28 8
120 510 8 2
120 516 31 6
120 519 12 1
120 547 3 7
120 552 28 8
120 595 9 3
120 615 47 7
120 616 24 4
120 625 46 10
120 628 44 4
120 645 23 6
120 652 17 7
120 654 32 3
120 680 28 1
120 681 23 7
120 695 39 6
120 696 1 10
120 710 45 8
120 711 19 3
120 735 42 1
120 740 34 4
120 756 11 8
120 757 26 9
120 775 23 8
120 778 15 4
120 795 12 8
120 803 12 3
120 809 17 3
120 860 50 4
120 868 6 7
120 869 25 3
120 890 9 5
120 892 35 9
120 923 27 7
120 925 36 2
120 955 33 7
120 956 2 2
120 971 11 9
120 972 43 5
120 985 12 7
120 986 50 4
120 997 28 7
120 1010 11 6
120 1016 15 10
120 1017 41 9
120 1031 22 9
120 1036 28 6
120 1066 40 6
120 1075 12 10
120 1082 4 10
120 1083 31 3
120 1100 19 3
120 1103 28 3
120 1135 41 7
120 1138 28 3
120 1160 32 10
121 1057 37 2
122 155 7 3
122 737 42 6
122 989 47 8
124 964 25 1
125 126 14 10
125 127 10 6
125 128 33 2
125 129 36 8
125 130 18 7
125 131 42 3
125 132 46 5
125 133 13 1
125 134 10 9
125 135 27 7
125 136 3 3
125 137 32 5
125 195 31 5
125 229 27 6
125 265 27 2
125 345 35 2
125 396 39 5
125 510 36 7
125 652 13 5
125 742 28 2
125 860 17 5
126 127 49 3
126 128 34 9
126 129 19 9
126 130 4 8
126 131 35 3
126 138 47 8
126 139 26 6
126 140 16 1
126 141 5 9
126 142 44 8
126 345 26 2
126 377 36 1
126 397 12 3
126 425 4 6
126 478 9 3
126 501 43 6
126 510 35 2
126 615 35 7
126 645 47 10
126 696 9 8
126 755 29 3
126 795 45 5
126 924 19 5
126 970 14 1
126 995 45 9
126 1033 23 6
127 128 21 5
127 129 5 1
127 130 48 2
127 131 32 8
127 143 38 7
127 144 23 10
127 170 27 9
127 370 14 6
127 477 6 2
127 519 45 6
127 548 39 1
127 696 37 3
127 810 38 9
127 860 19 8
127 865 43 1
127 985 12 10
127 1010 28 7
127 1015 9 4
127 1017 22 2
127 1075 8 3
127 1082 26 8
127 1101 23 6
128 129 45 1
128 130 49 10
128 131 26 2
128 145 31 10
128 146 22 10
128 147 44 2
128 148 48 3
128 149 24 7
128 150 30 10
128 151 29 3
128 152 5 10
128 266 28 5
128 290 18 7
128 304 47 10
128 430 48 4
128 626 17 7
128 735 8 10
128 756 16 5
128 920 43 5
128 956 39 4
128 986 11 9
128 1066 43 7
129 130 13 7
129 131 35 6
129 153 9 7
129 154 47 5
129 155 43 7
129 305 16 2
129 370 26 10
129 377 19 3
129 501 13 7
129 550 50 1
129 597 24 6
129 653 42 6
129 680 18 6
129 713 35 10
129 735 3 4
129 741 45 2
129 795 3 8
129 890 49 10
129 893 37 6
130 131 6 5
130 156 16 1
130 170 41 6
130 176 41 7
130 193 17 4
130 425 36 9
130 443 40 1
130 628 30 6
130 645 34 5
130 776 27 5
130 777 21 3
130 868 38 2
130 996 2 1
130 1035 5 10
130 1105 15 9
130 1139 2 7
130 1167 8 5
131 157 27 7
131 158 22 5
131 159 19 2
131 160 11 8
131 161 42 4
131 226 21 3
131 291 15 6
131 441 49 3
131 518 40 8
131 596 23 5
131 616 50 6
131 680 5 4
131 712 35 4
131 807 31 7
131 957 2 5
131 1065 41 1
131 1083 34 6
131 1137 6 3
131 1167 16 9
132 506 49 8
132 637 11 2
132 796 1 4
133 632 41 1
133 907 40 10
134 275 3 7
134 1079 16 7
135 835 41 9
135 931 49 9
135 1140 43 1
136 987 24 1
139 393 5 10
141 753 14 7
144 1131 12 7
145 641 32 3
145 1130 27 10
149 409 13 3
149 435 18 4
150 471 37 6
150 502 6 6
151 1109 48 6
154 257 13 3
156 952 9 3
157 474 45 9
159 1116 36 3
160 161 44 7
160 162 20 3
160 163 43 2
160 164 20 9
160 165 44 7
160 166 11 10
160 170 11 1
160 176 49 7
160 177 22 3
160 192 33 7
160 194 2 2
160 230 8 6
160 268 2 6
160 302 46 5
160 307 13 10
160 342 36 5
160 370 39 4
160 397 4 5
160 425 36 5
160 430 25 7
160 431 20 5
160 443 8 4
160 444 32 4
160 479 6 10
160 501 16 1
160 510 29 1
160 518 3 5
160 519 3 9
160 545 23 10
160 595 28 4
160 598 30 8
160 615 36 5
160 616 38 9
160 626 22 6
160 628 8 6
160 651 33 5
160 710 36 10
160 755 6 7
160 757 1 9
160 795 42 10
160 800 23 2
160 810 42 10
160 860 45 10
160 867 45 3
160 893 41 10
160 895 17 7
160 920 43 9
160 970 8 9
160 972 12 10
160 986 46 4
160 1010 16 6
160 1017 5 7
160 1030 31 9
160 1065 14 8
160 1075 40 2
160 1080 48 10
160 1136 46 5
160 1166 23 5
161 167 30 2
161 168 28 1
161 169 17 7
161 170 41 9
161 225 24 7
161 268 34 7
161 290 37 10
161 345 39 10
161 370 35 7
161 375 14 6
161 376 2 5
161 395 20 2
161 479 5 7
161 501 6 7
161 551 43 1
161 645 35 3
161 651 47 8
161 680 19 1
161 681 10 2
161 697 35 6
161 711 37 7
161 735 12 10
161 741 36 5
161 742 43 8
161 775 45 2
161 795 2 7
161 865 49 10
161 926 38 2
161 955 8 1
161 956 10 9
161 986 24 3
161 995 39 1
161 997 9 3
161 1015 17 4
161 1030 27 7
161 1066 15 5
161 1080 49 7
161 1101 42 8
161 1105 50 8
161 1137 26 10
161 1164 27 9
169 200 20 10
169 570 49 8
169 1128 24 8
170 171 27 9
170 172 11 3
170 173 40 10
170 174 2 5
170 175 46 9
170 177 2 5
170 191 50 1
170 226 38 2
170 230 20 6
170 267 33 4
170 268 16 3
170 290 48 10
170 291 6 8
170 302 28 6
170 304 39 9
170 343 6 9
170 344 47 9
170 370 42 6
170 377 34 6
170 398 45 9
170 399 22 2
170 425 5 3
170 430 7 1
170 431 47 7
170 440 26 8
170 443 21 1
170 475 41 8
170 477 35 3
170 501 9 9
170 510 46 10
170 517 19 5
170 518 39 9
170 545 43 8
170 596 9 2
170 597 21 3
170 615 24 6
170 616 7 7
170 625 36 4
170 627 38 3
170 645 30 7
170 651 11 7
170 653 3 8
170 681 35 6
170 695 15 5
170 696 25 6
170 710 26 3
170 712 3 9
170 735 31 3
170 740 14 7
170 741 47 4
170 756 45 8
170 758 2 9
170 777 10 1
170 778 29 10
170 795 40 7
170 800 20 6
170 806 14 6
170 860 13 7
170 865 28 3
170 869 22 8
170 891 24 5
170 920 8 7
170 925 11 4
170 955 39 6
170 957 1 5
170 971 21 5
170 972 41 6
170 985 50 6
170 986 45 9
170 995 4 10
170 997 3 4
170 1010 7 1
170 1016 5 1
170 1017 1 3
170 1035 27 5
170 1036 50 8
170 1065 5 10
170 1075 42 3
170 1080 37 8
170 1081 25 4
170 1104 44 3
170 1137 18 6
170 1139 49 7
170 1160 6 10
170 1166 33 3
172 658 36 10
172 1013 47 10
175 176 37 10
175 177 18 4
175 178 39 8
175 179 1 3
175 180 5 4
175 181 48 2
175 182 47 4
175 227 15 7
175 230 3 4
175 265 32 4
175 302 29 7
175 399 36 3
175 425 28 3
175 440 9 8
175 475 7 7
175 476 17 1
175 501 31 4
175 510 13 2
175 517 22 10
175 553 32 8
175 615 37 5
175 625 38 5
175 628 23 4
175 645 13 8
175 710 24 2
175 742 40 10
175 795 38 9
175 803 29 7
175 868 34 9
175 890 10 10
175 955 17 2
175 972 26 5
175 985 10 3
175 995 26 5
175 1010 9 5
175 1016 47 5
175 1083 15 1
175 1101 32 1
175 1106 42 6
175 1136 46 5
175 1166 22 1
176 177 4 6
176 183 3 3
176 184 14 2
176 185 35 8
176 186 32 9
176 187 31 2
176 188 26 3
176 190 48 3
176 191 31 8
176 370 21 1
176 376 35 8
176 396 33 6
176 595 3 4
176 681 29 10
176 695 6 5
176 696 11 5
176 712 35 7
176 735 49 8
176 777 23 1
176 866 34 6
176 926 16 1
176 955 45 9
176 985 26 6
176 996 41 2
176 1032 48 8
176 1075 18 6
177 189 30 10
177 267 9 10
177 290 3 5
177 291 43 10
177 303 21 3
177 344 18 8
177 345 27 3
177 375 38 7
177 430 12 1
177 445 16 9
177 501 42 1
177 510 33 4
177 516 7 1
177 547 31 2
177 616 7 7
177 654 13 6
177 655 11 7
177 682 3 3
177 741 39 4
177 758 24 8
177 778 18 4
177 811 40 8
177 860 40 1
177 890 50 8
177 925 18 4
177 1010 33 6
177 1033 20 7
177 1065 42 5
177 1075 13 1
177 1082 33 3
177 1137 37 3
177 1162 14 9
178 283 30 7
178 286 50 5
178 666 3 7
178 667 10 7
178 983 17 3
180 837 22 5
181 221 5 5
181 498 40 7
182 245 12 3
182 337 34 4
185 272 26 4
185 849 48 4
188 274 44 2
188 910 37 10
190 191 23 5
190 192 5 10
190 193 14 3
190 194 35 4
190 195 48 9
190 196 14 5
190 197 34 8
190 198 10 6
190 199 12 8
190 267 9 2
190 290 32 10
190 515 13 2
190 551 41 3
190 996 50 3
190 1016 16 2
190 1075 46 10
190 1105 18 4
190 1137 31 7
190 1163 18 9
191 192 46 2
191 193 28 8
191 194 49 8
191 195 1 1
191 196 26 8
191 200 30 5
191 201 42 7
191 226 23 8
191 714 15 10
191 740 29 3
191 756 17 6
191 956 48 10
191 1034 17 4
191 1065 8 3
191 1081 29 5
191 1101 10 1
191 1136 49 4
191 1164 49 1
192 193 16 6
192 194 18 3
192 195 50 2
192 196 1 10
192 202 21 10
192 203 44 6
192 204 43 4
192 205 19 5
192 206 37 9
192 207 12 1
192 265 37 6
192 291 42 6
192 370 3 1
192 395 47 7
192 398 19 8
192 425 50 3
192 510 22 4
192 627 18 3
192 695 1 3
192 696 5 3
192 795 26 9
192 970 16 9
193 194 26 9
193 195 4 8
193 196 31 9
193 208 4 9
193 209 32 8
193 210 48 4
193 211 21 7
193 212 25 3
193 425 48 7
193 431 18 1
193 478 12 10
193 500 13 1
193 616 36 5
193 628 27 5
193 645 4 5
193 682 20 8
193 741 10 1
193 777 10 3
193 924 42 6
193 986 6 8
193 1010 25 10
193 1035 50 5
194 195 46 8
194 196 19 10
194 213 4 8
194 214 20 9
194 215 34 10
194 216 50 4
194 217 17 1
194 218 21 2
194 219 24 9
194 220 50 8
194 229 49 3
194 306 32 4
194 344 17 6
194 375 30 3
194 377 19 1
194 443 26 2
194 595 14 2
194 655 5 1
194 682 49 4
194 803 27 5
194 808 37 6
194 860 16 10
194 868 43 3
194 997 49 4
194 1010 40 8
195 196 27 10
195 221 8 3
195 222 34 7
195 223 3 6
195 370 3 6
195 430 20 9
195 443 46 7
195 500 15 7
195 510 46 5
195 518 14 2
195 645 35 5
195 735 9 8
195 757 21 4
195 776 41 3
195 795 42 9
195 869 45 5
195 890 35 9
195 894 12 6
195 1017 36 1
195 1066 30 1
196 224 40 8
196 305 40 8
196 343 48 5
196 475 18 4
196 545 11 10
196 596 43 10
196 615 31 8
196 651 50 6
196 711 23 2
196 860 10 5
196 921 29 7
196 956 31 7
196 986 34 2
196 1083 20 2
197 1107 8 3
198 686 23 4
199 432 20 9
199 504 48 7
200 223 50 1
200 834 13 2
204 251 23 6
204 363 48 3
204 392 23 7
204 424 31 9
204 637 2 6
204 1023 29 6
206 284 5 7
207 1053 11 9
209 543 15 1
209 1146 6 9
213 994 27 2
216 462 45 8
217 423 44 3
217 574 26 7
218 285 34 4
218 1195 9 7
219 724 3 4
220 485 31 4
220 643 46 5
220 947 33 10
224 561 36 2
224 1113 14 10
225 226 18 10
225 227 30 6
225 228 27 4
225 229 3 3
225 230 18 6
225 231 33 10
225 232 29 1
225 233 2 7
225 234 41 5
225 269 25 10
225 291 22 9
225 300 46 10
225 501 5 4
225 547 38 9
225 713 4 6
225 755 37 5
225 811 16 6
225 860 46 2
225 865 24 10
225 970 38 9
225 1032 47 1
225 1080 15 2
225 1160 23 9
226 227 39 6
226 228 9 5
226 229 46 5
226 230 23 4
226 231 1 6
226 232 42 3
226 235 2 8
226 236 21 4
226 237 41 3
226 238 9 1
226 239 5 1
226 240 32 4
226 241 3 7
226 242 9 3
226 243 38 4
226 290 12 1
226 680 47 6
226 697 43 7
226 713 45 5
226 1065 22 1
227 228 34 9
227 229 49 5
227 230 35 4
227 231 37 7
227 232 38 4
227 244 27 3
227 245 23 6
227 246 36 5
227 247 40 6
227 343 10 9
227 370 1 10
227 378 48 7
227 595 44 9
227 626 26 3
227 654 20 2
227 956 11 4
227 986 50 7
227 1010 9 9
227 1075 19 9
228 229 22 2
228 230 2 4
228 231 27 7
228 232 50 10
228 248 38 10
228 249 49 1
228 370 6 7
228 430 40 5
228 517 14 4
228 518 25 7
228 554 17 10
228 616 12 9
228 778 8 3
228 891 37 3
228 894 44 1
228 1016 8 10
228 1030 18 3
228 1100 43 3
228 1138 26 6
229 230 17 6
229 231 37 2
229 232 25 6
229 250 32 7
229 251 39 4
229 252 21 6
229 253 39 3
229 254 8 4
229 255 29 2
229 378 43 4
229 425 24 7
229 597 30 2
229 626 16 1
229 645 46 9
229 735 41 5
229 806 18 7
229 972 12 3
229 1016 2 5
229 1101 43 1
229 1139 10 10
230 231 10 9
230 232 21 8
230 256 49 1
230 257 32 1
230 258 31 10
230 259 5 10
230 344 28 6
230 395 42 6
230 430 21 10
230 445 21 6
230 501 32 1
230 652 26 8
230 680 42 3
230 735 44 3
230 860 29 5
230 923 39 10
230 1160 17 3
231 232 47 10
231 260 22 7
231 266 37 9
231 307 32 1
231 395 1 5
231 425 42 5
231 479 11 3
231 510 42 7
231 615 14 9
231 740 44 7
231 795 37 10
231 867 27 3
231 955 39 8
231 985 41 6
231 997 37 8
232 261 5 4
232 262 10 7
232 263 19 10
232 264 19 6
232 444 40 6
232 479 46 1
232 645 32 7
232 696 47 9
232 742 48 4
232 775 15 9
232 920 10 2
232 1010 31 9
232 1065 42 4
232 1075 45 3
232 1083 43 5
234 584 39 9
234 1179 41 3
239 1170 7 1
240 406 32 6
243 965 35 5
245 963 17 2
247 799 3 8
247 1095 28 1
249 623 9 10
251 690 25 8
251 916 16 3
253 277 39 10
254 536 29 7
255 635 8 10
257 968 14 1
258 381 36 4
259 496 27 7
261 1174 9 6
262 573 9 2
263 725 5 7
265 266 29 7
265 267 3 2
265 268 4 4
265 269 1 8
265 270 45 5
265 271 7 6
265 272 20 5
265 273 16 3
265 274 18 8
265 275 4 8
265 290 39 5
265 375 39 9
265 399 4 3
265 444 50 1
265 500 47 5
265 518 35 6
265 655 32 6
265 680 49 4
265 735 35 2
265 741 38 3
265 757 24 9
265 925 30 8
265 1033 36 5
265 1066 1 7
265 1075 26 5
265 1083 37 8
266 267 8 2
266 268 34 8
266 269 49 9
266 276 7 2
266 277 24 10
266 278 12 8
266 279 11 3
266 280 20 7
266 306 38 9
266 370 27 6
266 431 18 10
266 475 26 6
266 516 11 2
266 596 49 9
266 627 19 3
266 680 24 3
266 712 29 2
266 758 19 1
266 775 17 9
266 795 29 2
266 804 50 9
266 955 42 9
266 970 8 9
266 995 29 10
266 996 24 1
266 1010 35 5
266 1100 30 9
267 268 17 10
267 269 37 6
267 281 45 4
267 341 25 9
267 343 39 5
267 425 33 6
267 553 23 10
267 615 1 6
267 645 8 3
267 795 15 8
267 809 48 9
267 925 38 6
267 985 47 1
267 986 43 3
267 1010 6 9
267 1017 11 6
267 1106 34 4
267 1162 2 7
267 1164 45 4
268 269 26 3
268 282 50 2
268 283 46 9
268 284 32 4
268 285 38 1
268 286 45 8
268 287 12 5
268 306 24 2
268 430 24 10
268 510 37 2
268 554 24 2
268 595 20 1
268 616 21 10
268 645 42 2
268 695 46 6
268 735 15 9
268 778 23 5
268 893 12 3
268 955 3 5
268 1016 18 8
268 1066 26 7
268 1075 4 7
268 1136 17 9
268 1137 27 2
269 288 15 8
269 289 8 10
269 291 34 6
269 370 46 9
269 377 30 9
269 399 7 10
269 425 2 4
269 445 8 4
269 479 20 7
269 500 17 3
269 510 29 9
269 625 30 4
269 654 40 5
269 697 37 9
269 740 40 7
269 860 18 9
269 865 5 2
269 868 48 5
269 890 3 6
269 970 36 1
269 1032 20 2
269 1080 22 2
270 603 47 10
272 877 18 1
274 715 20 6
274 897 2 2
275 579 43 4
277 745 8 8
277 1006 30 10
278 335 36 7
280 503 19 2
281 321 32 4
282 729 24 6
283 514 6 5
283 1054 40 2
284 604 32 9
285 1077 25 5
286 577 13 3
287 835 20 10
288 1037 25 7
289 333 25 1
290 291 26 8
290 292 6 4
290 293 29 8
290 294 6 6
290 295 48 10
290 302 14 2
290 342 46 1
290 370 17 9
290 377 29 7
290 397 21 3
290 425 10 2
290 431 27 2
290 445 50 8
290 479 36 1
290 500 33 10
290 510 42 1
290 516 8 3
290 520 31 1
290 549 8 2
290 553 2 1
290 615 43 7
290 616 29 8
290 652 33 5
290 680 39 8
290 681 1 6
290 697 13 4
290 712 50 10
290 713 43 3
290 735 21 7
290 741 39 6
290 755 40 9
290 775 11 8
290 776 13 3
290 795 47 2
290 810 23 1
290 860 6 5
290 866 12 5
290 890 34 1
290 922 41 8
290 957 20 6
290 970 47 9
290 996 40 7
290 997 3 7
290 1010 16 9
290 1017 35 8
290 1075 40 1
290 1080 16 6
290 1082 3 3
290 1105 44 2
290 1139 35 9
290 1160 21 2
291 296 26 1
291 297 31 6
291 298 49 4
291 299 35 7
291 301 43 8
291 344 37 6
291 370 13 6
291 376 24 1
291 398 39 1
291 425 46 10
291 442 16 9
291 478 11 4
291 510 45 8
291 595 48 9
291 626 48 8
291 645 34 9
291 652 44 7
291 696 3 5
291 742 40 10
291 756 4 4
291 803 4 3
291 860 45 3
291 869 39 2
291 890 5 7
291 921 24 9
291 956 6 1
291 985 28 7
291 986 38 5
291 1031 19 3
291 1033 7 7
291 1065 39 1
291 1066 48 9
291 1075 29 10
291 1136 33 6
291 1163 34 9
292 765 15 5
292 1049 19 6
293 730 17 10
293 931 32 2
296 796 47 4
300 301 22 6
300 302 9 6
300 303 15 6
300 304 22 1
300 305 45 2
300 306 41 7
300 307 30 8
300 308 3 9
300 309 35 2
300 510 42 7
300 616 28 10
300 682 12 4
300 757 19 6
300 795 14 10
300 805 1 7
300 810 23 3
300 1075 12 3
301 302 3 2
301 303 47 7
301 304 12 7
301 305 41 3
301 306 24 3
301 307 23 6
301 310 11 8
301 311 16 1
301 312 19 10
301 313 24 7
301 314 34 3
301 370 9 6
301 501 41 9
301 596 31 6
301 735 8 1
301 776 19 8
301 986 45 3
301 1010 46 1
301 1016 37 2
301 1036 30 1
301 1136 45 7
302 303 4 3
302 304 2 2
302 305 44 3
302 306 43 10
302 307 39 6
302 315 10 3
302 316 12 5
302 317 17 4
302 318 26 6
302 319 35 1
302 320 48 2
302 321 11 5
302 341 8 5
302 370 39 5
302 376 13 2
302 425 19 6
302 475 49 5
302 510 23 3
302 517 8 5
302 651 3 6
302 795 29 9
302 860 6 7
302 891 42 1
302 921 6 1
302 955 37 8
302 1017 42 1
302 1032 32 2
302 1101 34 2
303 304 8 5
303 305 14 5
303 306 25 4
303 307 39 9
303 322 49 8
303 323 2 2
303 324 3 10
303 397 23 7
303 430 48 9
303 697 3 9
303 710 42 4
303 869 50 3
303 971 30 6
303 995 34 10
304 305 7 5
304 306 9 2
304 307 24 3
304 325 33 2
304 326 9 6
304 327 27 2
304 342 9 3
304 443 1 7
304 515 10 4
304 616 20 1
304 625 9 9
304 713 35 9
304 735 5 10
304 756 9 1
304 777 11 2
304 1083 36 1
304 1161 33 9
305 306 37 6
305 307 15 7
305 328 11 10
305 329 5 4
305 330 4 7
305 331 42 2
305 332 8 8
305 375 20 1
305 446 50 8
305 476 35 3
305 742 18 2
305 860 30 2
305 866 20 10
305 986 4 6
305 1105 7 3
305 1135 26 9
305 1164 28 3
306 307 4 8
306 333 21 9
306 334 48 10
306 335 43 9
306 336 20 7
306 397 37 1
306 425 39 8
306 431 36 7
306 552 39 5
306 597 38 1
306 626 21 4
306 645 35 10
306 652 21 7
306 697 27 4
306 742 43 4
306 923 29 5
306 956 19 2
306 972 7 7
306 1065 27 5
306 1075 22 4
306 1082 23 2
307 337 40 9
307 338 39 6
307 339 8 7
307 500 27 4
307 550 45 10
307 645 24 1
307 680 8 7
307 893 39 3
307 997 45 6
307 1010 41 5
307 1065 40 3
309 508 17 1
311 732 50 7
311 1094 31 2
312 676 40 1
312 702 27 1
314 591 2 3
316 385 38 5
316 427 30 4
317 744 17 9
320 329 3 1
321 358 31 8
323 665 20 5
325 1179 33 8
328 358 1 6
329 994 40 4
330 470 36 6
331 858 25 5
332 1042 9 5
333 915 12 8
333 1152 48 6
336 790 14 5
337 462 24 4
337 530 49 5
338 346 44 3
338 878 7 10
340 341 12 9
340 342 5 10
340 343 43 10
340 344 36 8
340 345 41 8
340 346 38 3
340 440 15 9
340 510 34 6
340 652 23 7
340 680 42 6
340 741 35 2
340 742 50 9
340 795 1 2
340 956 41 2
340 971 19 4
340 997 30 6
340 1075 36 5
341 342 50 2
341 343 19 1
341 344 23 2
341 345 44 3
341 347 43 4
341 348 31 8
341 376 44 4
341 440 23 4
341 500 31 3
341 552 23 8
341 596 7 2
341 615 15 2
341 775 8 6
341 795 34 9
341 805 17 3
341 1015 49 4
341 1066 31 3
341 1083 10 1
341 1102 24 8
342 343 31 3
342 344 49 4
342 345 31 9
342 349 6 7
342 350 42 6
342 351 37 4
342 352 32 1
342 370 3 6
342 376 50 3
342 501 32 2
342 598 44 9
342 615 28 4
342 628 43 10
342 697 29 10
342 710 30 7
342 735 39 2
342 778 28 7
342 925 49 5
342 985 32 10
342 1137 30 2
342 1164 36 6
343 344 6 5
343 345 26 1
343 353 11 10
343 354 27 9
343 355 38 9
343 356 45 4
343 357 6 9
343 358 36 10
343 359 37 3
343 396 31 5
343 425 36 7
343 510 11 8
343 695 41 10
343 713 11 5
343 755 44 7
343 923 35 7
343 997 23 8
343 1010 28 8
343 1083 13 6
343 1162 4 1
344 345 30 10
344 360 20 3
344 361 28 7
344 362 32 2
344 363 34 3
344 364 40 6
344 365 22 7
344 366 30 4
344 370 9 7
344 430 27 7
344 477 17 2
344 645 1 5
344 653 12 2
344 682 28 6
344 860 37 1
344 865 32 8
344 866 24 8
344 890 41 5
344 895 38 9
344 1015 36 8
344 1032 3 6
344 1034 26 6
344 1106 9 5
344 1135 39 2
345 367 6 9
345 368 41 1
345 369 5 8
345 396 28 6
345 430 44 7
345 477 6 10
345 518 24 4
345 520 20 7
345 550 2 3
345 735 36 1
345 757 12 5
345 807 25 3
345 956 16 3
345 972 3 10
345 985 20 5
345 1010 41 5
345 1066 31 3
345 1075 1 6
348 897 9 10
348 1153 23 6
349 463 31 8
353 857 46 7
354 908 29 4
359 1087 40 2
364 708 45 3
365 1129 16 3
369 736 31 2
370 371 3 9
370 372 9 7
370 373 35 2
370 374 45 7
370 378 45 7
370 398 9 2
370 400 39 5
370 425 13 1
370 430 11 4
370 431 4 4
370 442 18 6
370 446 12 4
370 478 34 5
370 479 29 10
370 500 5 2
370 501 33 6
370 510 32 4
370 517 18 3
370 518 32 2
370 552 30 3
370 554 7 5
370 595 40 8
370 596 30 2
370 616 35 7
370 625 29 8
370 628 8 8
370 645 37 8
370 653 7 9
370 681 38 2
370 682 2 3
370 695 45 10
370 696 32 4
370 711 32 10
370 713 30 10
370 735 10 3
370 741 4 7
370 756 23 2
370 775 1 9
370 776 42 5
370 795 44 2
370 801 43 8
370 808 22 2
370 860 10 5
370 867 17 8
370 868 37 6
370 892 35 9
370 925 25 6
370 926 43 3
370 957 31 4
370 971 8 10
370 985 32 8
370 986 2 4
370 996 45 6
370 997 15 9
370 1010 3 8
370 1016 50 2
370 1017 49 7
370 1034 33 5
370 1035 10 3
370 1065 20 3
370 1066 49 8
370 1075 7 1
370 1082 16 6
370 1083 29 5
370 1101 23 3
370 1104 40 10
370 1137 21 6
370 1139 29 4
370 1162 12 1
370 1166 50 8
372 648 1 9
374 604 40 1
375 376 11 6
375 377 34 4
375 378 33 5
375 379 41 5
375 425 2 6
375 476 21 1
375 501 33 10
375 550 40 1
375 615 36 2
375 682 15 1
375 696 50 9
375 714 22 3
375 735 28 7
375 777 23 2
375 803 50 2
375 893 13 9
375 1010 2 8
375 1016 28 1
375 1017 20 7
375 1065 49 6
376 377 48 1
376 378 35 2
376 380 5 4
376 381 29 1
376 382 13 2
376 383 14 9
376 384 26 2
376 385 34 1
376 386 24 10
376 442 43 5
376 500 20 2
376 510 17 5
376 645 19 8
376 652 9 5
376 653 30 1
376 712 36 9
376 735 45 4
376 755 4 8
376 810 36 6
376 921 41 3
376 956 47 2
376 996 41 4
376 997 27 3
376 1082 17 4
377 378 40 5
377 387 26 9
377 388 37 1
377 389 50 3
377 390 9 8
377 395 37 1
377 399 21 2
377 425 11 9
377 430 21 3
377 444 34 5
377 478 46 1
377 520 29 4
377 595 12 3
377 627 32 3
377 645 24 1
377 740 14 4
377 741 21 10
377 757 9 4
377 778 24 9
377 795 46 8
377 860 24 4
377 869 29 3
377 971 26 2
377 1010 17 1
377 1033 2 6
377 1065 49 9
377 1075 16 6
377 1081 25 4
377 1106 31 2
377 1137 10 7
377 1161 23 10
378 391 48 5
378 392 3 6
378 393 15 9
378 394 24 3
378 430 14 8
378 519 35 5
378 549 47 10
378 595 32 9
378 615 42 6
378 625 5 9
378 681 48 5
378 795 8 6
378 860 39 1
378 868 34 1
378 890 40 9
378 924 22 7
378 957 15 2
378 971 1 5
378 985 4 6
378 1034 29 2
378 1075 27 7
378 1103 3 3
378 1135 14 5
378 1166 1 9
385 917 13 6
388 1000 18 9
390 946 28 9
393 603 46 5
393 1097 24 5
394 1057 40 7
395 396 38 6
395 397 38 9
395 398 6 1
395 399 11 3
395 400 14 3
395 401 32 10
395 626 47 5
395 645 34 10
395 735 7 8
395 795 13 5
395 867 42 4
395 869 40 4
395 924 15 6
395 986 10 1
395 997 25 7
395 1017 20 6
395 1075 1 10
395 1167 34 5
396 397 49 6
396 398 30 1
396 399 5 6
396 400 18 5
396 402 43 10
396 403 27 6
396 404 31 6
396 518 14 9
396 652 6 7
396 892 37 8
396 1034 20 7
396 1066 28 8
396 1075 29 6
396 1100 32 5
397 398 13 2
397 399 1 3
397 400 34 6
397 405 21 8
397 406 41 7
397 407 23 1
397 408 18 7
397 425 35 6
397 430 3 10
397 440 19 3
397 501 24 2
397 510 19 10
397 596 28 3
397 597 9 9
397 626 39 1
397 757 20 6
397 776 50 7
397 777 28 9
397 860 24 10
397 957 27 7
397 972 36 1
397 1010 40 7
397 1066 19 3
397 1139 38 2
398 399 40 8
398 400 1 5
398 409 28 3
398 410 29 3
398 425 34 7
398 431 19 6
398 500 17 7
398 510 32 8
398 517 6 9
398 554 18 2
398 645 48 6
398 713 33 8
398 795 13 1
398 970 21 1
398 1036 3 3
398 1103 5 10
399 400 25 7
399 411 45 10
399 412 42 2
399 413 39 6
399 414 18 3
399 415 16 4
399 479 47 5
399 552 31 2
399 616 3 10
399 741 47 9
399 757 5 9
399 801 9 2
399 1015 18 9
399 1136 46 8
399 1161 47 7
400 416 15 10
400 417 34 5
400 418 22 10
400 419 50 8
400 420 24 8
400 421 20 4
400 422 1 1
400 423 27 9
400 424 4 7
400 442 23 5
400 476 19 4
400 615 35 8
400 655 43 9
400 680 11 2
400 695 29 7
400 696 20 7
400 714 17 4
400 735 4 10
400 805 26 5
400 860 39 9
400 891 35 7
400 920 3 3
400 955 19 9
400 986 14 4
400 995 4 1
400 1010 25 9
400 1080 49 7
400 1083 22 2
401 608 47 2
402 643 36 8
403 427 19 3
406 822 29 9
407 489 48 1
408 951 3 4
409 466 3 5
409 977 4 3
409 1088 6 8
410 1113 17 3
414 796 34 2
414 1007 40 10
415 464 2 3
417 492 26 8
424 563 6 1
425 426 41 7
425 427 26 6
425 428 29 4
425 429 17 3
425 430 15 2
425 431 38 3
425 442 10 2
425 444 4 10
425 477 18 7
425 478 33 1
425 501 21 2
425 510 42 2
425 517 15 6
425 520 48 10
425 546 42 3
425 551 2 3
425 595 19 1
425 598 6 2
425 615 36 4
425 625 39 2
425 626 37 3
425 645 39 2
425 650 49 7
425 655 32 6
425 680 39 7
425 681 21 8
425 697 34 6
425 711 44 5
425 714 26 10
425 735 36 5
425 740 43 10
425 742 19 9
425 755 45 7
425 757 34 10
425 777 18 10
425 778 35 8
425 795 48 6
425 802 40 5
425 804 21 3
425 860 5 7
425 865 41 3
425 867 12 3
425 892 44 6
425 894 41 4
425 921 19 7
425 922 17 2
425 955 19 10
425 957 11 6
425 971 13 10
425 985 12 4
425 995 1 4
425 997 9 8
425 1010 37 10
425 1015 9 9
425 1033 4 2
425 1034 8 5
425 1066 36 5
425 1075 29 10
425 1083 32 4
425 1102 20 3
425 1106 40 7
425 1137 5 9
425 1138 9 8
425 1166 36 6
425 1167 50 1
428 637 48 5
429 690 16 5
429 906 48 1
430 431 33 9
430 432 34 1
430 433 19 6
430 434 13 10
430 476 18 4
430 479 39 3
430 500 20 7
430 510 11 3
430 519 32 2
430 520 15 8
430 548 8 8
430 595 37 5
430 596 20 5
430 645 32 5
430 652 40 10
430 655 17 4
430 681 45 6
430 682 7 10
430 697 37 3
430 711 15 7
430 735 42 1
430 741 30 7
430 756 2 4
430 757 16 9
430 778 21 4
430 795 32 10
430 802 20 5
430 866 5 8
430 867 20 4
430 891 6 7
430 892 11 10
430 955 25 10
430 971 32 10
430 985 12 6
430 996 27 7
430 997 12 9
430 1066 8 2
430 1083 28 1
430 1100 50 4
430 1139 16 2
431 435 10 5
431 436 50 2
431 437 6 5
431 438 29 7
431 439 15 5
431 442 50 5
431 444 6 6
431 615 14 9
431 625 27 8
431 626 9 9
431 696 28 3
431 711 19 2
431 735 2 9
431 740 39 8
431 777 8 7
431 802 35 10
431 860 41 8
431 923 31 10
431 925 20 10
431 957 4 9
431 970 40 1
431 1010 28 10
431 1015 26 4
431 1016 43 5
431 1032 45 5
431 1034 40 4
431 1065 5 9
431 1075 7 1
431 1082 16 9
431 1102 29 4
431 1137 19 4
431 1160 6 8
431 1166 35 1
433 1096 27 10
433 1175 15 2
436 676 1 6
439 537 20 4
440 441 34 9
440 442 3 9
440 443 41 9
440 444 29 4
440 445 36 4
440 446 46 8
440 447 13 7
440 501 42 4
440 510 23 4
440 554 8 10
440 653 49 8
440 680 41 2
440 809 28 10
440 860 25 6
440 924 46 2
440 970 37 2
440 996 14 7
440 1017 15 10
440 1031 17 9
440 1075 5 8
440 1106 30 9
441 442 17 8
441 443 17 6
441 444 34 6
441 445 40 9
441 446 10 5
441 448 49 4
441 449 34 8
441 450 46 5
441 451 21 8
441 645 42 7
441 740 50 8
441 755 2 4
441 860 33 10
441 867 46 2
441 985 47 1
441 1066 26 3
441 1080 3 9
442 443 31 6
442 444 9 10
442 445 36 4
442 446 41 7
442 452 33 8
442 453 21 8
442 454 41 9
442 455 9 1
442 456 8 8
442 457 27 2
442 458 40 5
442 459 32 5
442 460 36 2
442 515 23 1
442 551 8 7
442 595 44 9
442 628 23 2
442 680 34 1
442 735 50 1
442 742 11 4
442 795 25 5
442 956 1 1
442 986 48 3
442 1010 48 4
443 444 9 5
443 445 15 1
443 446 35 6
443 461 24 1
443 462 46 10
443 463 37 9
443 464 26 5
443 501 38 5
443 510 27 4
443 654 12 9
443 696 1 6
443 697 19 3
443 712 13 10
443 735 10 10
443 775 50 3
443 795 42 2
443 1066 33 2
443 1083 8 4
443 1137 12 5
444 445 35 8
444 446 32 3
444 465 29 1
444 519 6 5
444 615 17 2
444 713 6 1
444 925 44 9
444 972 38 6
444 995 31 9
444 1035 43 10
444 1161 18 4
445 446 9 10
445 466 6 2
445 467 14 3
445 468 31 3
445 469 39 7
445 470 42 4
445 471 34 4
445 477 32 3
445 615 30 4
445 627 37 4
445 645 6 5
445 778 8 10
445 810 31 7
445 867 6 3
445 894 41 3
445 957 11 5
445 1010 26 1
445 1075 21 7
445 1163 14 2
446 472 39 2
446 473 2 5
446 474 25 6
446 598 13 10
446 758 43 2
446 893 19 3
446 1068 30 9
446 1106 23 9
446 1139 31 1
448 503 17 5
450 672 2 2
452 498 48 10
452 915 8 1
452 959 19 10
453 799 44 6
455 973 32 9
455 1020 1 8
456 934 49 6
456 1115 37 8
457 544 18 6
457 1172 46 3
458 619 39 4
458 663 9 10
458 812 5 5
459 1071 40 5
460 902 17 1
461 751 38 1
461 912 9 9
461 1115 6 8
463 567 32 6
465 723 29 5
467 1150 11 10
470 507 33 9
470 729 20 3
470 1152 29 10
471 1125 22 7
472 1051 30 7
473 679 8 9
475 476 50 1
475 477 5 4
475 478 48 9
475 479 6 5
475 480 9 3
475 481 5 5
475 482 45 6
475 483 11 1
475 484 14 2
475 485 39 10
475 549 2 5
475 597 28 6
475 615 7 8
475 627 11 8
475 645 16 1
475 653 32 8
475 711 3 8
475 776 38 4
475 869 24 2
475 955 35 7
475 1010 20 4
475 1034 20 9
475 1065 11 2
475 1136 32 3
476 477 2 3
476 478 29 9
476 479 20 8
476 486 43 7
476 487 36 1
476 488 33 10
476 489 13 1
476 490 18 3
476 491 13 4
476 501 8 1
476 550 39 6
476 626 16 9
476 654 12 8
476 758 40 3
476 776 16 10
476 795 23 7
476 807 45 8
476 893 2 2
476 922 18 6
476 996 21 3
476 1010 13 9
476 1137 41 1
476 1160 46 8
477 478 29 10
477 479 33 10
477 492 7 7
477 493 48 10
477 510 34 4
477 515 8 9
477 598 37 9
477 681 30 9
477 696 43 8
477 795 12 3
477 971 1 5
477 986 49 9
477 1066 27 10
477 1082 42 5
477 1106 42 1
478 479 14 3
478 494 39 10
478 495 45 10
478 496 21 3
478 500 18 3
478 518 37 5
478 735 25 8
478 740 2 1
478 756 7 2
478 860 43 7
478 865 21 5
478 921 12 10
478 986 8 10
478 997 11 6
478 1016 22 7
478 1075 2 4
478 1083 31 1
479 497 23 7
479 498 30 10
479 499 10 10
479 510 6 10
479 696 37 4
479 714 34 1
479 735 2 4
479 740 5 8
479 890 23 7
479 955 10 6
479 972 50 2
479 1017 26 10
479 1030 46 6
479 1075 39 9
479 1100 21 5
479 1166 15 4
486 919 16 8
487 525 28 6
490 642 28 7
493 1120 38 9
495 983 19 6
498 1146 5 9
500 501 7 6
500 502 28 7
500 503 43 9
500 504 49 5
500 505 30 9
500 506 45 4
500 518 12 2
500 545 38 9
500 597 33 5
500 598 37 6
500 616 35 5
500 626 18 5
500 645 35 3
500 655 31 2
500 682 46 2
500 697 7 5
500 735 20 7
500 740 12 4
500 758 3 3
500 776 2 4
500 803 7 6
500 806 15 9
500 860 1 10
500 923 39 3
500 986 10 2
500 996 22 6
500 1010 5 6
500 1016 8 8
500 1065 41 1
500 1075 50 6
500 1080 47 4
500 1139 18 3
500 1162 6 8
500 1166 37 2
501 507 47 3
501 508 19 4
501 509 4 9
501 510 15 3
501 516 26 3
501 550 27 3
501 626 7 2
501 645 43 7
501 651 24 10
501 696 9 3
501 712 31 1
501 713 12 4
501 735 38 6
501 741 24 10
501 758 21 6
501 777 44 10
501 795 42 4
501 867 6 9
501 868 25 3
501 890 24 9
501 892 37 2
501 924 34 1
501 956 18 8
501 970 27 9
501 971 44 4
501 985 6 9
501 997 18 2
501 1010 13 5
501 1016 26 3
501 1033 41 5
501 1036 38 1
501 1065 24 1
501 1075 16 4
501 1082 27 1
501 1102 14 6
501 1105 18 8
501 1139 6 9
502 692 35 6
504 929 42 8
510 511 50 1
510 512 33 6
510 513 38 10
510 514 45 4
510 516 42 6
510 518 43 4
510 546 26 1
510 549 40 1
510 595 43 3
510 597 45 9
510 615 19 8
510 625 3 7
510 628 13 7
510 645 40 9
510 650 43 6
510 655 31 5
510 681 22 6
510 697 13 5
510 713 43 2
510 714 30 7
510 735 39 6
510 741 31 10
510 755 36 3
510 756 21 7
510 777 15 9
510 778 17 3
510 795 7 7
510 801 34 1
510 808 4 8
510 860 44 9
510 868 49 4
510 869 13 1
510 890 9 4
510 893 10 9
510 920 23 3
510 922 7 7
510 957 37 7
510 972 46 10
510 985 21 2
510 986 45 4
510 996 11 3
510 1010 11 10
510 1017 46 6
510 1033 44 5
510 1034 46 8
510 1065 6 1
510 1066 34 7
510 1075 31 9
510 1080 18 1
510 1101 33 10
510 1103 44 1
510 1135 8 4
510 1137 44 10
510 1162 42 6
510 1167 5 4
512 1042 26 7
513 959 7 9
515 516 48 3
515 517 6 5
515 518 46 1
515 519 36 2
515 520 41 1
515 521 6 6
515 522 18 3
515 523 34 5
515 595 37 3
515 625 35 3
515 696 11 2
515 865 39 9
515 866 2 3
515 924 45 4
515 1066 24 6
515 1080 15 4
515 1137 20 10
516 517 39 5
516 518 37 2
516 519 31 1
516 520 37 1
516 524 2 10
516 525 34 1
516 526 42 7
516 527 14 5
516 655 46 8
516 758 10 10
516 804 40 8
516 972 28 5
516 996 16 5
516 1017 9 2
516 1035 12 2
516 1081 18 1
516 1101 35 3
517 518 48 8
517 519 25 4
517 520 2 8
517 528 5 5
517 529 1 10
517 530 32 8
517 531 42 1
517 532 7 6
517 533 8 10
517 596 35 4
517 616 43 4
517 681 5 2
517 735 17 7
517 741 22 1
517 860 7 5
517 956 16 5
518 519 32 2
518 520 41 5
518 534 35 4
518 535 22 1
518 536 3 1
518 537 37 3
518 538 45 2
518 645 13 1
518 714 24 7
518 742 49 4
518 775 43 2
518 795 6 3
518 1065 41 9
518 1135 42 2
518 1160 4 8
519 520 38 10
519 539 14 4
519 540 46 2
519 551 31 8
519 697 19 2
519 710 48 9
519 735 26 5
519 755 17 9
519 893 35 5
519 894 39 10
519 957 43 3
519 986 38 8
519 1017 26 3
519 1106 8 3
520 541 46 5
520 542 50 4
520 543 21 6
520 544 4 6
520 552 34 2
520 615 35 8
520 626 28 8
520 645 24 3
520 650 26 3
520 778 8 2
520 808 15 3
520 921 48 9
520 972 20 8
520 986 18 10
520 997 31 3
520 1010 23 4
520 1030 30 2
520 1075 26 4
520 1166 7 8
525 656 32 6
527 739 6 8
528 721 48 10
528 1157 8 2
531 958 9 4
534 1067 27 5
534 1095 5 4
535 607 20 4
535 612 38 5
535 1143 13 3
536 1056 27 1
538 608 49 7
539 556 24 4
539 771 36 5
540 1061 13 3
540 1117 15 7
543 703 26 7
545 546 30 1
545 547 31 10
545 548 17 10
545 549 32 4
545 550 40 9
545 551 47 1
545 552 12 7
545 553 16 2
545 554 32 6
545 555 28 4
545 556 31 4
545 557 36 3
545 558 19 10
545 735 17 5
545 777 12 9
545 778 12 10
545 1016 49 10
545 1065 23 7
545 1165 46 8
546 547 11 3
546 548 28 5
546 549 43 2
546 550 25 3
546 551 13 2
546 552 41 5
546 553 31 2
546 554 22 4
546 559 46 8
546 560 8 9
546 561 25 8
546 562 9 2
546 563 7 4
546 564 25 1
546 652 3 10
546 740 9 6
546 758 20 4
546 985 37 2
546 1104 37 10
546 1136 39 4
547 300 24 5
547 548 20 10
547 549 16 5
547 550 24 7
547 551 33 7
547 552 15 10
547 553 39 2
547 554 48 1
547 565 21 6
547 645 35 2
547 995 44 2
547 1010 35 10
547 1135 26 8
548 549 45 10
548 550 1 1
548 551 24 4
548 552 25 9
548 553 14 1
548 554 33 8
548 566 10 3
548 567 17 5
548 568 25 9
548 569 24 6
548 570 22 2
548 615 4 6
548 616 3 8
548 740 30 1
548 795 5 3
548 972 36 6
548 1017 16 4
548 1030 45 8
549 550 21 3
549 551 46 7
549 552 3 8
549 553 47 5
549 554 10 5
549 571 15 7
549 572 33 3
549 573 22 8
549 574 40 5
549 575 9 9
549 576 20 5
549 577 32 4
549 645 46 4
549 654 9 2
549 682 4 6
549 860 8 5
549 1082 17 9
549 1106 12 6
550 551 10 3
550 552 47 4
550 553 30 10
550 554 35 4
550 578 46 9
550 579 11 1
550 580 22 1
550 581 41 1
550 582 5 10
550 710 8 7
550 795 27 10
550 955 19 6
550 1010 44 10
550 1080 38 8
551 552 19 6
551 553 10 6
551 554 20 6
551 583 28 5
551 584 8 9
551 585 35 3
551 586 35 8
551 860 40 3
551 869 12 9
551 924 20 1
551 995 23 7
551 1075 30 6
551 1163 46 9
552 553 1 3
552 554 16 6
552 587 8 4
552 588 13 4
552 589 41 4
552 597 19 2
552 697 20 10
552 807 2 1
552 867 39 4
552 894 39 10
552 972 16 10
552 1066 5 5
553 554 49 1
553 590 24 7
553 591 11 10
553 592 25 3
553 625 10 7
553 682 44 6
553 695 31 3
553 735 24 9
553 805 42 2
553 985 39 9
553 1075 15 1
554 593 10 4
554 594 16 1
554 598 21 5
554 625 31 6
554 711 7 5
554 757 35 5
554 890 19 2
554 922 42 7
554 956 20 6
554 1036 37 4
555 837 11 6
555 943 29 8
556 584 4 3
557 656 40 10
561 1046 46 9
563 773 29 6
566 647 15 4
566 1076 16 1
568 720 4 3
570 1159 24 7
570 1170 1 4
574 751 22 5
574 887 35 7
576 765 45 1
576 959 38 5
577 495 19 10
578 582 31 6
581 1092 46 5
583 1133 21 8
585 864 35 5
586 840 41 1
592 928 8 1
593 822 23 1
595 596 9 5
595 597 23 6
595 598 11 5
595 599 5 8
595 600 46 7
595 601 28 1
595 602 28 1
595 603 30 5
595 627 41 3
595 645 29 9
595 650 45 7
595 712 30 2
595 735 18 9
595 742 1 2
595 755 40 3
595 795 6 4
595 860 37 7
595 865 19 8
595 869 1 10
595 955 33 7
595 956 7 4
595 986 40 1
595 995 29 4
595 1010 17 7
595 1016 49 4
595 1075 42 1
595 1105 30 8
596 597 25 10
596 598 37 10
596 604 46 4
596 605 26 8
596 606 4 1
596 607 8 7
596 645 39 8
596 652 7 3
596 680 47 8
596 741 37 3
596 775 9 7
596 776 1 2
596 795 30 2
596 926 31 4
596 971 16 10
596 972 21 9
596 1016 26 2
596 1034 27 5
596 1065 36 10
596 1075 6 4
596 1136 8 10
596 1164 20 6
597 598 31 6
597 608 23 9
597 609 4 8
597 616 35 3
597 695 40 1
597 697 36 6
597 735 49 9
597 756 12 8
597 803 16 8
597 894 25 7
597 926 38 7
597 986 25 8
597 997 3 4
597 1010 34 6
597 1030 13 3
597 1081 32 2
597 1105 1 6
597 1138 10 2
597 1167 11 8
598 610 7 10
598 611 3 2
598 612 46 8
598 613 20 6
598 614 40 9
598 616 26 1
598 628 50 5
598 712 47 10
598 811 10 10
598 895 26 9
598 1081 19 10
599 766 22 1
599 1025 15 2
600 767 39 5
600 918 2 2
601 911 26 10
601 1058 21 5
602 619 18 9
605 1047 46 6
610 793 4 10
610 1126 3 1
611 949 34 10
613 908 7 3
615 616 31 9
615 617 44 4
615 618 29 8
615 619 33 3
615 627 4 9
615 645 50 6
615 655 23 5
615 696 7 1
615 710 44 1
615 711 46 3
615 735 14 3
615 740 14 2
615 758 27 2
615 777 45 3
615 810 6 10
615 860 15 1
615 890 24 6
615 955 40 5
615 972 30 10
615 986 32 10
615 996 23 6
615 1010 45 7
615 1016 41 5
615 1017 27 9
615 1030 36 7
615 1065 40 1
615 1066 7 6
615 1075 40 7
615 1105 39 4
615 1136 33 7
615 1164 43 8
616 620 39 6
616 621 29 6
616 622 40 7
616 623 2 2
616 624 14 2
616 628 24 9
616 645 26 5
616 651 10 9
616 680 44 7
616 682 4 2
616 735 12 2
616 742 23 7
616 756 19 6
616 777 32 4
616 795 38 10
616 800 40 8
616 866 27 5
616 868 28 3
616 890 22 10
616 920 42 3
616 926 31 10
616 956 49 10
616 972 7 4
616 995 6 10
616 1010 37 6
616 1075 33 3
616 1081 9 1
616 1083 12 9
616 1103 41 8
616 1166 3 8
617 660 11 2
620 998 49 3
622 903 10 10
624 689 45 7
624 1094 9 8
625 626 47 5
625 627 14 5
625 628 35 1
625 629 1 8
625 645 47 10
625 652 11 3
625 681 38 7
625 735 6 10
625 758 30 5
625 775 44 9
625 795 11 7
625 806 6 6
625 895 2 5
625 924 21 5
625 956 4 3
625 970 45 1
625 1035 48 7
625 1065 46 1
625 1139 15 2
625 1164 43 9
626 627 4 2
626 628 49 2
626 630 27 2
626 631 15 9
626 632 5 9
626 633 11 3
626 634 2 7
626 645 49 4
626 710 9 2
626 714 11 3
626 742 28 10
626 957 5 2
626 986 13 8
626 995 6 3
626 1010 50 1
626 1015 1 7
626 1075 48 5
626 1101 28 2
627 628 50 10
627 635 2 1
627 636 50 9
627 637 45 4
627 638 14 6
627 653 14 10
627 696 25 4
627 741 48 1
627 755 42 9
627 795 39 6
627 866 8 9
627 892 3 10
627 920 50 9
627 997 20 2
627 1010 43 7
627 1015 40 2
627 1075 25 8
627 1083 32 8
627 1103 6 2
627 1162 7 10
628 639 28 5
628 640 26 9
628 641 12 1
628 642 26 10
628 643 20 4
628 644 47 8
628 697 2 8
628 776 40 1
628 810 42 2
628 860 30 7
628 869 42 10
628 972 22 2
628 985 39 2
628 1030 34 9
628 1065 43 5
628 1080 41 6
628 1139 33 3
630 659 31 4
633 1171 19 9
645 646 15 10
645 647 41 2
645 648 45 4
645 649 14 9
645 650 39 7
645 652 13 4
645 681 13 7
645 682 45 7
645 696 35 4
645 697 38 1
645 714 28 6
645 735 38 3
645 740 39 1
645 742 39 8
645 755 26 5
645 758 6 2
645 775 49 3
645 777 30 4
645 795 47 6
645 803 30 2
645 807 32 4
645 860 47 2
645 868 32 2
645 869 32 10
645 890 1 7
645 895 38 3
645 920 8 6
645 921 5 7
645 955 4 4
645 957 49 2
645 970 46 4
645 971 14 6
645 985 12 1
645 995 8 4
645 1010 28 5
645 1015 45 6
645 1016 29 10
645 1032 13 8
645 1034 34 1
645 1066 47 4
645 1075 49 10
645 1080 31 9
645 1106 37 2
645 1137 49 5
645 1165 43 7
645 1167 25 1
648 736 43 4
650 651 5 3
650 652 3 1
650 653 25 2
650 654 45 7
650 655 16 1
650 656 26 4
650 657 2 1
650 658 37 9
650 659 26 3
650 695 6 7
650 735 16 1
650 866 19 8
650 1010 1 8
650 1065 10 7
650 1083 14 3
650 1104 29 7
650 1139 11 3
650 1166 8 10
651 652 30 6
651 653 28 10
651 654 44 6
651 655 3 1
651 660 11 8
651 661 19 9
651 662 11 5
651 663 10 9
651 664 32 10
651 712 43 5
651 996 20 1
651 1010 50 10
651 1034 11 9
651 1066 36 1
651 1166 9 6
652 653 26 1
652 654 4 3
652 655 20 6
652 665 3 9
652 681 11 8
652 755 4 7
652 804 36 6
652 955 40 5
652 971 9 6
652 985 7 7
652 1031 37 8
652 1075 39 4
652 1083 9 6
653 654 27 1
653 655 35 4
653 666 25 6
653 667 19 1
653 668 27 5
653 669 44 8
653 670 7 1
653 671 35 2
653 672 11 9
653 673 3 8
653 674 11 3
653 675 20 2
653 735 8 9
653 742 50 7
653 778 35 3
653 795 50 4
653 860 40 2
653 892 34 3
653 922 15 8
653 970 46 3
653 996 24 2
653 1075 5 3
653 1138 37 7
654 655 41 5
654 676 14 9
654 696 35 7
654 710 40 6
654 742 30 1
654 755 34 4
654 865 11 3
654 957 24 6
654 986 35 10
654 1101 17 4
655 677 28 10
655 678 28 3
655 679 28 2
655 776 33 5
655 795 9 2
655 806 10 7
655 860 45 2
655 894 41 8
655 921 2 10
655 1017 24 3
662 1003 45 4
663 726 50 9
664 788 42 4
665 1029 23 3
667 677 12 4
668 861 43 3
668 1143 12 1
670 698 47 8
671 1092 44 7
673 871 13 4
673 990 8 1
678 1048 6 9
680 681 47 10
680 682 40 9
680 683 10 2
680 684 12 1
680 696 22 5
680 741 34 10
680 775 9 3
680 860 46 9
680 866 49 3
680 890 39 6
680 925 44 10
680 955 50 4
680 970 10 1
680 1010 50 3
680 1015 42 5
680 1016 49 7
680 1033 44 2
680 1035 33 4
680 1138 48 3
680 1161 15 4
681 682 50 5
681 685 34 3
681 686 23 6
681 687 50 7
681 688 47 1
681 689 13 2
681 697 8 1
681 710 7 1
681 735 45 6
681 755 37 8
681 795 27 6
681 809 19 10
681 891 27 9
681 971 27 6
681 985 46 3
681 986 23 7
681 1010 19 2
681 1065 19 1
681 1075 47 8
681 1082 39 8
681 1101 49 3
681 1167 13 3
682 690 6 7
682 691 47 9
682 692 24 8
682 693 42 9
682 694 31 6
682 711 2 2
682 735 21 10
682 740 11 2
682 775 33 10
682 795 27 5
682 809 46 9
682 860 28 10
682 868 28 4
682 926 37 2
682 995 35 5
682 1066 31 3
682 1083 16 1
682 1104 26 1
682 1136 25 1
685 698 47 7
688 821 13 6
689 693 5 5
690 1114 13 9
692 942 46 7
693 700 26 7
695 696 30 4
695 697 36 10
695 698 16 2
695 699 38 6
695 700 25 4
695 712 5 10
695 777 33 1
695 778 43 5
695 860 27 2
695 895 35 4
695 921 8 1
695 955 48 1
695 970 42 6
695 1010 24 5
695 1015 37 6
695 1066 21 9
695 1075 22 8
695 1081 47 10
695 1102 29 10
695 1105 15 8
695 1165 9 8
696 697 43 2
696 701 26 6
696 702 45 1
696 703 45 1
696 704 19 10
696 705 7 6
696 713 7 6
696 741 5 10
696 807 23 2
696 867 31 10
696 971 49 4
696 997 28 7
696 1010 47 3
696 1030 39 3
697 706 26 6
697 707 20 10
697 708 31 10
697 709 46 3
697 735 45 1
697 741 13 10
697 756 26 6
697 757 47 9
697 795 45 6
697 802 34 1
697 865 38 9
697 893 1 7
697 921 41 10
697 956 28 10
697 985 23 6
697 995 27 4
697 1066 20 5
697 1075 19 3
697 1083 15 7
697 1135 28 10
697 1137 5 1
697 1165 5 7
698 766 8 6
700 827 35 2
705 754 1 7
705 919 35 4
708 914 14 9
710 711 23 6
710 712 40 3
710 713 32 6
710 714 44 4
710 715 35 10
710 716 9 1
710 717 19 5
710 718 31 2
710 719 39 10
710 735 8 10
710 806 25 7
710 1016 8 1
710 1075 12 10
710 1081 3 3
710 1136 9 3
711 712 42 9
711 713 9 9
711 714 27 10
711 720 43 2
711 721 26 3
711 722 25 6
711 723 39 3
711 724 9 4
711 776 13 8
711 795 22 8
711 800 17 6
711 985 48 1
711 1010 23 1
711 1065 40 9
711 1138 43 3
712 713 32 3
712 714 28 8
712 725 31 3
712 726 20 1
712 727 2 7
712 735 10 3
712 795 36 1
712 860 18 4
712 867 22 7
712 895 31 4
712 924 8 8
712 997 32 5
712 1065 5 6
713 714 6 10
713 728 6 10
713 729 7 1
713 730 7 2
713 741 38 1
713 755 42 6
713 893 26 1
713 921 13 8
713 955 9 5
713 970 34 3
713 972 6 2
713 985 18 10
713 1017 24 9
713 1075 47 8
713 1105 10 5
713 1161 34 1
714 731 23 5
714 732 32 9
714 733 45 3
714 734 25 10
714 740 21 10
714 758 32 8
714 778 10 7
714 860 13 8
714 868 8 3
714 957 40 10
714 995 45 5
714 1030 38 10
714 1031 8 2
714 1081 39 8
714 1102 21 5
714 1166 2 6
715 787 4 10
715 1112 22 2
715 1173 16 7
716 773 25 9
719 785 24 3
719 913 50 3
719 959 14 6
722 1025 13 4
725 907 37 2
728 874 40 10
728 987 46 5
728 1064 48 3
731 1158 21 5
733 750 9 7
733 1038 37 4
734 1063 2 1
735 736 43 5
735 737 13 4
735 738 3 7
735 739 47 9
735 741 3 10
735 755 46 10
735 757 14 7
735 777 31 7
735 778 18 10
735 795 45 10
735 807 46 10
735 810 3 7
735 860 37 9
735 866 11 3
735 868 1 4
735 894 23 4
735 895 11 10
735 920 38 2
735 921 41 2
735 956 31 6
735 957 2 5
735 972 47 8
735 985 26 7
735 995 16 9
735 1010 33 9
735 1015 12 3
735 1032 23 7
735 1034 2 5
735 1066 5 7
735 1075 7 5
735 1080 45 6
735 1102 14 4
735 1103 11 5
735 1137 41 3
735 1138 12 2
735 1161 30 6
735 1167 7 5
736 1054 40 10
740 741 20 6
740 742 31 8
740 743 28 1
740 744 18 6
740 745 8 2
740 803 26 6
740 860 28 1
740 868 21 6
740 956 17 3
740 986 50 8
740 996 32 6
740 1010 28 2
740 1016 34 4
740 1066 18 9
740 1075 2 5
740 1139 13 4
741 742 13 5
741 746 27 8
741 747 9 6
741 748 12 2
741 749 36 9
741 795 16 6
741 811 15 8
741 867 13 2
741 957 18 3
741 971 50 3
741 986 14 1
741 997 8 6
741 1010 8 5
741 1034 38 1
741 1075 11 9
741 1082 1 5
741 1103 34 2
741 1138 31 2
741 1161 30 2
742 750 33 2
742 751 50 10
742 752 1 4
742 753 45 4
742 754 17 1
742 755 6 8
742 758 28 8
742 778 7 3
742 795 15 10
742 860 26 6
742 890 30 7
742 892 42 6
742 923 42 8
742 926 23 4
742 970 2 4
742 1017 16 2
742 1030 31 3
742 1065 27 8
742 1081 27 2
742 1104 29 10
742 1167 19 2
746 1055 23 5
752 1085 50 2
752 1175 42 9
755 756 30 2
755 757 20 7
755 758 20 8
755 759 43 10
755 760 5 4
755 761 50 7
755 762 11 10
755 763 32 6
755 764 47 8
755 777 19 8
755 795 47 6
755 801 29 2
755 860 11 9
755 868 47 7
755 893 49 1
755 972 31 6
755 1075 46 8
755 1167 9 9
756 757 14 9
756 758 11 7
756 765 50 3
756 766 2 4
756 778 25 4
756 860 33 1
756 868 35 7
756 985 40 9
756 995 16 7
756 1017 18 7
756 1032 17 9
756 1080 11 9
756 1082 19 2
756 1105 25 3
756 1136 45 7
757 758 35 1
757 767 33 8
757 768 30 3
757 769 29 8
757 770 26 3
757 771 11 3
757 926 12 9
757 1010 6 6
757 1030 38 1
757 1102 22 6
757 1138 43 3
757 1162 37 8
758 772 33 1
758 773 48 6
758 774 39 1
758 795 28 3
758 810 21 4
758 891 27 7
758 920 1 6
758 956 41 10
758 957 15 5
758 971 2 5
758 986 49 6
758 997 34 3
758 1065 49 4
758 1066 35 3
772 889 18 2
775 776 28 5
775 777 23 1
775 778 37 3
775 779 37 3
775 780 36 6
775 781 14 4
775 782 48 7
775 808 17 1
775 860 31 9
775 986 8 5
775 996 50 9
775 1010 21 10
775 1015 33 5
775 1065 6 6
775 1075 24 9
775 1080 22 2
775 1103 21 8
776 777 37 9
776 778 18 2
776 783 36 10
776 784 9 2
776 795 49 2
776 865 7 9
776 867 20 4
776 893 22 5
776 924 24 10
776 955 31 4
776 957 22 2
776 971 22 2
776 1075 46 9
776 1135 48 1
776 1162 34 8
777 778 17 2
777 785 37 10
777 786 20 10
777 787 10 9
777 788 3 6
777 789 39 7
777 790 10 7
777 891 24 8
777 926 40 2
777 985 45 4
777 1030 14 7
777 1036 39 7
777 1135 15 10
778 791 33 9
778 792 23 3
778 793 32 5
778 794 9 3
778 795 30 1
778 810 48 3
778 971 36 3
778 1010 24 1
778 1015 30 4
778 1065 17 5
778 1083 22 8
778 1100 12 1
778 1163 38 5
780 1173 30 5
793 963 26 6
793 987 28 5
794 933 25 8
795 796 8 3
795 797 35 4
795 798 6 6
795 799 48 8
795 801 39 6
795 804 31 2
795 860 3 3
795 868 20 8
795 869 18 9
795 893 33 2
795 894 49 10
795 920 7 10
795 955 11 5
795 956 50 1
795 972 8 1
795 985 25 8
795 986 8 9
795 995 47 10
795 997 49 1
795 1010 18 10
795 1015 43 1
795 1032 14 5
795 1065 2 4
795 1066 12 7
795 1075 1 4
795 1082 12 6
795 1083 39 1
795 1105 44 1
795 1106 17 2
795 1137 43 4
795 1162 1 6
795 1163 14 9
796 831 26 8
796 842 19 7
800 801 22 10
800 802 45 9
800 803 31 1
800 804 37 2
800 805 36 5
800 806 45 3
800 807 5 1
800 808 46 5
800 809 28 7
800 810 7 10
800 811 40 6
800 812 40 3
800 813 39 7
800 814 14 1
800 815 34 4
800 816 21 1
800 1036 26 9
800 1101 9 1
800 1164 24 6
801 802 8 8
801 803 22 2
801 804 49 2
801 805 30 1
801 806 31 8
801 807 37 3
801 808 15 7
801 809 41 4
801 810 46 2
801 811 32 2
801 817 29 3
801 818 34 3
801 819 15 8
801 820 16 5
801 821 3 1
801 921 41 7
801 986 16 2
801 1031 35 2
802 803 32 5
802 804 41 2
802 805 43 2
802 806 43 4
802 807 46 10
802 808 4 8
802 809 49 1
802 810 12 7
802 811 1 3
802 822 33 5
802 823 4 5
802 824 29 1
802 865 42 7
802 1075 39 4
802 1102 49 8
803 804 48 4
803 805 11 3
803 806 30 5
803 807 14 10
803 808 19 4
803 809 7 6
803 810 24 5
803 811 49 2
803 825 36 3
803 826 50 9
803 827 29 1
803 828 16 8
803 829 11 10
803 995 8 7
804 805 32 8
804 806 46 4
804 807 23 7
804 808 45 6
804 809 10 5
804 810 42 3
804 811 12 4
804 830 41 4
804 831 8 8
804 832 5 9
804 833 50 9
804 834 20 9
804 1016 37 9
805 806 27 7
805 807 16 5
805 808 22 4
805 809 37 6
805 810 43 6
805 811 28 10
805 835 23 2
805 836 45 2
805 837 32 2
805 838 36 3
805 839 14 1
805 840 8 3
805 860 47 6
805 895 23 9
805 1010 19 9
806 807 34 7
806 808 25 5
806 809 22 8
806 810 14 8
806 811 12 4
806 841 26 6
806 842 37 4
806 843 36 7
806 844 38 4
806 845 21 4
806 865 16 9
806 1075 16 8
806 1081 39 8
807 808 43 2
807 809 14 4
807 810 15 10
807 811 11 6
807 846 44 1
807 891 26 9
807 986 20 1
808 809 24 9
808 810 11 8
808 811 20 5
808 847 31 10
808 848 20 6
808 972 18 4
808 1137 32 2
809 810 34 5
809 811 10 3
809 849 31 8
809 850 6 4
809 851 27 7
809 957 12 10
809 997 14 5
809 1065 37 4
809 1166 49 9
810 811 1 6
810 852 21 6
810 853 26 8
810 854 46 1
810 855 42 4
810 856 10 1
810 860 12 1
810 1010 24 7
810 1080 2 2
810 1136 28 6
811 857 27 7
811 858 31 1
811 859 14 10
811 920 13 3
811 956 19 10
811 1016 13 2
811 1065 18 4
813 844 21 5
813 1183 19 5
817 1005 27 2
825 1001 2 7
828 942 14 4
836 1061 26 4
844 993 23 10
844 1012 17 8
846 993 33 6
851 916 47 7
853 1171 50 4
853 1184 40 4
854 933 35 2
860 861 29 8
860 862 37 9
860 863 8 8
860 864 5 7
860 865 24 5
860 869 8 1
860 891 10 9
860 893 22 10
860 922 30 1
860 923 46 6
860 955 46 3
860 957 47 6
860 971 34 3
860 972 27 10
860 985 1 9
860 986 46 9
860 995 5 7
860 996 14 8
860 1010 34 10
860 1016 11 3
860 1017 20 9
860 1030 18 9
860 1034 12 7
860 1065 1 1
860 1066 37 9
860 1075 24 3
860 1082 3 2
860 1083 17 3
860 1105 5 10
860 1106 25 9
860 1135 46 6
860 1162 15 3
860 1165 28 3
865 866 11 4
865 867 38 1
865 868 42 6
865 869 25 7
865 870 21 8
865 871 29 1
865 956 4 10
865 972 32 5
865 1031 50 2
866 867 47 4
866 868 3 7
866 869 23 4
866 872 5 4
866 873 27 5
866 874 11 9
866 875 46 7
866 892 32 10
866 955 36 1
866 997 14 6
866 1010 24 6
866 1080 31 8
866 1083 50 9
866 1102 21 9
866 1135 36 9
867 868 41 1
867 869 43 8
867 876 9 1
867 877 32 10
867 878 21 5
867 879 28 2
867 880 37 8
867 881 38 3
867 882 19 3
867 883 43 2
867 892 33 2
867 924 8 10
867 986 1 4
867 1015 11 3
867 1030 31 4
867 1075 46 3
868 869 19 6
868 884 1 9
868 885 1 3
868 996 6 7
868 1015 13 4
868 1075 37 6
868 1102 50 8
868 1135 17 3
868 1166 41 7
869 886 37 4
869 887 32 10
869 888 6 1
869 889 10 6
869 923 21 6
869 971 48 7
869 986 39 6
869 1010 36 2
869 1066 19 5
869 1162 41 6
871 1146 5 9
875 899 41 5
876 1147 23 3
877 1140 36 3
878 934 29 7
880 993 10 10
881 1047 11 7
882 1129 20 7
885 964 29 8
888 938 15 4
888 984 42 9
890 891 49 1
890 892 7 6
890 893 43 3
890 894 16 5
890 895 39 6
890 896 23 4
890 897 23 6
890 898 45 1
890 899 13 1
890 986 3 5
890 997 35 3
890 1162 41 3
891 892 10 1
891 893 29 7
891 894 43 7
891 895 20 7
891 900 24 4
891 901 48 5
891 920 8 7
891 1066 12 10
892 893 39 6
892 894 27 9
892 895 45 8
892 902 26 1
892 903 40 2
892 904 31 7
892 905 47 8
892 920 47 9
892 957 23 1
892 1010 18 5
892 1031 49 5
892 1081 22 7
893 894 48 9
893 895 6 7
893 906 41 7
893 907 45 7
893 908 18 4
893 970 29 5
893 985 30 7
893 1075 24 4
893 1082 22 8
893 1139 18 4
894 895 50 3
894 909 21 3
894 910 3 5
894 911 4 8
894 912 45 2
894 955 38 9
894 970 31 1
894 1016 45 3
894 1034 46 9
894 1065 26 6
894 1166 30 2
895 913 27 4
895 914 17 9
895 915 18 1
895 916 50 4
895 917 13 7
895 918 39 9
895 919 39 2
895 996 16 2
895 1010 12 5
895 1016 5 6
895 1075 18 7
895 1104 25 7
895 1136 22 3
896 1093 31 8
900 1019 45 3
901 1122 17 4
908 1195 26 3
911 1048 39 1
911 1183 37 7
916 917 46 3
920 921 30 2
920 922 2 7
920 923 18 10
920 924 27 2
920 925 16 10
920 926 35 9
920 927 34 8
920 997 46 2
920 1103 47 6
921 922 20 8
921 923 36 8
921 924 10 8
921 925 47 10
921 926 41 6
921 928 12 5
921 929 19 3
921 930 21 7
921 931 40 2
921 955 31 2
921 1166 48 8
922 923 13 7
922 924 28 6
922 925 34 7
922 926 15 8
922 932 49 2
922 933 18 10
922 934 41 3
922 935 45 8
922 970 34 9
922 1016 50 3
922 1075 35 5
922 1137 48 3
923 924 34 6
923 925 16 10
923 926 25 10
923 936 36 6
923 937 34 10
923 938 46 3
923 939 29 8
923 940 28 10
923 941 15 9
923 986 17 4
923 1010 13 10
923 1016 8 7
923 1030 24 3
923 1065 32 4
923 1080 11 1
923 1164 6 1
924 925 44 2
924 926 47 10
924 942 21 9
924 943 29 3
924 944 9 4
924 945 36 10
924 1065 37 1
925 926 18 10
925 946 41 6
925 947 13 4
925 948 28 8
925 986 15 7
925 1010 7 8
925 1032 11 9
925 1101 22 6
926 949 45 1
926 950 5 1
926 951 24 10
926 952 45 6
926 953 12 2
926 954 32 3
926 955 27 9
926 972 44 2
926 996 32 8
926 1075 19 9
926 1082 46 4
926 1136 49 7
927 1000 4 4
931 1187 28 9
932 1055 17 3
936 1090 39 8
946 1119 36 1
947 1123 46 2
948 1053 23 3
948 1133 23 3
950 994 3 3
954 1040 10 10
955 956 29 4
955 957 14 8
955 958 44 5
955 959 30 6
955 960 24 4
955 961 5 10
955 971 29 3
955 972 9 10
955 995 6 6
955 1017 20 3
955 1075 46 5
955 1083 28 8
955 1104 12 5
955 1136 49 2
955 1164 18 4
956 957 24 3
956 962 50 8
956 963 12 3
956 964 1 7
956 965 47 6
956 985 11 4
956 996 18 7
956 1010 42 6
956 1033 28 2
956 1036 3 5
956 1066 23 2
956 1075 2 8
956 1102 32 10
957 966 22 4
957 967 42 5
957 968 35 10
957 969 5 6
957 985 28 6
957 1017 36 2
957 1066 32 2
957 1080 45 6
957 1137 46 8
957 1162 7 6
964 975 16 5
967 1023 1 4
970 971 35 1
970 972 9 9
970 973 7 10
970 974 13 10
970 975 21 6
970 995 46 1
970 1010 2 10
970 1075 24 9
970 1104 22 8
970 1137 25 6
970 1164 17 5
971 972 25 8
971 976 49 8
971 986 49 5
971 1015 9 10
971 1033 16 6
971 1065 10 3
971 1101 47 5
971 1167 9 6
972 977 19 4
972 978 13 6
972 979 38 8
972 980 24 8
972 981 37 8
972 982 16 5
972 983 29 7
972 984 32 2
972 985 1 5
972 996 4 8
972 1010 29 2
972 1016 2 6
972 1033 25 9
972 1066 22 10
972 1080 17 8
972 1081 24 8
972 1139 50 6
977 1051 22 3
978 1155 47 9
984 1050 26 9
984 1172 14 4
985 986 36 8
985 987 39 4
985 988 37 10
985 989 34 7
985 990 26 4
985 997 2 9
985 1031 45 3
985 1066 28 7
985 1075 31 5
985 1082 31 5
985 1102 27 1
985 1138 15 4
985 1162 9 3
986 991 40 3
986 992 12 7
986 993 40 2
986 994 14 4
986 995 42 5
986 1010 40 8
986 1015 48 9
986 1016 22 9
986 1036 7 5
986 1075 49 3
986 1082 44 7
986 1106 18 7
986 1138 7 7
986 1160 28 4
987 1134 34 2
995 996 32 8
995 997 38 6
995 998 3 2
995 999 11 3
995 1000 41 10
995 1001 9 2
995 1002 29 1
995 1010 17 3
995 1036 18 8
995 1066 2 7
995 1101 49 8
995 1106 13 7
995 1163 44 1
995 1166 48 2
996 997 39 2
996 1003 18 10
996 1004 50 4
996 1010 31 3
996 1015 6 8
996 1136 30 4
996 1139 27 6
997 1005 23 8
997 1006 7 8
997 1007 34 3
997 1008 1 9
997 1009 35 4
997 1035 5 6
997 1075 13 4
997 1080 41 6
997 1081 45 9
1003 1134 18 9
1004 1179 29 7
1010 1011 30 3
1010 1012 13 8
1010 1013 45 6
1010 1014 35 6
1010 1015 37 3
1010 1017 22 10
1010 1030 20 8
1010 1031 19 10
1010 1066 19 1
1010 1075 18 9
1010 1081 38 10
1010 1083 22 2
1010 1103 20 8
1010 1106 47 10
1010 1135 40 4
1010 1138 50 2
1010 1162 31 9
1010 1165 20 9
1014 1183 43 9
1015 1016 21 10
1015 1017 41 10
1015 1018 32 4
1015 1065 20 7
1015 1075 31 4
1015 1081 5 10
1015 1102 46 3
1015 1135 17 1
1015 1138 39 8
1016 1017 45 8
1016 1019 47 3
1016 1020 10 10
1016 1021 32 3
1016 1022 4 7
1016 1023 39 10
1016 1024 23 2
1016 1025 4 6
1016 1031 38 6
1016 1081 46 9
1016 1105 16 1
1017 1026 29 2
1017 1027 13 1
1017 1028 2 5
1017 1029 30 4
1017 1036 36 2
1017 1065 2 3
1017 1075 17 10
1017 1161 45 9
1017 1167 45 6
1018 1088 27 8
1020 1171 25 5
1025 1118 32 6
1030 1031 49 8
1030 1032 8 9
1030 1033 40 5
1030 1034 23 1
1030 1035 40 9
1030 1036 21 9
1030 1037 19 7
1030 1038 24 10
1030 1039 46 5
1030 1100 16 6
1030 1163 30 1
1031 1032 47 6
1031 1033 9 9
1031 1034 5 7
1031 1035 47 3
1031 1036 42 7
1031 1040 27 8
1031 1041 10 8
1031 1042 18 3
1031 1043 13 3
1031 1044 10 9
1031 1045 49 3
1031 1046 25 9
1031 1047 24 3
1031 1075 47 7
1031 1081 28 2
1031 1137 28 4
1031 1139 49 6
1032 1033 42 1
1032 1034 34 2
1032 1035 3 1
1032 1036 3 9
1032 1048 24 3
1032 1065 35 1
1032 1066 33 6
1032 1102 6 5
1033 1034 21 7
1033 1035 6 3
1033 1036 15 1
1033 1049 7 6
1033 1050 14 7
1033 1051 36 3
1033 1075 6 9
1033 1163 43 5
1034 1035 44 2
1034 1036 23 9
1034 1052 28 4
1034 1053 18 6
1035 1036 8 2
1035 1054 26 1
1035 1055 12 2
1035 1056 35 8
1035 1057 15 1
1036 1058 35 9
1036 1059 24 7
1036 1060 7 10
1036 1061 36 7
1036 1062 12 4
1036 1063 10 3
1036 1064 1 1
1036 1080 10 1
1040 1152 28 10
1041 1155 46 3
1044 1069 2 3
1053 1191 46 6
1059 1127 18 9
1063 1155 25 3
1064 1189 23 7
1065 1066 31 8
1065 1067 22 5
1065 1068 18 2
1065 1069 17 2
1065 1070 42 8
1065 1080 10 8
1065 1103 46 7
1065 1136 28 2
1065 1138 10 3
1066 1071 37 10
1066 1072 8 2
1066 1073 21 2
1066 1074 13 7
1066 1075 20 7
1066 1081 5 8
1066 1103 47 4
1066 1163 11 5
1066 1166 34 4
1068 1140 49 3
1071 1182 24 1
1075 1076 38 3
1075 1077 37 1
1075 1078 12 2
1075 1079 44 7
1075 1080 19 3
1075 1081 37 5
1075 1100 16 4
1075 1104 1 7
1075 1137 43 6
1075 1138 49 3
1075 1162 7 5
1075 1164 50 4
1079 1092 10 7
1080 1081 4 8
1080 1082 6 10
1080 1083 19 5
1080 1084 9 3
1080 1085 8 6
1080 1086 27 1
1080 1087 47 9
1080 1088 30 10
1080 1089 2 8
1080 1090 31 8
1081 1082 23 3
1081 1083 4 5
1081 1091 17 1
1081 1092 21 7
1081 1093 13 8
1081 1105 9 2
1082 1083 31 2
1082 1094 46 1
1082 1095 1 7
1082 1096 23 7
1082 1101 40 10
1082 1136 35 5
1082 1138 27 5
1082 1162 1 7
1083 1097 48 3
1083 1098 32 8
1083 1099 41 9
1083 1164 8 6
1094 1192 25 7
1097 1182 37 5
1100 1101 9 10
1100 1102 17 1
1100 1103 39 4
1100 1104 12 10
1100 1105 13 8
1100 1106 17 3
1100 1107 47 4
1100 1108 10 4
1101 1102 10 4
1101 1103 31 1
1101 1104 33 3
1101 1105 28 4
1101 1106 31 5
1101 1109 15 7
1101 1110 37 2
1101 1111 34 1
1101 1112 34 8
1101 1113 31 5
1102 1103 39 6
1102 1104 49 3
1102 1105 28 9
1102 1106 13 7
1102 1114 7 8
1102 1115 17 5
1102 1116 25 4
1102 1161 17 10
1103 1104 45 1
1103 1105 22 6
1103 1106 40 6
1103 1117 4 2
1103 1118 34 7
1103 1119 34 8
1103 1120 41 5
1103 1121 7 5
1103 1122 28 2
1104 1105 13 9
1104 1106 46 8
1104 1123 40 1
1104 1124 33 5
1104 1125 28 2
1104 1126 43 4
1104 1127 43 8
1104 1166 6 1
1105 1106 27 5
1105 1128 12 9
1105 1129 43 4
1105 1130 2 1
1105 1131 36 3
1105 1132 3 5
1105 1139 28 2
1106 1133 8 3
1106 1134 28 10
1106 1137 49 10
1135 1136 30 6
1135 1137 43 2
1135 1138 8 6
1135 1139 10 9
1135 1140 24 3
1135 1141 7 10
1136 1137 35 6
1136 1138 7 7
1136 1139 44 8
1136 1142 39 4
1136 1143 25 4
1136 1144 28 9
1137 1138 44 9
1137 1139 27 8
1137 1145 23 10
1137 1146 26 7
1137 1147 26 10
1137 1148 6 6
1137 1149 46 7
1138 1139 39 2
1138 1150 10 7
1138 1151 44 1
1138 1152 32 10
1139 1153 11 3
1139 1154 36 2
1139 1155 27 5
1139 1156 9 5
1139 1157 38 4
1139 1158 22 1
1139 1159 47 9
1139 1160 4 10
1139 1161 11 8
1160 1161 4 4
1160 1162 11 5
1160 1163 47 3
1160 1164 49 1
1160 1165 44 1
1160 1166 40 4
1160 1167 20 10
1160 1168 38 10
1160 1169 17 2
1160 1170 36 2
1160 1171 1 5
1161 1162 27 10
1161 1163 28 3
1161 1164 6 9
1161 1165 6 6
1161 1166 22 5
1161 1167 27 6
1161 1172 45 8
1161 1173 35 10
1162 1163 24 5
1162 1164 3 10
1162 1165 23 9
1162 1166 12 3
1162 1167 1 3
1162 1174 45 10
1162 1175 31 2
1162 1176 40 7
1162 1177 45 4
1163 1164 46 10
1163 1165 36 2
1163 1166 9 3
1163 1167 49 2
1163 1178 31 3
1163 1179 19 10
1163 1180 47 3
1163 1181 3 9
1163 1182 28 2
1164 1165 25 6
1164 1166 48 5
1164 1167 50 4
1164 1183 45 4
1164 1184 18 1
1164 1185 8 3
1164 1186 2 3
1164 1187 20 2
1165 1166 9 7
1165 1167 33 1
1165 1188 38 5
1165 1189 47 6
1165 1190 23 4
1165 1191 49 6
1165 1192 6 2
1166 1167 30 10
1166 1193 32 4
1166 1194 7 1
1166 1195 5 4
1167 1196 13 1
1167 1197 48 10
1167 1198 2 2
1167 1199 1 9
1171 1188 49 10

0 437 3
1 640 15
2 828 17
3 1051 47
4 603 60
5 1188 33
6 590 13
7 188 45
8 937 16
9 338 60
10 993 46
11 496 33
12 353 34
13 967 46
14 816 8
15 309 34
16 238 4
17 1174 14
18 256 34
19 929 26
20 763 27
21 394 22
22 259 20
23 817 15
24 33 26
25 962 35
26 178 117
27 281 29
28 601 40
29 186 13
30 1114 32
31 1008 1
32 591 8
33 945 17
34 678 22
35 1186 2
36 401 32
37 210 17
38 1064 49
39 422 1
40 354 32
41 841 6
42 492 18
43 288 12
44 928 12
45 897 13
46 433 28
47 319 23
48 850 4
49 34 32
50 436 32
51 184 10
52 215 17
53 294 3
54 949 35
55 555 21
56 1086 15
57 818 22
58 366 8
59 689 17
60 1092 34
61 465 13
62 455 21
63 6 12
64 855 29
65 933 54
66 467 17
67 264 11
68 1037 25
69 426 13
70 273 22
71 447 5
72 351 22
73 789 16
74 543 40
75 460 32
76 495 48
77 1154 22
78 1024 9
79 21 80
80 54 22
81 918 21
82 953 9
83 613 14
84 1183 66
85 690 31
86 724 4
87 40 42
88 940 19
89 503 45
90 1194 4
91 556 19
92 877 51
93 693 47
94 162 5
95 1169 5
96 770 29
97 322 31
98 814 9
99 506 51
100 825 23
101 1189 33
102 487 51
103 683 5
104 217 43
105 657 1
106 1182 21
107 1028 1
108 26 35
109 356 31
110 429 48
111 9 6
112 737 24
113 156 17
114 898 31
115 727 1
116 1126 21
117 704 18
118 174 1
119 409 23
120 1158 13
121 977 19
122 698 59
123 791 13
124 720 23
125 253 42
126 685 48
127 1009 23
128 1041 17
129 658 25
130 1005 28
131 766 12
132 1180 32
133 78 18
134 285 61
135 239 7
136 407 29
137 593 22
138 793 40
139 617 31
140 243 26
141 124 15
142 323 13
143 27 25
144 318 18
145 361 17
146 813 26
147 781 9
148 317 39
149 820 8
150 944 5
151 694 20
152 116 17
153 772 21
154 63 14
155 558 4
156 561 58
157 566 25
158 994 28
159 1195 9
160 1042 24
161 738 1
162 262 6
163 599 12
164 540 40
165 906 28
166 1113 40
167 255 15
168 145 33
169 1021 10
170 295 32
171 393 57
172 1006 26
173 951 9
174 224 56
175 362 8
176 216 60
177 631 8
178 249 29
179 715 33
180 884 1
181 166 3
182 15 21
183 533 6
184 198 16
185 1143 30
186 999 4
187 209 20
188 1178 15
189 583 26
190 747 5
191 1012 14
192 469 15
193 1181 2
194 844 63
195 58 19
196 133 22
197 504 79
198 329 31
199 636 14
200 529 1
201 236 9
202 182 36
203 673 10
204 271 2
205 1190 7
206 534 34
207 204 73
208 1125 24
209 958 30
210 745 6
211 708 26
212 411 26
213 357 2
214 189 16
215 878 24
216 153 4
217 151 46
218 1093 31
219 50 3
220 666 7
221 81 29
222 659 34
223 522 11
224 402 48
225 257 40
226 692 71
227 862 19
228 1128 21
229 771 18
230 480 3
231 250 14
232 979 17
233 834 11
234 97 18
235 634 1
236 385 55
237 1129 39
238 512 28
239 373 25
240 497 13
241 910 18
242 289 14
243 769 21
244 753 15
245 293 28
246 146 8
247 240 21
248 736 72
249 660 14
250 451 15
251 537 40
252 731 19
253 1053 68
254 849 25
255 459 43
256 873 17
257 132 29
258 1117 6
259 1045 14
260 1077 17
261 279 6
262 183 4
263 974 4
264 1022 2
265 332 12
266 754 18
267 321 45
268 325 40
269 1096 21
270 575 5
271 274 55
272 381 30
273 118 35
274 1020 16
275 412 21
276 722 22
277 1150 5
278 835 36
279 936 29
280 1046 16
281 1193 9
282 220 77
283 764 31
284 623 4
285 786 9
286 222 13
287 383 6
288 785 42
289 247 23
290 20 31
291 44 40
292 635 6
293 1140 91
294 1151 24
295 135 96
296 661 7
297 723 35
298 998 36
299 532 3
300 423 34
301 508 13
302 112 19
303 848 5
304 108 9
305 57 13
306 292 25
307 172 51
308 168 12
309 541 22
310 822 39
311 1134 26
312 790 15
313 420 23
314 646 8
315 481 3
316 386 16
317 542 62
318 28 4
319 316 40
320 42 22
321 298 25
322 214 13
323 981 15
324 930 8
325 368 23
326 413 8
327 1142 22
328 664 37
329 847 7
330 171 7
331 324 3
332 254 11
333 774 27
334 1177 28
335 662 33
336 1079 41
337 142 23
338 374 38
339 456 62
340 388 15
341 700 42
342 51 31
343 242 5
344 14 8
345 149 35
346 950 5
347 579 15
348 2 12
349 899 36
350 782 19
351 387 9
352 1061 52
353 917 34
354 1152 69
355 539 17
356 287 22
357 978 13
358 572 14
359 819 5
360 121 20
361 845 9
362 721 33
363 3 19
364 76 18
365 79 3
366 136 7
367 206 27
368 1176 15
369 69 37
370 792 12
371 489 37
372 452 57
373 312 42
374 113 40
375 213 20
376 872 13
377 639 30
378 1091 8
379 100 38
380 523 13
381 1192 23
382 37 56
383 424 21
384 1132 1
385 530 31
386 589 20
387 618 12
388 787 9
389 248 19
390 339 38
391 1149 18
392 99 8
393 783 9
394 586 53
395 677 13
396 975 24
397 874 15
398 959 67
399 798 3
400 913 51
401 943 22
402 418 11
403 185 26
404 767 45
405 686 15
406 1094 75
407 1059 10
408 886 25
409 428 18
410 372 3
411 59 19
412 404 9
413 609 2
414 1097 30
415 1068 22
416 1110 13
417 405 6
418 155 26
419 326 12
420 110 14
421 181 27
422 502 48
423 610 15
424 379 18
425 879 15
426 1054 61
427 104 15
428 1133 27
429 511 32
430 1170 25
431 889 12
432 346 49
433 432 50
434 743 15
435 557 29
436 197 21
437 337 81
438 752 28
439 270 37
440 114 10
441 725 26
442 75 19
443 421 13
444 674 4
445 938 29
446 514 20
447 859 5
448 565 15
449 528 15
450 498 30
451 717 5
452 202 14
453 1120 39
454 567 32
455 784 5
456 989 45
457 359 21
458 434 3
459 633 9
460 223 38
461 347 22
462 509 2
463 748 8
464 140 8
465 1056 28
466 1085 40
467 837 44
468 732 51
469 1121 4
470 992 5
471 84 31
472 275 25
473 991 9
474 334 28
475 902 19
476 1112 19
477 1198 2
478 1076 20
479 277 63

1 900000
