1200 5216 480 2

750

0 25 2000
1 50 5000
2 75 9000
3 100 13000
4 125 17000
5 150 23000
6 175 31000
7 200 38000
8 225 46000
9 250 55000

0 40000
1 40000
2 40000
3 40000
4 40000
5 30000
6 30000
7 20000
8 20000
9 20000
10 30000
11 40000
12 30000
13 30000
14 40000
15 20000
16 40000
17 40000
18 40000
19 40000
20 5000
21 30000
22 20000
23 20000
24 40000
25 30000
26 30000
27 30000
28 20000
29 20000
30 30000
31 30000
32 30000
33 30000
34 20000
35 20000
36 20000
37 40000
38 30000
39 40000
40 40000
41 20000
42 30000
43 30000
44 20000
45 40000
46 40000
47 40000
48 20000
49 30000
50 40000
51 30000
52 40000
53 30000
54 30000
55 30000
56 20000
57 30000
58 30000
59 20000
60 30000
61 40000
62 30000
63 40000
64 5000
65 40000
66 40000
67 40000
68 20000
69 40000
70 40000
71 30000
72 20000
73 20000
74 20000
75 30000
76 30000
77 30000
78 40000
79 20000
80 20000
81 30000
82 20000
83 40000
84 20000
85 30000
86 20000
87 30000
88 20000
89 30000
90 30000
91 30000
92 30000
93 30000
94 30000
95 40000
96 40000
97 40000
98 40000
99 40000
100 40000
101 40000
102 30000
103 30000
104 40000
105 40000
106 30000
107 20000
108 30000
109 20000
110 30000
111 30000
112 20000
113 20000
114 30000
115 30000
116 30000
117 20000
118 40000
119 30000
120 40000
121 40000
122 40000
123 20000
124 30000
125 30000
126 30000
127 20000
128 30000
129 30000
130 40000
131 40000
132 20000
133 40000
134 40000
135 40000
136 40000
137 20000
138 20000
139 20000
140 30000
141 40000
142 30000
143 20000
144 30000
145 40000
146 40000
147 5000
148 30000
149 30000
150 30000
151 30000
152 30000
153 30000
154 30000
155 20000
156 30000
157 20000
158 20000
159 30000
160 30000
161 30000
162 20000
163 20000
164 20000
165 30000
166 30000
167 5000
168 5000
169 5000
170 40000
171 40000
172 30000
173 30000
174 40000
175 40000
176 40000
177 40000
178 40000
179 40000
180 40000
181 40000
182 20000
183 20000
184 40000
185 20000
186 30000
187 40000
188 30000
189 30000
190 20000
191 40000
192 30000
193 30000
194 30000
195 30000
196 40000
197 20000
198 20000
199 30000
200 40000
201 40000
202 40000
203 30000
204 30000
205 40000
206 30000
207 20000
208 40000
209 40000
210 40000
211 40000
212 40000
213 40000
214 30000
215 20000
216 30000
217 30000
218 30000
219 20000
220 30000
221 20000
222 30000
223 20000
224 20000
225 30000
226 20000
227 30000
228 30000
229 20000
230 40000
231 20000
232 40000
233 40000
234 40000
235 30000
236 20000
237 30000
238 30000
239 20000
240 5000
241 40000
242 30000
243 30000
244 30000
245 30000
246 20000
247 20000
248 20000
249 40000
250 30000
251 20000
252 30000
253 20000
254 30000
255 40000
256 40000
257 40000
258 40000
259 40000
260 30000
261 30000
262 30000
263 30000
264 30000
265 40000
266 20000
267 30000
268 20000
269 30000
270 30000
271 30000
272 40000
273 40000
274 30000
275 30000
276 20000
277 40000
278 30000
279 20000
280 40000
281 40000
282 20000
283 40000
284 40000
285 40000
286 40000
287 30000
288 20000
289 20000
290 20000
291 20000
292 30000
293 30000
294 20000
295 30000
296 5000
297 5000
298 40000
299 40000
300 40000
301 30000
302 30000
303 30000
304 20000
305 20000
306 40000
307 40000
308 40000
309 30000
310 40000
311 40000
312 40000
313 30000
314 30000
315 20000
316 40000
317 30000
318 40000
319 40000
320 20000
321 30000
322 20000
323 20000
324 20000
325 40000
326 40000
327 20000
328 40000
329 20000
330 20000
331 30000
332 40000
333 40000
334 30000
335 20000
336 30000
337 30000
338 40000
339 30000
340 20000
341 30000
342 30000
343 30000
344 20000
345 40000
346 20000
347 40000
348 40000
349 40000
350 20000
351 30000
352 20000
353 5000
354 40000
355 20000
356 30000
357 20000
358 30000
359 40000
360 40000
361 30000
362 30000
363 20000
364 30000
365 40000
366 40000
367 20000
368 30000
369 20000
370 40000
371 40000
372 40000
373 40000
374 20000
375 30000
376 30000
377 40000
378 30000
379 30000
380 30000
381 30000
382 20000
383 40000
384 20000
385 30000
386 20000
387 20000
388 20000
389 20000
390 30000
391 5000
392 5000
393 40000
394 5000
395 40000
396 40000
397 40000
398 40000
399 30000
400 30000
401 30000
402 30000
403 40000
404 20000
405 30000
406 30000
407 30000
408 20000
409 30000
410 30000
411 40000
412 20000
413 30000
414 20000
415 40000
416 40000
417 40000
418 20000
419 40000
420 20000
421 20000
422 20000
423 40000
424 30000
425 40000
426 20000
427 30000
428 20000
429 40000
430 20000
431 20000
432 20000
433 20000
434 40000
435 30000
436 40000
437 30000
438 30000
439 30000
440 20000
441 40000
442 40000
443 5000
444 5000
445 30000
446 30000
447 20000
448 40000
449 30000
450 40000
451 20000
452 30000
453 20000
454 20000
455 40000
456 40000
457 40000
458 40000
459 40000
460 40000
461 20000
462 30000
463 20000
464 30000
465 20000
466 20000
467 30000
468 30000
469 30000
470 30000
471 20000
472 30000
473 30000
474 30000
475 20000
476 30000
477 40000
478 20000
479 40000
480 30000
481 20000
482 20000
483 30000
484 30000
485 40000
486 40000
487 40000
488 40000
489 40000
490 30000
491 30000
492 30000
493 30000
494 30000
495 20000
496 30000
497 40000
498 30000
499 30000
500 30000
501 30000
502 30000
503 40000
504 30000
505 40000
506 30000
507 20000
508 40000
509 30000
510 40000
511 30000
512 30000
513 20000
514 20000
515 40000
516 20000
517 40000
518 20000
519 40000
520 30000
521 20000
522 30000
523 20000
524 40000
525 30000
526 30000
527 40000
528 30000
529 30000
530 30000
531 30000
532 40000
533 30000
534 40000
535 20000
536 20000
537 40000
538 40000
539 20000
540 40000
541 40000
542 20000
543 40000
544 30000
545 20000
546 30000
547 20000
548 20000
549 30000
550 30000
551 30000
552 30000
553 30000
554 5000
555 30000
556 30000
557 30000
558 30000
559 30000
560 40000
561 40000
562 40000
563 40000
564 40000
565 40000
566 20000
567 20000
568 30000
569 30000
570 30000
571 30000
572 40000
573 30000
574 20000
575 20000
576 30000
577 30000
578 40000
579 30000
580 20000
581 30000
582 20000
583 30000
584 40000
585 20000
586 30000
587 30000
588 40000
589 30000
590 40000
591 40000
592 40000
593 30000
594 30000
595 20000
596 30000
597 30000
598 30000
599 20000
600 30000
601 30000
602 30000
603 30000
604 30000
605 40000
606 20000
607 40000
608 20000
609 40000
610 40000
611 40000
612 40000
613 40000
614 40000
615 40000
616 40000
617 20000
618 30000
619 40000
620 5000
621 20000
622 30000
623 20000
624 5000
625 30000
626 20000
627 30000
628 20000
629 40000
630 20000
631 30000
632 30000
633 30000
634 40000
635 30000
636 20000
637 30000
638 30000
639 30000
640 20000
641 30000
642 40000
643 30000
644 30000
645 20000
646 30000
647 30000
648 20000
649 30000
650 30000
651 30000
652 20000
653 30000
654 30000
655 40000
656 40000
657 40000
658 40000
659 40000
660 40000
661 40000
662 40000
663 40000
664 30000
665 30000
666 30000
667 30000
668 30000
669 30000
670 30000
671 30000
672 40000
673 20000
674 30000
675 30000
676 20000
677 30000
678 40000
679 30000
680 40000
681 30000
682 40000
683 30000
684 30000
685 20000
686 30000
687 20000
688 30000
689 30000
690 40000
691 30000
692 30000
693 40000
694 30000
695 20000
696 20000
697 30000
698 30000
699 20000
700 40000
701 40000
702 40000
703 40000
704 20000
705 30000
706 20000
707 30000
708 30000
709 30000
710 40000
711 20000
712 30000
713 30000
714 40000
715 30000
716 30000
717 30000
718 20000
719 5000
720 20000
721 40000
722 5000
723 40000
724 5000
725 40000
726 40000
727 30000
728 20000
729 20000
730 20000
731 20000
732 30000
733 30000
734 30000
735 40000
736 40000
737 40000
738 40000
739 30000
740 40000
741 20000
742 30000
743 40000
744 20000
745 30000
746 30000
747 20000
748 20000
749 20000
750 30000
751 20000
752 30000
753 20000
754 30000
755 20000
756 40000
757 20000
758 40000
759 40000
760 40000
761 40000
762 40000
763 40000
764 5000
765 40000
766 30000
767 30000
768 30000
769 30000
770 30000
771 5000
772 5000
773 5000
774 30000
775 30000
776 30000
777 20000
778 30000
779 30000
780 20000
781 30000
782 20000
783 40000
784 20000
785 30000
786 30000
787 20000
788 30000
789 40000
790 30000
791 30000
792 30000
793 30000
794 20000
795 30000
796 20000
797 30000
798 30000
799 30000
800 40000
801 40000
802 30000
803 40000
804 30000
805 40000
806 40000
807 30000
808 30000
809 30000
810 40000
811 40000
812 40000
813 30000
814 30000
815 20000
816 30000
817 30000
818 30000
819 30000
820 40000
821 20000
822 30000
823 30000
824 20000
825 40000
826 20000
827 40000
828 40000
829 40000
830 40000
831 20000
832 30000
833 20000
834 40000
835 30000
836 40000
837 20000
838 20000
839 5000
840 20000
841 20000
842 40000
843 30000
844 30000
845 20000
846 20000
847 30000
848 20000
849 40000
850 30000
851 30000
852 40000
853 20000
854 30000
855 20000
856 20000
857 20000
858 30000
859 5000
860 40000
861 40000
862 40000
863 40000
864 20000
865 30000
866 30000
867 20000
868 30000
869 20000
870 30000
871 20000
872 30000
873 30000
874 40000
875 20000
876 20000
877 20000
878 30000
879 20000
880 40000
881 30000
882 30000
883 30000
884 30000
885 40000
886 40000
887 20000
888 40000
889 30000
890 40000
891 30000
892 40000
893 20000
894 40000
895 30000
896 30000
897 20000
898 5000
899 40000
900 20000
901 40000
902 20000
903 20000
904 30000
905 40000
906 40000
907 30000
908 20000
909 20000
910 20000
911 30000
912 30000
913 40000
914 30000
915 40000
916 40000
917 40000
918 30000
919 40000
920 30000
921 40000
922 20000
923 40000
924 30000
925 20000
926 40000
927 40000
928 40000
929 40000
930 40000
931 40000
932 40000
933 20000
934 30000
935 20000
936 30000
937 40000
938 40000
939 30000
940 30000
941 40000
942 30000
943 40000
944 20000
945 30000
946 30000
947 30000
948 30000
949 30000
950 30000
951 30000
952 40000
953 40000
954 40000
955 20000
956 20000
957 20000
958 20000
959 30000
960 40000
961 30000
962 30000
963 30000
964 20000
965 40000
966 40000
967 20000
968 30000
969 30000
970 30000
971 40000
972 30000
973 30000
974 30000
975 20000
976 30000
977 40000
978 5000
979 5000
980 40000
981 40000
982 40000
983 30000
984 20000
985 30000
986 20000
987 30000
988 30000
989 20000
990 40000
991 40000
992 20000
993 30000
994 20000
995 30000
996 20000
997 40000
998 20000
999 30000
1000 40000
1001 40000
1002 20000
1003 30000
1004 30000
1005 40000
1006 30000
1007 30000
1008 20000
1009 30000
1010 40000
1011 30000
1012 30000
1013 40000
1014 20000
1015 40000
1016 40000
1017 40000
1018 40000
1019 20000
1020 30000
1021 40000
1022 30000
1023 30000
1024 40000
1025 30000
1026 30000
1027 20000
1028 30000
1029 20000
1030 30000
1031 20000
1032 20000
1033 40000
1034 30000
1035 40000
1036 40000
1037 40000
1038 20000
1039 40000
1040 20000
1041 40000
1042 30000
1043 40000
1044 40000
1045 30000
1046 30000
1047 30000
1048 40000
1049 30000
1050 20000
1051 30000
1052 30000
1053 40000
1054 30000
1055 20000
1056 40000
1057 30000
1058 30000
1059 40000
1060 40000
1061 40000
1062 5000
1063 30000
1064 30000
1065 20000
1066 30000
1067 40000
1068 30000
1069 30000
1070 40000
1071 40000
1072 30000
1073 30000
1074 20000
1075 40000
1076 40000
1077 30000
1078 30000
1079 40000
1080 20000
1081 40000
1082 20000
1083 30000
1084 30000
1085 40000
1086 40000
1087 20000
1088 40000
1089 30000
1090 20000
1091 20000
1092 30000
1093 40000
1094 20000
1095 40000
1096 20000
1097 20000
1098 40000
1099 30000
1100 40000
1101 5000
1102 5000
1103 5000
1104 20000
1105 5000
1106 5000
1107 5000
1108 5000
1109 30000
1110 30000
1111 40000
1112 30000
1113 30000
1114 30000
1115 40000
1116 40000
1117 40000
1118 40000
1119 20000
1120 20000
1121 30000
1122 20000
1123 30000
1124 20000
1125 20000
1126 20000
1127 20000
1128 30000
1129 20000
1130 20000
1131 20000
1132 30000
1133 40000
1134 30000
1135 40000
1136 40000
1137 30000
1138 30000
1139 5000
1140 40000
1141 40000
1142 40000
1143 40000
1144 40000
1145 40000
1146 40000
1147 40000
1148 40000
1149 30000
1150 20000
1151 30000
1152 30000
1153 30000
1154 30000
1155 30000
1156 30000
1157 30000
1158 40000
1159 30000
1160 30000
1161 30000
1162 30000
1163 20000
1164 40000
1165 20000
1166 20000
1167 30000
1168 20000
1169 30000
1170 20000
1171 30000
1172 40000
1173 20000
1174 30000
1175 40000
1176 40000
1177 40000
1178 30000
1179 30000
1180 40000
1181 40000
1182 20000
1183 40000
1184 30000
1185 30000
1186 30000
1187 20000
1188 30000
1189 30000
1190 40000
1191 20000
1192 30000
1193 30000
1194 5000
1195 30000
1196 40000
1197 20000
1198 30000
1199 20000

0 1 44 10
0 2 25 5
0 3 21 7
0 4 9 9
0 5 17 9
0 6 2 10
0 7 19 9
0 8 49 8
0 9 49 8
0 17 13 1
0 40 27 5
0 68 43 8
0 70 13 2
0 211 13 4
0 285 20 10
0 326 37 2
0 348 38 8
0 365 35 2
0 373 19 8
0 395 29 8
0 510 17 6
0 516 20 9
0 540 22 9
0 543 50 3
0 701 22 5
0 725 24 5
0 726 5 5
0 736 31 10
0 763 17 10
0 812 14 2
0 880 37 9
0 905 18 2
0 916 26 3
0 926 4 7
0 931 30 1
0 960 42 6
0 965 32 4
0 967 21 3
0 980 1 1
0 1017 43 2
0 1041 26 8
0 1070 36 2
0 1076 32 5
0 1085 46 1
0 1117 38 2
0 1145 49 1
1 2 8 1
1 10 6 1
1 11 6 6
1 12 4 3
1 45 26 1
1 48 45 9
1 99 11 2
1 120 38 9
1 121 32 8
1 131 27 3
1 132 28 2
1 170 29 3
1 178 36 5
1 179 18 10
1 211 47 3
1 231 6 8
1 256 37 8
1 281 11 2
1 310 19 5
1 325 27 10
1 371 17 10
1 418 46 1
1 441 26 1
1 450 20 9
1 458 17 10
1 460 3 4
1 510 17 6
1 518 10 2
1 591 13 7
1 701 17 1
1 735 37 5
1 761 11 7
1 800 50 6
1 825 18 8
1 831 7 6
1 863 12 6
1 915 15 5
1 990 30 1
1 991 8 5
1 1000 40 1
1 1086 37 5
1 1096 23 6
1 1116 13 5
1 1182 2 2
2 13 33 1
2 14 5 1
2 17 49 8
2 96 17 5
2 170 1 5
2 233 47 8
2 256 44 7
2 311 17 2
2 345 11 10
2 365 34 7
2 398 31 6
2 417 26 3
2 441 12 8
2 450 2 7
2 486 41 4
2 487 36 1
2 560 27 6
2 561 32 6
2 590 49 7
2 606 39 9
2 612 31 2
2 658 17 8
2 660 36 1
2 801 5 10
2 862 42 8
2 885 16 9
2 887 20 5
2 905 49 7
2 980 44 5
2 1000 31 4
2 1010 15 7
2 1018 26 5
2 1041 46 5
2 1070 5 3
2 1076 43 2
2 1097 18 5
2 1142 47 8
2 1182 8 1
3 653 9 9
4 710 28 6
4 716 28 6
6 277 49 3
8 251 41 2
8 279 28 3
10 227 19 9
10 690 6 4
10 802 27 1
11 653 41 9
11 673 19 4
11 1160 1 6
12 891 2 6
14 424 30 8
15 16 41 5
15 17 39 10
15 18 8 6
15 19 10 2
15 20 50 9
15 179 50 4
15 257 24 10
15 365 38 3
15 374 1 5
15 440 50 3
15 450 39 7
15 543 42 4
15 657 16 4
15 726 14 9
15 736 27 6
15 812 19 9
15 880 37 1
15 916 14 2
15 1038 48 2
15 1086 16 4
15 1142 10 7
16 17 7 6
16 18 45 8
16 19 41 4
16 21 45 6
16 22 43 9
16 23 25 10
16 24 19 6
16 25 23 7
16 26 42 6
16 69 18 5
16 97 4 9
16 170 17 3
16 231 3 2
16 256 40 5
16 285 40 3
16 415 23 2
16 417 36 2
16 455 8 8
16 510 1 6
16 516 42 6
16 518 32 4
16 562 36 10
16 592 37 7
16 612 32 4
16 700 21 6
16 800 14 7
16 810 13 9
16 829 29 7
16 860 4 9
16 880 3 1
16 885 12 3
16 980 44 10
16 990 31 4
16 1000 26 4
16 1037 22 9
16 1075 19 7
16 1076 46 5
17 18 32 10
17 19 42 5
17 27 12 2
17 28 47 9
17 29 21 4
17 30 40 10
17 47 30 7
17 48 13 4
17 120 42 6
17 135 49 9
17 213 47 9
17 283 11 6
17 312 17 3
17 325 27 1
17 395 34 2
17 487 11 3
17 489 3 8
17 510 15 2
17 541 6 8
17 592 23 4
17 801 38 2
17 905 31 4
17 927 28 10
17 928 45 6
17 960 12 10
17 1010 9 7
17 1086 31 5
17 1096 11 6
17 1181 18 4
18 19 1 6
18 31 38 3
18 230 20 3
18 310 17 4
18 345 20 8
18 365 19 8
18 370 31 10
18 564 27 5
18 704 37 2
18 736 12 3
18 757 21 6
18 759 33 1
18 828 2 2
18 860 15 8
18 916 25 3
18 960 3 2
18 1116 25 9
18 1118 6 4
18 1145 5 8
19 32 49 3
19 33 26 3
19 34 1 2
19 35 13 8
19 36 15 1
19 37 3 5
19 38 8 1
19 39 40 10
19 40 6 7
19 67 7 1
19 99 11 4
19 120 48 8
19 136 34 9
19 170 12 9
19 178 26 2
19 212 14 6
19 327 18 4
19 348 31 8
19 398 18 9
19 441 10 10
19 450 38 9
19 459 48 8
19 611 13 7
19 663 31 2
19 726 40 10
19 888 36 2
19 905 26 4
19 965 22 3
19 966 39 7
19 981 29 7
19 1015 38 8
19 1016 4 10
19 1070 18 7
19 1180 1 4
21 438 50 5
21 602 22 7
21 693 29 2
23 1166 35 4
24 182 32 4
24 642 25 6
24 1192 35 9
27 674 38 8
27 677 35 6
30 83 41 2
30 446 47 7
31 527 30 3
36 276 39 2
36 330 16 5
37 677 21 8
37 1152 25 6
39 531 1 3
40 41 10 6
40 42 46 8
40 43 25 9
40 44 13 6
40 46 5 5
40 48 32 2
40 68 50 8
40 70 27 1
40 98 32 9
40 121 4 1
40 132 10 9
40 136 35 4
40 170 14 1
40 176 12 6
40 177 28 2
40 210 43 6
40 212 42 1
40 232 16 4
40 255 27 4
40 258 17 1
40 282 36 9
40 283 19 3
40 310 43 1
40 325 47 3
40 327 28 6
40 345 41 2
40 348 25 7
40 365 29 5
40 372 14 7
40 374 7 4
40 396 31 8
40 397 46 2
40 416 5 3
40 440 50 3
40 441 20 2
40 450 17 5
40 457 19 8
40 460 25 1
40 486 23 6
40 489 27 7
40 510 13 4
40 515 11 8
40 517 19 8
40 541 32 4
40 560 45 8
40 564 50 5
40 591 42 5
40 607 21 5
40 614 27 5
40 656 49 7
40 657 40 3
40 700 5 5
40 702 18 6
40 725 21 1
40 735 2 1
40 737 2 7
40 758 37 2
40 761 38 3
40 801 21 2
40 811 28 10
40 812 18 1
40 826 30 3
40 828 2 1
40 860 35 2
40 862 21 2
40 880 42 6
40 887 4 8
40 888 33 9
40 905 33 8
40 906 37 5
40 915 5 7
40 916 41 6
40 930 5 8
40 960 3 7
40 965 6 4
40 966 23 3
40 981 12 2
40 990 30 2
40 1000 32 6
40 1001 8 10
40 1010 49 3
40 1016 12 1
40 1035 9 3
40 1040 42 2
40 1070 2 10
40 1075 40 10
40 1076 18 10
40 1086 4 5
40 1095 4 2
40 1098 43 7
40 1116 35 10
40 1119 2 10
40 1140 33 1
40 1143 25 3
40 1181 23 2
40 1183 44 8
43 57 18 6
43 754 47 6
45 46 42 7
45 47 11 4
45 48 25 6
45 49 30 7
45 50 12 9
45 51 3 8
45 52 16 7
45 53 8 7
45 120 41 1
45 131 42 5
45 180 33 6
45 210 31 9
45 280 50 6
45 347 23 1
45 348 15 2
45 459 39 10
45 485 5 3
45 486 22 4
45 515 9 4
45 612 17 10
45 662 40 2
45 663 40 10
45 703 16 4
45 757 33 7
45 800 1 9
45 812 41 3
45 862 41 7
45 880 4 3
45 906 4 1
45 960 1 1
45 967 41 9
45 1036 35 8
45 1040 35 8
45 1076 15 1
45 1085 12 3
45 1115 17 3
46 47 14 10
46 48 36 10
46 54 27 3
46 55 16 6
46 70 21 2
46 213 17 7
46 310 41 8
46 312 41 7
46 326 6 8
46 365 6 1
46 371 47 9
46 374 46 7
46 419 1 1
46 450 42 9
46 510 37 2
46 543 17 10
46 565 6 4
46 591 3 4
46 725 18 1
46 726 4 9
46 811 25 10
46 915 17 4
46 991 29 8
46 1010 20 1
46 1070 46 6
46 1095 23 4
46 1115 29 6
46 1183 13 8
47 48 38 2
47 56 22 8
47 57 29 9
47 58 2 10
47 59 10 6
47 60 44 7
47 61 34 3
47 62 28 8
47 63 25 9
47 66 41 3
47 95 39 3
47 178 17 7
47 231 19 1
47 256 1 2
47 418 30 6
47 441 46 3
47 543 41 1
47 700 5 3
47 737 42 1
47 738 21 10
47 762 35 5
47 800 45 2
47 880 29 8
47 885 34 7
47 905 31 8
47 915 19 9
47 926 35 9
47 966 13 3
47 980 8 1
47 1001 27 5
47 1070 34 1
47 1075 27 4
47 1085 1 10
47 1096 30 10
47 1146 12 9
48 64 30 1
48 133 5 7
48 170 36 4
48 233 13 3
48 256 33 1
48 285 1 5
48 326 34 4
48 365 14 1
48 396 10 10
48 398 40 3
48 441 20 10
48 450 48 6
48 460 50 9
48 515 49 9
48 560 7 4
48 590 32 3
48 826 24 3
48 827 40 5
48 886 14 1
48 925 32 4
48 980 40 3
48 991 36 10
48 1001 15 1
48 1010 7 5
48 1016 36 8
48 1018 38 3
48 1145 47 7
48 1180 6 4
49 383 10 9
49 866 21 6
50 786 45 5
52 159 28 10
52 838 22 9
53 642 17 5
54 411 20 6
57 195 22 3
57 494 15 7
58 901 31 8
58 1044 44 7
60 503 42 2
60 588 47 2
60 682 37 8
60 721 21 6
60 1012 27 3
61 242 9 1
63 577 4 3
63 841 38 9
63 1060 26 10
65 66 15 3
65 67 15 8
65 68 4 3
65 69 48 6
65 70 47 2
65 71 41 10
65 72 46 9
65 73 1 7
65 74 34 6
65 75 40 5
65 97 11 8
65 285 12 4
65 312 29 5
65 370 44 7
65 396 12 3
65 417 32 2
65 489 41 10
65 510 4 2
65 516 20 2
65 590 45 10
65 610 50 5
65 826 46 7
65 906 30 2
65 965 36 9
65 1070 37 10
65 1085 20 6
65 1140 17 5
66 67 46 3
66 68 28 2
66 69 18 2
66 70 42 10
66 76 10 10
66 77 34 6
66 78 35 7
66 79 6 4
66 134 16 10
66 170 9 4
66 213 2 6
66 255 47 7
66 417 2 4
66 560 20 7
66 757 45 1
66 810 27 7
66 886 6 10
66 915 27 2
66 927 44 9
66 960 8 3
66 1017 32 10
66 1075 11 10
66 1098 36 9
67 68 16 10
67 69 49 10
67 70 18 8
67 80 34 2
67 81 12 6
67 82 34 7
67 170 48 3
67 177 39 10
67 258 1 4
67 372 44 10
67 460 45 2
67 486 42 9
67 563 12 5
67 661 50 3
67 801 43 3
67 862 31 6
67 991 7 8
67 1001 18 4
67 1010 7 4
67 1119 33 6
67 1182 32 3
68 69 17 9
68 70 37 9
68 83 13 6
68 120 17 8
68 121 12 1
68 175 38 1
68 213 45 2
68 232 12 3
68 327 44 5
68 365 23 2
68 510 25 7
68 541 23 7
68 591 23 2
68 762 8 6
68 860 31 3
68 880 1 6
68 886 47 5
68 916 40 3
68 980 15 8
68 1010 32 1
68 1037 17 10
68 1085 44 10
68 1181 1 10
69 70 14 9
69 84 41 1
69 85 13 1
69 86 49 7
69 87 41 9
69 88 26 8
69 89 3 6
69 99 47 9
69 326 1 2
69 347 10 9
69 395 32 10
69 440 12 10
69 450 31 4
69 455 45 10
69 517 30 10
69 605 43 3
69 700 32 3
69 701 31 2
69 738 10 7
69 801 29 8
69 831 15 1
69 880 2 5
69 906 38 8
69 926 7 7
69 960 26 8
69 1016 4 9
69 1076 28 6
69 1140 29 1
70 90 50 6
70 91 48 1
70 92 15 4
70 93 12 5
70 94 10 2
70 133 32 9
70 234 9 5
70 283 43 1
70 310 22 10
70 346 23 3
70 365 38 5
70 450 26 5
70 541 50 10
70 655 49 1
70 725 12 4
70 726 10 10
70 737 23 8
70 810 6 4
70 965 21 10
70 981 13 4
70 991 42 9
70 1000 29 4
70 1040 7 3
70 1115 34 8
71 427 2 4
72 572 47 6
77 208 9 10
77 544 48 1
78 525 8 2
80 139 7 2
81 145 7 9
82 226 38 9
83 867 36 3
85 874 11 1
86 387 2 4
87 301 1 4
88 200 49 6
91 187 22 9
94 1179 43 7
95 96 24 2
95 97 3 4
95 98 23 9
95 99 13 3
95 100 6 7
95 101 50 4
95 102 26 4
95 103 50 9
95 104 30 9
95 177 17 8
95 232 25 1
95 257 38 9
95 416 30 6
95 441 34 3
95 456 10 4
95 510 31 9
95 541 50 6
95 561 45 8
95 563 32 6
95 590 50 9
95 725 41 9
95 758 23 1
95 811 40 7
95 862 16 2
95 885 16 6
95 905 38 7
95 916 38 8
95 980 8 6
95 981 32 5
95 1001 34 10
95 1016 11 10
95 1017 13 1
95 1076 28 3
95 1085 44 3
95 1096 5 10
95 1115 3 5
95 1119 39 8
95 1144 28 8
95 1180 44 7
96 97 48 2
96 98 2 2
96 99 7 3
96 105 1 5
96 106 33 8
96 107 7 2
96 108 37 9
96 170 21 6
96 175 20 5
96 283 32 6
96 312 1 1
96 345 49 7
96 370 39 1
96 371 1 4
96 396 25 5
96 459 27 5
96 517 39 7
96 612 40 8
96 660 34 2
96 661 1 7
96 702 46 2
96 759 30 8
96 801 40 4
96 826 27 5
96 861 50 10
96 886 24 1
96 966 4 9
96 1001 27 10
96 1010 42 2
96 1041 14 10
97 98 1 3
97 99 33 5
97 109 44 3
97 110 7 9
97 111 25 9
97 112 40 1
97 113 2 6
97 114 40 6
97 121 39 9
97 136 50 10
97 325 16 3
97 347 47 10
97 365 4 1
97 416 49 9
97 450 35 4
97 510 47 10
97 591 11 3
97 702 45 7
97 726 1 10
97 880 21 8
97 930 45 5
97 960 41 4
97 991 44 5
97 1086 39 4
98 99 42 7
98 115 4 3
98 116 5 1
98 133 39 2
98 211 48 3
98 285 23 6
98 365 8 8
98 397 8 6
98 450 21 1
98 488 5 3
98 518 20 5
98 880 22 5
98 967 44 9
98 990 31 5
98 1039 11 8
98 1070 15 3
98 1096 13 8
98 1183 17 3
99 117 6 9
99 118 7 9
99 119 13 2
99 120 50 8
99 213 47 9
99 255 19 3
99 311 1 10
99 328 34 4
99 441 44 6
99 487 44 8
99 541 7 7
99 736 5 4
99 738 46 1
99 801 9 9
99 830 38 4
99 905 17 9
99 915 6 9
99 926 45 3
99 1010 36 5
99 1070 38 8
99 1147 13 10
100 405 1 1
101 717 21 9
104 752 22 2
104 813 12 2
105 324 8 5
105 571 45 8
105 699 12 4
106 436 9 4
109 856 23 4
110 267 1 7
110 505 3 6
112 127 31 3
114 227 37 7
114 977 28 8
115 553 21 5
115 714 47 10
115 1066 14 3
118 317 24 8
118 556 9 9
120 121 22 4
120 122 23 1
120 123 2 5
120 124 37 6
120 125 39 3
120 213 4 3
120 231 15 2
120 258 9 3
120 283 9 2
120 312 38 3
120 325 5 2
120 365 9 3
120 370 37 3
120 373 6 5
120 396 31 2
120 485 3 6
120 486 16 9
120 510 15 6
120 515 27 9
120 542 45 3
120 560 16 2
120 565 17 8
120 605 45 5
120 607 30 10
120 726 16 9
120 735 46 1
120 736 15 7
120 761 50 4
120 801 48 10
120 811 9 3
120 812 45 8
120 862 46 3
120 863 42 10
120 880 45 5
120 887 7 5
120 905 4 2
120 906 33 6
120 916 11 2
120 931 10 7
120 960 4 1
120 965 35 1
120 980 29 9
120 990 7 3
120 1000 22 10
120 1010 5 1
120 1017 4 2
120 1041 6 5
120 1075 47 4
120 1076 6 9
120 1086 45 10
120 1096 9 6
120 1097 11 1
120 1115 50 9
120 1118 9 9
120 1183 31 3
121 126 12 6
121 127 39 5
121 128 14 9
121 129 3 9
121 133 39 2
121 170 3 7
121 178 15 9
121 181 41 8
121 210 28 5
121 232 25 4
121 255 41 2
121 281 17 2
121 310 14 1
121 345 22 5
121 347 23 6
121 397 16 9
121 416 14 5
121 440 4 5
121 441 13 5
121 450 16 10
121 457 28 6
121 458 46 10
121 510 5 3
121 518 27 2
121 543 3 8
121 591 32 9
121 592 21 8
121 661 14 3
121 663 50 6
121 700 20 3
121 701 20 9
121 725 23 5
121 759 32 4
121 826 34 4
121 829 12 9
121 880 8 8
121 888 36 6
121 916 39 3
121 928 1 6
121 960 25 5
121 965 5 4
121 990 27 4
121 1000 9 6
121 1010 36 6
121 1017 5 4
121 1038 25 5
121 1070 31 9
121 1086 10 8
121 1146 12 5
121 1181 14 7
122 160 1 4
122 221 24 5
128 260 27 10
130 131 37 5
130 132 41 10
130 133 4 3
130 134 35 10
130 135 5 2
130 136 2 5
130 137 25 4
130 138 32 7
130 139 19 2
130 140 44 9
130 141 3 6
130 142 25 8
130 143 17 7
130 170 35 1
130 181 35 8
130 213 38 1
130 256 29 2
130 280 42 9
130 327 29 4
130 365 40 5
130 440 29 6
130 457 2 6
130 590 6 10
130 611 7 10
130 663 24 8
130 755 13 6
130 800 22 7
130 886 16 1
130 1001 5 1
130 1070 9 9
130 1144 44 4
130 1180 17 10
131 132 10 2
131 133 39 2
131 134 20 10
131 135 45 8
131 136 29 1
131 137 7 10
131 144 35 5
131 179 40 5
131 416 40 3
131 450 43 1
131 516 7 10
131 659 19 2
131 725 6 8
131 811 8 8
131 812 11 5
131 863 28 4
131 880 18 2
131 886 11 1
131 1041 38 7
131 1075 35 6
131 1086 45 9
131 1118 13 10
132 133 8 7
132 134 5 10
132 135 48 4
132 136 9 9
132 137 13 7
132 145 36 3
132 146 37 2
132 147 4 3
132 232 21 5
132 312 39 3
132 371 8 8
132 396 8 2
132 455 10 3
132 510 20 1
132 563 12 6
132 590 21 1
132 738 10 6
132 828 1 5
132 916 30 10
132 981 31 10
132 1016 9 5
132 1070 42 10
133 134 8 7
133 135 24 5
133 136 15 3
133 137 14 2
133 148 21 5
133 149 29 1
133 150 3 1
133 151 34 3
133 258 10 8
133 365 15 5
133 415 19 7
133 519 9 3
133 543 32 1
133 826 42 10
133 915 46 4
133 930 41 7
133 990 19 4
133 991 22 10
133 1010 6 6
133 1018 19 10
134 135 25 4
134 136 37 7
134 137 33 9
134 152 4 2
134 153 5 5
134 154 18 5
134 155 37 5
134 156 39 7
134 157 35 3
134 158 50 6
134 159 9 5
134 281 5 6
134 450 30 8
134 735 35 5
134 863 28 7
134 880 39 4
134 906 39 2
134 926 18 8
134 967 14 7
134 1076 10 6
134 1118 50 1
134 1141 38 6
135 136 32 3
135 137 47 7
135 160 48 7
135 161 50 5
135 162 9 9
135 210 44 5
135 328 10 7
135 347 43 1
135 372 39 2
135 396 7 10
135 486 29 4
135 488 26 9
135 565 2 6
135 613 38 9
135 725 24 6
135 760 16 5
135 981 36 7
135 1000 39 2
135 1010 4 8
135 1037 22 3
135 1097 28 9
135 1181 22 8
136 137 19 8
136 163 21 8
136 164 10 4
136 165 48 7
136 166 17 2
136 233 29 10
136 702 32 1
136 704 22 1
136 967 14 8
136 1085 40 5
137 167 13 10
137 168 42 7
137 169 17 6
137 310 13 9
137 348 17 8
137 440 18 8
137 540 15 4
137 800 45 1
137 905 48 8
137 960 9 3
137 1097 22 10
141 469 6 3
141 594 38 2
142 362 16 2
144 359 47 9
144 544 10 6
144 923 3 2
145 941 15 7
146 194 13 2
148 1158 40 5
151 166 14 5
151 1186 21 9
152 1058 16 10
154 448 17 2
154 615 3 9
154 1099 40 6
161 963 27 5
165 783 49 8
168 355 38 3
170 171 4 9
170 172 41 2
170 173 1 7
170 174 10 1
170 177 30 5
170 180 17 3
170 210 9 5
170 212 10 6
170 230 13 6
170 232 49 7
170 257 21 4
170 258 16 1
170 285 47 6
170 310 40 1
170 312 38 6
170 326 9 9
170 346 1 2
170 347 24 2
170 365 35 4
170 370 15 7
170 372 20 2
170 396 47 2
170 397 23 4
170 415 28 6
170 419 17 2
170 441 48 4
170 450 41 1
170 455 26 7
170 459 42 8
170 487 20 5
170 489 18 1
170 510 50 9
170 517 46 1
170 519 15 5
170 540 23 4
170 543 48 3
170 562 26 4
170 590 47 9
170 591 3 2
170 609 31 4
170 613 6 10
170 657 29 5
170 661 33 8
170 702 21 5
170 703 34 7
170 726 4 6
170 737 27 9
170 738 6 9
170 755 37 10
170 757 25 9
170 800 36 2
170 801 16 2
170 812 38 8
170 827 46 8
170 831 15 9
170 860 1 7
170 862 39 7
170 880 5 7
170 886 8 1
170 888 44 9
170 906 4 5
170 915 9 3
170 916 21 10
170 925 31 9
170 927 1 10
170 960 33 6
170 965 40 9
170 980 49 2
170 990 18 6
170 991 49 5
170 1000 32 8
170 1001 3 9
170 1010 20 3
170 1016 20 10
170 1017 22 10
170 1038 43 8
170 1039 8 1
170 1070 7 3
170 1076 8 6
170 1085 43 5
170 1086 9 5
170 1096 14 3
170 1118 45 5
170 1119 10 7
170 1145 35 4
170 1180 33 10
170 1181 46 9
171 512 24 6
171 714 29 2
171 1138 29 1
172 783 28 10
174 746 33 1
174 806 16 6
175 176 12 7
175 177 15 9
175 178 25 6
175 179 19 3
175 180 19 2
175 181 20 10
175 182 29 2
175 183 44 2
175 184 34 10
175 185 17 3
175 186 33 7
175 210 27 6
175 256 39 4
175 281 47 10
175 285 7 2
175 456 24 9
175 562 33 6
175 763 34 7
175 801 39 2
175 810 38 5
175 860 48 2
175 880 29 7
175 906 48 8
175 925 40 3
175 980 37 10
175 1000 5 3
175 1010 47 2
175 1086 40 4
175 1097 24 8
175 1119 22 4
176 177 13 1
176 178 40 5
176 179 18 3
176 180 24 10
176 181 41 2
176 187 12 5
176 188 35 5
176 189 41 4
176 190 19 10
176 191 6 6
176 325 37 1
176 396 30 1
176 416 42 5
176 440 18 6
176 450 10 4
176 460 39 4
176 560 37 3
176 704 35 5
176 726 38 10
176 828 18 10
176 885 19 7
176 915 8 2
176 930 44 1
176 990 38 8
176 1000 48 2
176 1076 24 4
177 178 22 4
177 179 8 3
177 180 14 4
177 181 31 4
177 192 32 8
177 256 33 4
177 346 5 8
177 440 29 4
177 607 9 10
177 704 10 8
177 960 31 3
177 1010 48 8
177 1067 16 8
178 179 38 9
178 180 10 9
178 181 22 3
178 193 24 1
178 194 27 5
178 195 10 1
178 196 49 5
178 230 17 10
178 348 26 10
178 365 27 10
178 486 7 2
178 489 32 1
178 591 21 3
178 726 7 5
178 801 39 6
178 829 18 4
178 863 1 7
178 905 23 3
178 1040 9 9
178 1070 14 1
179 180 20 4
179 181 16 4
179 197 3 2
179 198 46 8
179 199 40 5
179 200 31 7
179 201 16 4
179 202 2 5
179 203 25 2
179 365 6 4
179 370 21 3
179 372 13 7
179 418 30 10
179 542 45 10
179 735 14 8
179 916 12 6
179 990 24 10
179 1015 36 1
179 1016 16 10
179 1070 17 6
179 1147 50 8
180 181 45 7
180 204 8 8
180 311 24 1
180 325 27 6
180 510 11 2
180 659 11 3
180 759 30 1
180 812 9 6
180 880 12 3
180 886 15 3
180 965 33 8
180 966 18 10
180 1035 37 2
180 1095 3 7
180 1143 5 7
181 205 13 6
181 206 7 3
181 207 19 9
181 208 32 5
181 209 17 9
181 211 9 6
181 310 13 3
181 397 43 3
181 450 13 6
181 510 40 1
181 518 15 6
181 519 8 8
181 543 28 5
181 590 35 4
181 614 36 2
181 658 35 4
181 738 4 2
181 960 3 8
181 980 14 10
181 1076 34 5
181 1086 40 5
181 1115 14 3
181 1181 1 10
181 1183 6 1
182 952 2 3
184 547 50 4
184 705 23 2
184 1055 33 4
185 1002 27 7
186 790 37 5
187 219 12 10
187 673 3 3
187 814 26 6
189 265 19 1
189 362 46 8
191 671 46 9
191 891 9 1
192 287 10 5
192 472 8 8
194 479 16 6
194 602 16 7
194 949 44 5
195 788 37 2
196 339 1 5
196 869 33 3
197 495 23 1
198 323 20 9
199 349 44 8
200 331 9 1
201 1030 8 2
202 715 36 2
203 969 13 9
205 520 23 5
205 751 26 10
205 834 3 7
206 739 13 1
209 494 31 6
210 211 49 2
210 212 32 4
210 213 32 7
210 214 43 4
210 215 48 8
210 216 7 4
210 217 47 10
210 218 38 4
210 219 9 7
210 220 44 6
210 231 36 10
210 234 13 5
210 280 39 9
210 283 33 10
210 395 40 9
210 397 26 7
210 440 17 8
210 485 35 8
210 542 14 7
210 614 4 10
210 700 47 9
210 737 40 1
210 862 2 4
210 915 16 4
210 928 30 4
210 967 35 3
210 1070 31 5
210 1095 49 4
210 1144 44 2
211 212 34 1
211 213 10 2
211 221 48 2
211 222 3 4
211 223 12 8
211 224 26 1
211 259 13 8
211 311 11 10
211 326 1 2
211 365 28 9
211 372 39 9
211 418 35 3
211 450 8 6
211 515 38 3
211 516 30 9
211 564 12 2
211 606 6 8
211 655 31 10
211 726 1 10
211 861 41 8
211 880 39 3
211 888 9 3
211 960 4 3
211 966 15 6
211 990 41 3
211 991 33 8
211 1000 30 8
211 1010 45 9
211 1036 49 9
211 1039 28 9
211 1115 14 7
211 1181 16 2
212 213 26 5
212 225 50 5
212 226 41 1
212 311 28 10
212 348 46 3
212 372 20 10
212 418 11 10
212 456 23 10
212 489 2 8
212 510 2 8
212 542 26 2
212 590 48 7
212 725 4 8
212 755 28 7
212 801 17 10
212 812 47 10
212 826 33 1
212 880 8 8
212 887 26 1
212 905 1 9
212 916 43 4
212 927 37 7
212 960 30 2
212 980 25 7
212 981 36 1
212 1010 6 9
212 1018 12 6
212 1076 27 10
212 1086 50 5
212 1147 8 7
212 1183 23 7
213 227 22 9
213 228 28 7
213 229 7 5
213 259 47 1
213 325 24 3
213 347 15 3
213 440 49 2
213 450 46 8
213 457 41 4
213 510 23 10
213 564 29 5
213 591 21 5
213 663 25 5
213 701 22 5
213 737 38 3
213 762 48 5
213 801 49 6
213 829 5 1
213 906 48 6
213 1000 10 9
213 1017 23 9
213 1070 36 5
213 1075 40 6
213 1086 39 7
213 1098 50 10
213 1115 24 2
214 1026 7 8
217 272 21 3
217 807 27 6
220 892 1 10
226 953 33 9
226 955 44 2
227 360 13 9
228 1067 32 4
230 231 36 5
230 232 13 3
230 233 13 8
230 234 18 5
230 235 7 2
230 236 46 8
230 237 6 9
230 238 32 3
230 239 41 9
230 328 37 3
230 398 26 8
230 415 40 9
230 450 33 3
230 510 15 6
230 540 39 9
230 560 12 9
230 591 14 7
230 613 23 1
230 726 9 3
230 735 14 10
230 825 25 5
230 915 10 10
230 990 46 7
230 1001 15 3
230 1119 49 10
230 1144 23 8
231 232 48 9
231 233 14 4
231 234 28 1
231 240 9 3
231 241 38 5
231 256 20 5
231 310 18 10
231 311 30 1
231 396 50 4
231 459 36 7
231 517 46 1
231 660 18 6
231 757 20 4
231 810 25 3
231 880 24 2
231 906 4 3
231 925 31 7
231 926 37 5
231 966 34 10
231 980 43 10
231 1001 20 3
231 1086 37 7
231 1098 11 4
232 233 24 9
232 234 4 8
232 242 39 1
232 243 28 2
232 244 49 9
232 245 30 3
232 246 41 8
232 247 17 5
232 248 15 3
232 249 31 7
232 250 1 10
232 283 38 8
232 345 45 7
232 365 3 3
232 373 49 7
232 418 14 7
232 440 3 9
232 457 25 1
232 614 27 2
232 658 14 6
232 701 17 5
232 761 48 8
232 887 1 3
232 960 26 2
232 1010 2 6
232 1017 1 9
232 1075 16 3
232 1144 43 2
232 1182 9 10
233 234 13 2
233 251 42 6
233 252 48 1
233 253 12 2
233 370 44 3
233 440 2 8
233 450 49 3
233 487 40 8
233 540 49 1
233 564 31 3
233 590 32 3
233 700 27 10
233 725 33 2
233 801 23 9
233 888 37 10
233 966 43 6
233 981 18 4
233 1010 45 6
233 1035 22 1
233 1070 36 9
233 1085 5 6
233 1097 45 9
233 1117 31 5
234 254 44 10
234 256 38 3
234 282 31 8
234 345 1 4
234 365 34 9
234 486 39 1
234 517 21 5
234 738 41 6
234 800 31 2
234 829 44 3
234 860 47 7
234 862 12 4
234 906 49 9
234 915 21 6
234 960 28 4
234 1036 2 10
234 1070 44 10
234 1075 50 4
234 1181 32 3
235 1081 24 2
236 806 1 5
236 935 45 2
237 376 38 10
237 792 36 2
241 462 11 10
241 851 36 9
242 789 7 1
242 1007 7 1
243 740 45 2
244 427 38 1
244 670 4 5
248 1191 20 1
249 492 5 9
250 265 25 9
254 427 25 2
255 256 43 9
255 257 16 4
255 258 14 2
255 259 26 9
255 260 39 10
255 261 16 1
255 262 42 5
255 263 38 6
255 264 31 2
255 265 48 7
255 328 42 4
255 365 35 7
255 374 2 2
255 396 32 1
255 441 15 10
255 450 27 3
255 590 39 10
255 610 47 2
255 660 19 10
255 700 19 1
255 738 14 3
255 801 22 4
255 811 28 7
255 829 14 10
255 861 22 5
255 887 21 3
255 916 46 4
255 960 11 2
255 980 25 6
255 1010 24 9
255 1041 45 9
255 1085 19 7
255 1097 16 5
255 1098 19 9
255 1147 18 2
256 257 14 8
256 258 46 5
256 259 11 10
256 266 50 10
256 267 19 5
256 268 50 6
256 269 10 9
256 270 13 1
256 311 31 1
256 365 25 9
256 415 37 6
256 441 16 4
256 450 15 4
256 614 2 8
256 657 27 8
256 725 44 7
256 810 12 2
256 886 10 9
256 905 50 8
256 906 36 8
256 916 17 5
256 1016 46 1
256 1017 30 4
256 1037 50 8
256 1070 20 10
256 1144 40 6
256 1180 22 7
256 1181 29 2
257 258 32 4
257 259 24 10
257 271 47 4
257 272 45 8
257 273 23 4
257 274 11 3
257 281 7 1
257 456 17 4
257 510 26 7
257 541 30 10
257 726 29 9
257 762 15 7
257 861 47 10
257 965 18 8
257 981 36 8
257 1000 17 9
257 1070 41 3
258 259 38 2
258 275 14 5
258 284 37 8
258 312 40 9
258 326 41 10
258 346 23 1
258 348 41 8
258 371 45 7
258 396 30 4
258 485 31 2
258 487 38 6
258 540 28 8
258 561 33 7
258 564 39 7
258 592 26 5
258 756 38 10
258 829 36 6
258 880 12 4
258 925 16 9
258 990 42 10
258 1000 25 7
258 1075 32 6
258 1085 38 7
258 1115 3 10
258 1118 1 1
259 276 48 8
259 277 7 6
259 278 21 1
259 279 12 9
259 416 27 3
259 455 32 8
259 510 11 9
259 517 21 9
259 518 26 7
259 701 33 7
259 735 4 4
259 801 50 8
259 931 24 8
259 960 34 1
259 965 31 7
259 1010 46 1
264 368 37 10
264 1128 22 1
265 577 4 5
266 532 44 10
266 1008 2 5
268 848 1 10
269 1054 28 4
271 1079 7 5
272 461 21 5
273 995 10 2
273 1167 5 7
274 1089 27 5
275 429 19 6
277 279 18 1
278 919 47 10
278 1058 12 2
280 281 31 1
280 282 48 1
280 283 3 3
280 284 45 3
280 285 29 1
280 286 42 10
280 287 15 9
280 288 13 9
280 289 10 9
280 325 8 4
280 519 10 2
280 563 26 2
280 612 9 2
280 703 43 1
280 762 26 10
280 801 15 8
280 811 20 7
280 880 2 6
280 981 4 6
280 991 44 2
280 1001 10 8
280 1015 40 7
280 1182 40 4
281 282 21 5
281 283 47 2
281 284 20 4
281 285 8 1
281 290 7 9
281 291 19 10
281 292 47 1
281 293 9 10
281 294 13 7
281 295 34 4
281 311 9 1
281 370 11 9
281 458 8 8
281 562 35 5
281 605 28 1
281 660 28 2
281 726 25 4
281 735 48 9
281 831 27 7
281 916 30 9
281 1016 29 6
281 1097 42 9
282 283 22 1
282 284 16 10
282 285 22 2
282 296 37 4
282 297 40 8
282 298 4 5
282 299 49 9
282 346 33 7
282 347 1 9
282 372 11 10
282 441 13 6
282 450 4 9
282 485 42 5
282 542 10 10
282 591 25 3
282 659 45 9
282 701 25 1
282 738 44 1
282 800 39 8
282 828 11 6
282 885 1 4
282 926 14 8
282 960 24 9
282 1040 2 7
282 1070 37 2
282 1075 21 6
282 1118 42 6
282 1141 12 4
282 1182 32 8
283 284 34 7
283 285 8 8
283 300 15 5
283 301 16 4
283 312 35 4
283 327 46 10
283 365 44 3
283 441 29 4
283 486 1 1
283 518 14 4
283 541 23 3
283 906 37 4
283 1075 14 8
283 1086 28 1
283 1115 39 8
283 1144 40 2
284 285 24 6
284 302 24 7
284 303 8 3
284 304 25 9
284 305 32 9
284 365 20 6
284 397 30 10
284 416 17 2
284 417 35 10
284 450 49 4
284 510 3 5
284 592 6 1
284 760 16 10
284 863 35 9
284 905 40 1
284 929 15 4
284 965 5 7
284 967 1 2
284 980 31 6
284 1000 14 3
284 1010 50 1
285 306 39 9
285 307 44 2
285 308 47 7
285 309 46 10
285 397 19 7
285 460 48 6
285 510 16 1
285 725 44 6
285 863 14 3
285 916 8 6
285 960 34 1
285 1010 9 10
285 1036 38 10
285 1070 20 5
285 1086 18 8
285 1096 14 2
286 495 45 6
286 1109 47 6
287 932 6 9
292 1113 21 5
294 403 10 7
294 856 3 2
297 1166 7 5
298 499 35 2
298 1052 40 10
299 618 21 2
300 476 12 8
306 501 2 6
307 461 43 5
307 963 6 6
308 799 5 4
310 311 10 7
310 312 25 4
310 313 39 8
310 314 27 1
310 365 5 6
310 373 45 2
310 398 4 3
310 450 32 7
310 565 47 9
310 737 6 2
310 758 11 10
310 812 11 8
310 888 6 2
310 916 24 1
310 980 9 4
310 981 15 2
310 991 46 7
310 1000 32 8
310 1018 35 5
310 1070 20 9
310 1075 33 10
310 1098 48 5
310 1143 32 8
310 1183 44 6
311 312 3 3
311 315 34 7
311 316 15 10
311 317 50 1
311 318 36 6
311 327 38 6
311 345 19 4
311 370 47 5
311 441 50 5
311 450 8 7
311 455 18 8
311 486 9 3
311 489 9 5
311 518 41 9
311 542 43 3
311 592 17 4
311 611 46 7
311 663 38 5
311 701 33 5
311 703 25 1
311 725 2 5
311 738 19 5
311 758 17 7
311 801 16 8
311 880 12 7
311 888 40 3
311 905 20 5
311 927 46 2
311 960 40 1
311 965 29 2
311 967 23 5
311 1040 46 8
311 1070 43 4
311 1085 32 9
311 1116 10 9
311 1117 30 4
312 319 27 6
312 320 11 4
312 321 8 7
312 322 5 10
312 323 5 4
312 324 48 1
312 327 17 4
312 345 15 7
312 365 12 3
312 416 29 3
312 418 35 1
312 441 35 4
312 457 50 2
312 510 24 10
312 517 10 4
312 541 14 6
312 565 50 6
312 591 6 7
312 609 2 4
312 663 33 1
312 725 50 4
312 812 16 7
312 825 5 2
312 826 46 6
312 862 40 6
312 863 31 5
312 880 29 3
312 906 46 6
312 931 2 6
312 960 13 9
312 991 8 10
312 1000 6 4
312 1010 20 8
312 1018 20 8
312 1075 32 9
312 1095 47 9
312 1142 7 1
312 1182 45 10
313 492 38 10
316 1063 12 1
317 924 34 6
317 1133 1 8
318 452 15 4
319 379 15 9
319 695 10 2
325 326 49 8
325 327 21 3
325 328 25 3
325 329 18 10
325 330 7 2
325 331 32 7
325 348 24 9
325 365 21 10
325 397 6 1
325 450 48 4
325 455 39 3
325 510 5 3
325 542 42 8
325 561 3 1
325 564 34 5
325 591 15 3
325 760 35 3
325 825 28 7
325 830 24 6
325 905 49 6
325 915 26 5
325 931 46 9
325 960 46 2
325 965 27 4
325 967 6 4
325 980 40 3
325 991 23 7
325 1000 24 6
325 1010 35 3
325 1036 37 10
325 1070 33 2
325 1076 43 10
325 1085 33 7
325 1086 28 5
325 1146 36 6
325 1180 36 4
326 327 35 5
326 328 11 3
326 332 29 2
326 333 2 9
326 334 21 9
326 335 47 8
326 336 36 4
326 337 1 8
326 346 40 2
326 365 43 4
326 416 21 7
326 441 20 5
326 515 27 7
326 516 31 6
326 543 48 4
326 590 3 10
326 611 33 4
326 655 8 3
326 656 25 6
326 736 45 8
326 759 3 10
326 800 22 2
326 811 47 4
326 880 40 2
326 887 12 6
326 1016 37 9
326 1116 7 1
327 328 17 9
327 338 20 10
327 371 50 10
327 450 50 9
327 612 38 10
327 726 27 10
327 738 17 5
327 810 49 5
327 863 12 5
327 915 25 10
327 960 12 6
327 990 34 5
327 1017 13 3
327 1035 44 4
327 1095 19 2
327 1097 18 10
327 1183 35 4
328 339 38 5
328 340 43 10
328 341 13 6
328 342 22 2
328 343 50 3
328 344 12 3
328 373 11 3
328 396 43 10
328 418 41 5
328 441 4 4
328 488 30 1
328 510 7 9
328 700 16 6
328 704 20 6
328 726 21 2
328 801 23 9
328 880 43 10
328 926 3 6
328 980 11 10
328 1000 36 5
328 1010 43 8
328 1070 28 3
328 1076 30 1
328 1117 41 4
328 1146 48 5
329 1163 47 8
331 690 9 4
331 971 32 3
332 1109 50 10
333 381 1 5
333 520 12 3
336 1135 24 2
338 407 12 1
343 436 10 10
343 509 34 6
343 1058 7 9
345 346 37 4
345 347 34 6
345 348 5 3
345 349 10 5
345 350 23 7
345 351 6 2
345 352 15 3
345 365 20 8
345 395 33 5
345 415 18 8
345 450 35 8
345 458 20 3
345 510 11 8
345 542 38 4
345 560 4 4
345 736 21 7
345 737 17 3
345 800 17 7
345 812 24 2
345 862 39 7
345 915 14 6
345 927 4 7
345 960 20 7
345 980 28 2
345 991 35 6
345 1001 3 3
345 1010 18 1
345 1070 31 5
345 1076 6 5
346 347 32 5
346 348 5 1
346 353 15 5
346 354 37 10
346 365 5 4
346 441 41 10
346 489 41 5
346 519 24 9
346 703 47 4
346 725 27 9
346 758 43 6
346 916 19 6
346 965 26 2
346 966 6 6
346 990 41 10
346 1001 7 6
346 1010 32 10
346 1018 11 5
346 1038 32 5
346 1040 37 2
346 1070 40 3
346 1097 26 6
346 1117 10 6
346 1140 32 2
347 348 44 10
347 355 15 6
347 356 29 8
347 357 43 3
347 358 20 2
347 359 26 2
347 360 17 10
347 370 41 10
347 395 24 6
347 441 12 7
347 487 35 10
347 510 50 9
347 659 46 5
347 663 20 8
347 703 37 2
347 725 20 5
347 827 50 7
347 862 20 9
347 880 37 3
347 885 16 5
347 888 31 8
347 905 47 5
347 906 46 8
347 980 10 8
347 1086 15 1
347 1147 4 6
348 361 48 1
348 362 2 1
348 363 45 2
348 364 38 4
348 374 37 7
348 417 41 5
348 450 10 9
348 460 46 8
348 540 27 9
348 563 13 6
348 590 3 1
348 592 26 8
348 608 26 4
348 610 30 3
348 800 47 6
348 812 6 10
348 929 17 10
348 960 13 3
348 1017 44 5
348 1075 15 2
348 1085 29 8
348 1097 24 9
348 1115 33 5
348 1180 50 5
348 1181 49 1
351 484 23 7
354 754 23 10
354 1049 37 6
361 572 3 3
362 527 39 8
362 971 38 10
365 366 29 1
365 367 17 9
365 368 35 3
365 369 13 3
365 372 15 4
365 374 36 1
365 398 13 2
365 416 2 1
365 419 18 8
365 440 18 4
365 450 32 1
365 455 48 8
365 485 42 1
365 510 22 7
365 518 50 3
365 519 47 2
365 542 43 9
365 543 27 8
365 562 40 1
365 563 39 9
365 590 27 7
365 591 23 9
365 607 23 7
365 614 12 8
365 659 35 2
365 660 22 7
365 701 24 3
365 704 26 9
365 726 5 7
365 736 25 6
365 737 28 6
365 757 12 7
365 762 13 5
365 801 37 3
365 811 26 1
365 828 13 4
365 831 36 7
365 863 14 4
365 880 30 4
365 885 16 9
365 905 34 9
365 915 31 9
365 916 22 7
365 930 34 1
365 931 12 10
365 960 50 2
365 965 16 1
365 967 6 9
365 980 47 9
365 990 9 5
365 1000 23 8
365 1001 16 10
365 1010 25 9
365 1018 6 6
365 1036 47 9
365 1040 42 3
365 1070 44 1
365 1075 44 7
365 1076 12 2
365 1085 1 5
365 1086 19 5
365 1096 29 8
365 1098 12 9
365 1116 48 10
365 1118 46 9
365 1145 38 9
365 1146 47 7
365 1180 39 8
365 1182 26 4
366 446 43 2
366 553 19 8
366 649 21 6
370 371 1 2
370 372 33 2
370 373 15 10
370 374 38 2
370 375 8 4
370 376 39 1
370 377 12 2
370 441 35 2
370 457 38 2
370 487 42 9
370 510 27 9
370 518 40 1
370 519 14 9
370 591 31 7
370 614 44 10
370 726 42 4
370 860 31 7
370 888 3 10
370 965 30 3
370 981 38 5
370 990 21 4
370 1010 38 7
370 1036 8 8
370 1070 28 5
370 1085 35 4
370 1146 19 4
371 372 13 1
371 373 18 5
371 374 38 9
371 378 20 7
371 379 27 9
371 380 16 8
371 381 17 1
371 450 33 1
371 542 22 4
371 561 4 9
371 737 22 1
371 800 44 2
371 811 30 3
371 826 12 5
371 863 15 6
371 880 36 7
371 886 10 5
371 991 23 8
371 1015 6 10
371 1017 6 10
371 1076 1 6
371 1086 11 8
371 1117 45 1
371 1145 23 7
371 1180 45 10
372 373 36 4
372 374 40 10
372 382 14 3
372 383 34 4
372 384 18 5
372 385 25 2
372 386 21 7
372 395 50 4
372 457 24 1
372 488 14 6
372 562 21 2
372 606 34 4
372 655 33 2
372 756 17 2
372 960 8 5
372 965 49 2
372 1070 13 7
372 1115 50 1
373 374 10 1
373 387 32 6
373 388 2 7
373 389 14 10
373 390 45 9
373 542 2 3
373 591 46 4
373 661 37 3
373 700 47 6
373 726 12 6
373 737 5 5
373 801 2 5
373 811 37 6
373 906 22 4
373 915 44 6
373 929 8 5
373 981 24 10
373 1000 49 2
373 1001 23 5
373 1041 31 10
373 1076 47 1
373 1096 7 3
374 391 20 10
374 392 40 7
374 393 9 8
374 394 35 3
374 395 17 5
374 416 17 7
374 417 27 1
374 450 17 10
374 510 24 8
374 700 42 2
374 757 32 5
374 826 23 6
374 880 1 3
374 915 16 10
374 926 11 7
374 960 9 7
374 1098 12 10
374 1181 43 8
375 894 37 3
375 1177 36 7
376 878 30 10
377 581 49 5
382 629 32 2
383 439 25 10
392 741 12 4
393 1156 20 10
394 773 29 2
395 396 24 8
395 397 41 10
395 398 15 10
395 399 49 8
395 400 41 9
395 401 6 5
395 402 5 8
395 403 15 8
395 404 42 5
395 405 34 1
395 440 49 1
395 541 36 2
395 756 34 9
395 760 21 3
395 810 9 1
395 825 17 9
395 862 11 9
395 880 22 2
395 886 34 6
395 915 32 1
395 916 5 1
395 980 6 3
395 1035 21 6
395 1037 20 2
395 1085 30 10
395 1086 45 7
396 397 48 1
396 398 22 6
396 406 35 4
396 419 46 3
396 459 36 5
396 489 36 6
396 516 2 10
396 592 26 2
396 658 47 9
396 726 24 4
396 738 11 1
396 825 2 5
396 880 33 6
396 905 25 5
396 926 44 7
396 960 39 10
396 966 29 3
396 990 5 9
396 1010 13 6
396 1017 37 8
396 1070 14 1
396 1075 31 9
396 1142 34 6
396 1146 23 2
396 1183 43 6
397 398 7 8
397 407 28 8
397 408 2 7
397 409 37 10
397 410 13 10
397 411 39 8
397 450 1 8
397 510 31 3
397 519 28 6
397 562 1 6
397 703 5 8
397 736 17 7
397 811 39 9
397 862 7 3
397 905 38 10
397 990 22 6
397 1001 39 9
397 1010 46 8
397 1070 45 10
397 1095 34 1
397 1118 46 1
398 412 16 6
398 413 23 6
398 414 48 7
398 418 12 10
398 450 47 10
398 456 5 7
398 487 13 3
398 542 10 7
398 563 45 10
398 590 32 1
398 609 16 7
398 655 42 7
398 700 5 3
398 800 11 10
398 801 11 2
398 930 34 10
398 960 22 8
398 966 26 10
398 981 48 3
398 1000 34 3
398 1016 20 9
398 1098 20 10
398 1117 30 5
398 1181 31 3
399 413 24 3
399 531 20 10
400 743 9 3
400 822 10 7
401 1024 7 6
401 1190 41 2
402 917 4 8
402 1161 22 9
403 639 23 6
403 647 49 7
403 1067 2 1
405 868 20 10
409 508 1 4
409 865 17 2
410 1021 48 1
411 632 50 9
413 425 2 3
415 416 24 3
415 417 36 9
415 418 10 4
415 419 9 8
415 420 43 8
415 421 6 1
415 422 40 2
415 423 46 6
415 424 12 7
415 425 30 5
415 426 49 9
415 440 48 6
415 450 31 8
415 518 34 7
415 564 13 6
415 811 45 6
415 880 48 4
415 926 20 8
415 980 19 10
415 981 20 5
415 1001 16 3
415 1098 9 6
416 417 5 9
416 418 49 1
416 419 6 6
416 427 50 1
416 428 38 8
416 429 17 6
416 430 9 10
416 510 33 8
416 540 22 1
416 542 26 5
416 592 31 8
416 608 22 4
416 736 7 1
416 737 29 1
416 801 3 1
416 830 21 3
416 905 30 5
416 906 9 7
416 916 13 9
416 929 38 1
416 960 25 1
416 1001 22 9
416 1017 4 10
416 1070 9 3
416 1116 4 6
416 1182 16 9
417 418 47 3
417 419 32 10
417 431 29 4
417 432 30 2
417 433 42 2
417 434 38 9
417 435 42 2
417 457 17 8
417 510 43 3
417 614 10 4
417 657 50 4
417 725 7 4
417 726 28 6
417 762 24 1
417 811 46 10
417 826 21 5
417 887 22 6
417 967 44 10
417 1010 2 10
417 1040 40 7
417 1075 33 5
417 1180 31 4
418 419 41 4
418 436 19 6
418 450 39 8
418 459 17 6
418 486 3 8
418 704 19 1
418 757 24 7
418 880 14 8
418 915 50 1
418 966 48 10
418 1018 45 7
418 1039 17 8
418 1076 45 3
418 1085 3 9
418 1086 1 3
418 1096 40 1
418 1119 41 7
418 1140 45 2
418 1143 14 7
419 437 48 10
419 438 15 2
419 439 40 1
419 440 11 9
419 489 25 3
419 518 38 8
419 564 6 8
419 590 34 8
419 659 34 3
419 703 38 6
419 801 3 2
419 862 9 10
419 886 21 9
419 960 22 3
419 991 17 1
423 792 1 1
424 532 9 2
427 635 4 2
432 1091 38 1
434 992 21 3
434 1188 25 3
436 868 44 5
438 537 24 4
438 923 21 8
439 671 5 2
440 441 31 2
440 442 41 9
440 443 12 3
440 444 42 10
440 457 31 7
440 486 16 8
440 488 19 3
440 510 47 6
440 560 6 9
440 591 47 2
440 592 26 5
440 659 14 2
440 701 4 2
440 726 6 7
440 736 27 6
440 737 24 6
440 810 13 3
440 827 1 6
440 830 8 1
440 861 45 10
440 863 34 10
440 880 37 9
440 905 5 7
440 927 29 4
440 965 21 6
440 967 25 3
440 980 16 4
440 981 9 7
440 990 18 10
440 1001 16 7
440 1010 15 2
440 1016 11 8
440 1070 14 9
440 1076 47 9
440 1085 50 7
440 1098 16 10
440 1119 12 8
440 1144 42 6
440 1182 18 3
441 445 2 8
441 446 16 2
441 447 49 9
441 448 8 10
441 449 19 3
441 450 5 2
441 456 50 6
441 510 45 5
441 518 12 6
441 540 47 10
441 541 42 3
441 560 8 4
441 605 21 5
441 659 30 6
441 702 5 10
441 725 20 5
441 756 32 9
441 758 37 9
441 801 18 7
441 811 25 6
441 880 26 2
441 886 14 4
441 887 10 4
441 905 50 3
441 915 34 8
441 928 48 3
441 960 46 10
441 991 16 4
441 1001 8 3
441 1010 28 2
441 1039 6 5
441 1040 38 8
441 1076 26 10
441 1095 7 9
441 1117 31 5
441 1144 2 9
441 1182 21 6
442 480 2 1
442 957 30 2
446 672 12 1
446 1043 36 1
446 1175 31 2
448 817 49 7
450 451 4 10
450 452 29 6
450 453 46 9
450 454 30 5
450 457 18 4
450 459 39 9
450 487 28 10
450 489 1 6
450 510 42 7
450 517 49 9
450 541 17 9
450 561 50 4
450 564 11 7
450 590 1 1
450 592 49 3
450 607 36 9
450 611 37 4
450 656 27 9
450 658 41 10
450 701 30 7
450 704 37 4
450 725 1 1
450 726 28 7
450 737 45 9
450 738 50 9
450 755 43 8
450 756 15 2
450 800 37 5
450 801 21 5
450 810 44 6
450 811 37 4
450 826 3 9
450 827 3 9
450 861 15 4
450 880 3 1
450 885 41 5
450 888 8 10
450 905 19 6
450 906 33 3
450 915 31 6
450 927 6 2
450 930 33 3
450 960 41 5
450 966 13 9
450 967 15 9
450 981 50 10
450 990 49 9
450 1001 30 8
450 1010 2 8
450 1015 38 3
450 1016 4 6
450 1035 47 10
450 1036 39 6
450 1070 7 5
450 1075 14 3
450 1076 4 6
450 1086 26 10
450 1098 17 9
450 1117 21 5
450 1146 10 2
450 1147 17 4
450 1181 36 10
455 456 12 3
455 457 28 3
455 458 41 5
455 459 38 1
455 460 34 1
455 461 17 4
455 462 13 7
455 463 14 1
455 464 49 4
455 465 30 1
455 466 28 1
455 467 32 1
455 468 9 6
455 469 13 2
455 515 41 2
455 542 9 5
455 591 4 3
455 610 43 7
455 660 36 3
455 906 14 3
455 916 36 8
455 1001 50 4
455 1038 32 5
455 1145 45 4
456 457 48 10
456 458 5 4
456 459 33 10
456 460 6 10
456 470 17 8
456 471 29 8
456 472 6 5
456 543 21 2
456 563 5 9
456 700 32 9
456 735 41 7
456 738 6 2
456 756 42 8
456 826 31 6
456 830 3 4
456 880 16 3
456 915 2 7
456 990 11 4
456 1010 33 9
456 1086 46 6
456 1095 45 1
456 1119 21 10
456 1181 4 9
456 1183 7 3
457 458 36 3
457 459 48 6
457 460 37 2
457 473 38 6
457 474 13 9
457 475 39 5
457 510 21 2
457 592 14 9
457 726 33 1
457 801 12 4
457 861 50 2
457 887 21 6
457 965 22 2
457 1098 7 5
458 459 20 6
458 460 7 3
458 476 30 5
458 477 24 8
458 478 15 10
458 485 47 4
458 607 33 4
458 704 49 10
458 812 37 1
458 905 1 10
458 927 43 10
458 960 28 9
458 991 21 2
458 1018 44 10
459 460 11 5
459 479 10 8
459 480 6 5
459 481 10 5
459 482 2 7
459 483 23 1
459 488 20 8
459 510 37 4
459 515 40 8
459 655 11 10
459 810 21 7
459 888 26 1
459 960 20 4
459 980 8 1
459 1000 44 9
459 1018 41 4
459 1035 12 4
459 1076 34 1
459 1115 6 10
460 484 37 2
460 755 39 6
460 800 26 2
460 863 8 7
460 880 49 5
460 929 20 9
460 967 25 4
460 980 31 10
460 1010 26 9
460 1070 38 4
460 1076 20 6
460 1085 37 2
460 1146 4 6
462 899 19 7
464 1149 25 8
466 1127 20 5
467 576 18 1
468 752 50 8
468 1071 9 7
472 678 49 6
473 584 24 8
474 721 16 10
477 803 20 4
477 918 49 6
479 731 31 7
479 776 40 2
482 841 47 8
485 486 5 7
485 487 11 8
485 488 17 2
485 489 21 1
485 490 40 9
485 491 36 5
485 492 24 5
485 493 47 8
485 494 12 3
485 562 9 10
485 591 24 1
485 735 29 1
485 761 7 7
485 800 36 9
485 826 10 4
485 861 9 3
485 880 2 10
485 885 22 7
485 965 24 1
485 991 7 1
485 1010 9 3
485 1018 24 9
485 1075 23 3
485 1095 45 7
485 1119 32 6
485 1180 47 9
486 487 50 8
486 488 20 9
486 489 12 5
486 495 17 10
486 496 47 9
486 497 30 10
486 510 30 7
486 725 9 1
486 801 2 6
486 812 20 2
486 880 8 10
486 926 41 9
486 1039 37 8
486 1040 14 7
486 1118 25 5
487 488 13 10
487 489 36 7
487 498 33 9
487 499 17 1
487 500 32 6
487 501 39 10
487 510 5 7
487 562 6 1
487 885 48 1
487 905 28 4
487 916 43 6
487 931 32 6
487 966 32 4
487 981 8 10
487 991 47 3
487 1001 31 10
487 1018 46 2
488 489 40 1
488 502 27 10
488 503 45 9
488 504 14 4
488 515 48 8
488 516 18 6
488 540 22 7
488 606 16 9
488 700 31 7
488 761 35 7
488 812 17 5
488 829 16 9
488 906 20 4
488 960 2 7
488 1001 6 10
488 1070 35 9
488 1086 9 6
488 1097 2 7
489 505 3 9
489 506 9 9
489 507 22 4
489 508 32 2
489 509 38 9
489 590 40 10
489 607 43 6
489 659 9 9
489 702 8 5
489 735 19 1
489 861 16 2
489 916 47 1
489 960 39 5
489 980 6 6
489 1010 9 2
489 1070 26 8
489 1076 37 10
489 1085 24 9
489 1141 36 5
489 1147 50 5
489 1183 37 7
495 932 17 1
496 937 10 6
500 783 6 5
501 813 5 4
502 882 27 8
503 1148 5 2
505 1069 8 9
506 882 27 4
509 708 10 8
509 976 47 2
510 511 14 10
510 512 28 6
510 513 14 10
510 514 44 9
510 515 49 10
510 519 39 3
510 542 8 7
510 543 42 4
510 561 42 9
510 564 31 4
510 591 39 3
510 610 26 6
510 661 47 8
510 663 50 2
510 702 20 7
510 703 3 7
510 725 43 3
510 735 9 4
510 737 47 10
510 755 47 6
510 760 43 5
510 801 40 8
510 810 35 9
510 811 30 4
510 827 43 2
510 828 41 8
510 861 35 6
510 863 42 7
510 880 45 4
510 885 13 8
510 887 48 8
510 905 15 7
510 906 25 1
510 915 30 2
510 916 50 10
510 928 43 6
510 929 19 1
510 960 17 8
510 965 17 9
510 967 11 4
510 981 8 3
510 990 32 5
510 991 6 7
510 1000 31 1
510 1010 46 10
510 1015 25 4
510 1016 14 4
510 1035 10 9
510 1040 43 3
510 1070 49 1
510 1075 34 7
510 1085 14 7
510 1086 37 6
510 1097 43 9
510 1098 20 1
510 1116 42 10
510 1141 17 5
510 1147 4 10
510 1180 22 5
510 1183 47 8
511 913 7 10
515 516 46 6
515 517 18 1
515 518 22 10
515 519 48 7
515 520 28 6
515 521 27 2
515 522 3 7
515 523 48 5
515 541 17 7
515 564 14 6
515 726 2 9
515 800 26 9
515 915 20 6
515 928 13 5
515 960 32 1
515 966 14 7
515 990 34 7
515 1010 9 10
515 1016 4 10
515 1070 34 6
515 1085 9 4
515 1098 24 6
516 517 26 2
516 518 41 3
516 519 5 5
516 524 42 7
516 655 25 10
516 700 50 7
516 738 32 7
516 811 7 5
516 862 36 6
516 880 8 6
516 885 1 6
516 886 11 3
516 927 43 5
516 965 31 2
516 980 34 1
516 991 45 8
516 1070 11 1
516 1095 24 9
516 1117 26 1
516 1180 9 6
517 518 22 3
517 519 8 1
517 525 8 4
517 526 29 1
517 527 19 1
517 528 12 10
517 529 9 3
517 530 15 3
517 531 35 1
517 540 44 9
517 591 25 8
517 608 12 8
517 656 46 3
517 760 38 10
517 810 47 4
517 827 28 2
517 915 31 9
517 960 41 8
517 1141 40 1
517 1143 45 7
517 1180 22 4
518 519 2 10
518 532 9 5
518 613 30 5
518 736 43 10
518 759 7 7
518 863 43 3
518 880 26 2
518 906 46 7
518 1015 42 1
518 1038 25 5
518 1041 48 9
518 1075 39 6
518 1085 43 2
519 533 48 4
519 534 27 2
519 535 3 4
519 536 13 10
519 537 34 3
519 538 31 8
519 539 41 10
519 561 1 5
519 592 31 10
519 701 47 7
519 726 16 1
519 801 8 7
519 826 17 6
519 906 49 10
519 981 49 8
519 1000 42 10
519 1001 34 7
519 1010 18 5
519 1076 16 1
519 1115 7 3
522 923 16 2
524 1195 31 5
525 682 21 4
530 705 41 4
531 573 39 7
533 552 11 2
533 600 34 6
534 667 45 9
536 898 30 4
536 1111 8 4
536 1170 6 6
538 694 20 6
539 784 8 4
540 541 28 7
540 542 45 9
540 543 35 6
540 544 16 9
540 545 30 4
540 546 31 8
540 547 20 5
540 548 14 4
540 592 35 9
540 614 35 5
540 702 29 1
540 725 18 2
540 726 15 3
540 757 8 4
540 812 36 10
540 863 32 8
540 905 23 3
540 991 48 10
540 1018 22 7
540 1085 16 8
540 1145 15 8
541 542 39 1
541 543 25 3
541 549 19 8
541 550 37 9
541 551 31 9
541 552 6 1
541 553 8 6
541 605 19 1
541 700 45 4
541 736 30 4
541 737 5 3
541 800 17 7
541 801 48 6
541 886 13 5
541 906 25 4
541 916 36 10
541 991 16 8
541 1000 2 6
541 1010 47 5
541 1075 39 2
541 1097 40 2
541 1180 27 9
541 1183 2 2
542 543 33 5
542 554 8 8
542 564 50 2
542 656 26 10
542 763 28 5
542 811 22 10
542 828 50 8
542 880 34 9
542 886 3 8
542 929 30 2
542 960 49 2
542 967 5 6
542 1018 24 1
542 1098 22 5
542 1147 26 8
543 555 39 1
543 556 40 1
543 557 34 3
543 558 6 8
543 559 28 1
543 560 40 10
543 591 32 3
543 662 32 6
543 831 4 10
543 862 1 7
543 880 19 10
543 916 38 9
543 931 18 10
543 960 35 6
543 967 11 7
543 980 4 5
543 981 38 8
543 1001 13 5
543 1010 50 10
543 1038 12 7
543 1041 34 8
543 1070 44 3
543 1076 24 5
543 1085 5 7
543 1116 34 7
543 1117 4 8
544 941 13 9
550 985 25 4
557 1186 3 8
559 664 16 1
559 723 21 6
560 561 33 4
560 562 6 9
560 563 18 8
560 564 2 1
560 565 43 1
560 566 41 10
560 567 15 8
560 568 28 4
560 569 19 6
560 570 40 4
560 660 43 8
560 701 8 5
560 801 22 5
560 960 47 6
560 980 15 6
560 1000 13 6
560 1086 49 3
560 1095 35 10
560 1117 40 6
561 562 33 6
561 563 29 7
561 564 24 2
561 565 2 4
561 571 41 3
561 811 21 10
561 886 18 1
561 916 40 9
561 1117 45 10
561 1181 46 3
562 563 25 1
562 564 25 6
562 565 13 9
562 572 46 9
562 573 37 6
562 574 50 5
562 590 13 3
562 608 46 5
562 735 39 8
562 812 27 9
562 830 35 10
562 863 19 9
562 931 17 8
562 1010 28 1
562 1085 9 1
562 1096 35 10
562 1144 5 9
562 1146 35 9
562 1181 39 8
563 564 39 9
563 565 22 5
563 575 31 9
563 576 26 3
563 577 50 10
563 578 5 5
563 579 29 7
563 580 47 6
563 581 30 1
563 582 5 3
563 655 24 2
563 704 24 4
563 737 17 9
563 756 26 5
563 880 34 4
563 905 44 3
563 915 40 10
563 991 33 5
563 1000 42 2
563 1017 13 5
563 1040 25 6
563 1070 32 1
563 1075 24 9
563 1076 31 4
564 565 44 1
564 583 49 1
564 726 13 7
564 758 27 8
564 800 43 9
564 862 46 10
564 880 36 8
564 905 48 4
564 960 45 9
564 981 20 1
564 1010 23 6
564 1015 24 3
564 1040 14 1
565 584 32 2
565 585 34 7
565 586 2 9
565 587 6 1
565 588 39 3
565 589 5 9
565 591 33 7
565 605 18 4
565 726 30 2
565 827 46 2
565 929 44 6
565 965 41 8
565 967 13 5
565 990 50 10
570 619 2 4
576 497 16 5
577 997 45 5
578 776 23 9
578 903 48 10
579 1053 10 9
581 1172 34 5
583 803 6 3
586 600 5 10
586 937 7 10
587 962 1 3
587 1093 34 4
590 591 29 8
590 592 39 4
590 593 9 7
590 594 46 6
590 595 18 10
590 596 48 5
590 597 14 3
590 609 8 5
590 659 17 10
590 736 16 9
590 761 48 10
590 812 35 8
590 906 27 3
590 967 38 10
590 1010 41 10
590 1015 17 5
590 1016 48 2
590 1039 49 1
590 1070 50 3
590 1075 7 8
590 1086 10 2
590 1115 26 8
590 1117 33 6
590 1146 43 4
590 1180 30 9
591 592 12 5
591 598 39 4
591 599 22 7
591 600 46 8
591 609 32 8
591 700 31 2
591 702 16 7
591 800 19 1
591 826 50 6
591 830 19 8
591 880 29 8
591 886 20 4
591 887 9 4
591 980 24 5
591 990 23 7
591 991 42 6
591 1001 32 2
591 1075 6 7
591 1096 17 10
592 601 29 8
592 602 13 9
592 603 30 8
592 604 17 3
592 655 3 1
592 725 12 10
592 726 30 4
592 736 20 5
592 755 21 3
592 800 11 10
592 812 33 1
592 860 15 10
592 861 47 8
592 880 9 6
592 905 43 5
592 916 43 6
592 927 30 6
592 930 36 5
592 960 38 9
592 966 10 10
592 981 40 1
592 1010 20 1
592 1036 16 2
592 1070 37 6
592 1085 39 8
592 1097 24 7
592 1140 10 10
592 1182 13 1
594 637 35 8
599 824 1 7
600 953 14 1
605 606 39 2
605 607 23 5
605 608 15 2
605 609 31 3
605 610 48 1
605 611 5 10
605 612 9 9
605 613 13 10
605 614 36 4
605 615 24 5
605 616 9 8
605 617 11 1
605 618 17 9
605 619 25 9
605 755 46 2
605 830 42 9
605 885 10 7
605 916 40 10
605 929 12 5
605 965 40 6
606 607 8 1
606 608 17 6
606 609 9 8
606 610 46 8
606 611 36 6
606 612 33 7
606 613 40 2
606 614 17 9
606 620 4 2
606 660 48 3
606 701 18 9
606 726 35 4
606 980 41 6
606 981 34 1
606 1010 11 10
606 1086 11 9
606 1115 29 9
607 608 44 2
607 609 30 9
607 610 33 6
607 611 22 9
607 612 30 3
607 613 16 3
607 614 44 9
607 621 5 7
607 622 14 7
607 623 30 2
607 700 21 7
607 725 27 9
607 861 2 4
607 915 37 2
607 1001 44 2
607 1010 39 7
607 1075 10 9
608 609 12 4
608 610 36 9
608 611 27 9
608 612 7 1
608 613 40 3
608 614 2 1
608 624 44 9
608 760 27 5
608 906 42 1
608 925 14 4
608 1016 42 4
609 610 10 4
609 611 13 7
609 612 11 3
609 613 24 6
609 614 43 6
609 625 49 10
609 626 47 2
609 627 37 10
609 628 3 1
609 629 43 1
609 811 47 8
609 830 44 9
609 885 40 10
610 611 25 4
610 612 15 3
610 613 41 2
610 614 19 6
610 630 20 1
610 631 34 9
610 632 13 3
610 633 23 9
610 634 8 1
610 635 37 3
610 636 36 10
610 637 8 7
610 638 46 10
610 639 26 7
610 657 22 2
610 738 42 9
610 880 24 1
610 905 47 1
610 1076 30 4
610 1096 38 3
611 612 1 10
611 613 32 6
611 614 3 2
611 640 41 3
611 641 50 7
611 642 30 6
611 643 37 2
611 861 3 8
611 990 32 1
611 1001 21 3
611 1070 43 9
611 1086 31 7
611 1143 9 7
611 1144 19 7
611 1180 8 2
612 613 26 2
612 614 35 5
612 644 50 10
612 645 36 8
612 646 26 5
612 736 44 2
612 801 42 2
612 960 46 8
612 1040 11 4
612 1095 50 4
612 1181 12 8
613 614 24 3
613 647 41 3
613 648 28 6
613 649 18 5
613 650 16 4
613 651 45 9
613 801 15 6
613 810 45 7
613 990 35 10
613 1018 31 3
613 1039 17 8
613 1115 42 10
614 652 1 3
614 653 17 8
614 654 32 5
614 880 41 3
614 966 41 1
614 1070 22 3
615 1063 7 5
615 1104 45 6
616 851 2 10
621 921 16 5
629 731 34 2
629 1188 4 7
630 1127 47 2
631 942 24 2
634 698 10 10
636 957 23 1
638 1088 20 6
643 677 9 6
644 686 5 9
644 1013 22 6
651 1030 12 9
652 877 47 6
655 656 15 9
655 657 7 10
655 658 45 10
655 659 16 3
655 660 38 5
655 661 12 7
655 662 46 5
655 663 19 1
655 664 10 5
655 665 22 1
655 666 50 7
655 667 44 10
655 763 45 7
655 800 46 3
655 915 22 2
655 1076 35 4
655 1181 24 5
656 657 17 6
656 658 18 4
656 659 27 8
656 660 9 6
656 661 13 8
656 662 15 9
656 663 49 3
656 668 30 1
656 669 31 2
656 670 4 2
656 671 29 8
656 672 12 9
656 673 37 2
656 674 4 2
656 725 45 7
656 826 19 5
656 916 21 8
656 980 34 1
656 1010 40 3
656 1017 34 2
656 1086 13 8
656 1117 16 3
657 658 34 5
657 659 26 2
657 660 50 7
657 661 25 6
657 662 44 9
657 663 41 5
657 675 13 1
657 704 30 10
657 880 2 7
657 887 26 7
657 960 22 8
657 1038 17 10
657 1070 42 6
658 659 10 4
658 660 34 5
658 661 22 4
658 662 2 9
658 663 17 10
658 676 49 2
658 677 29 6
658 678 42 3
658 812 21 10
658 906 29 3
658 1000 17 5
658 1070 32 6
658 1119 45 10
658 1143 42 7
659 660 8 10
659 661 15 3
659 662 42 7
659 663 23 8
659 679 28 9
659 680 9 9
659 681 22 1
659 703 34 4
659 736 14 7
659 960 40 2
659 1086 26 10
659 1147 8 5
660 661 24 1
660 662 13 7
660 663 26 1
660 682 15 10
660 683 35 4
660 684 17 2
660 726 22 8
660 735 34 3
660 828 46 1
660 965 35 2
660 1018 8 1
660 1095 12 7
661 662 26 8
661 663 33 7
661 685 35 5
661 686 35 10
661 687 6 9
661 688 19 5
661 689 25 10
661 906 16 7
661 931 49 3
661 967 49 5
661 991 26 2
661 1001 22 7
662 663 29 8
662 690 22 4
662 691 12 4
662 692 35 6
662 693 4 8
662 694 17 6
662 695 47 9
662 696 36 8
662 811 33 8
662 862 12 9
662 880 16 6
662 887 37 2
662 927 40 1
662 1010 11 4
662 1035 5 10
663 697 22 9
663 698 16 7
663 699 6 6
663 762 48 7
663 800 28 1
663 860 33 4
663 990 33 7
663 1076 40 5
666 805 27 10
668 672 10 2
668 1048 43 7
670 923 31 2
672 911 31 9
674 710 26 8
674 1061 48 8
679 1198 24 7
680 690 26 8
680 901 9 10
680 1034 50 4
680 1170 7 5
681 806 17 9
683 743 17 4
683 936 36 8
683 1164 46 7
689 868 29 5
689 937 15 2
689 1060 8 6
690 954 2 1
693 734 4 10
698 1135 13 10
700 701 22 8
700 702 25 5
700 703 4 7
700 704 8 9
700 705 50 3
700 706 23 3
700 707 50 5
700 708 8 8
700 726 20 5
700 760 27 7
700 905 24 3
700 915 11 8
700 930 27 3
700 980 47 1
700 991 40 6
700 1018 6 8
700 1039 12 7
700 1085 35 7
700 1095 28 10
700 1140 27 8
700 1182 29 4
701 702 47 1
701 703 13 8
701 704 45 2
701 709 29 8
701 825 17 6
701 880 29 5
701 885 37 4
701 887 34 5
701 905 35 5
701 1001 6 9
701 1010 22 1
701 1085 23 6
701 1098 19 5
701 1116 10 9
701 1141 22 6
701 1181 3 10
702 703 36 3
702 704 21 2
702 710 29 2
702 711 43 6
702 712 25 8
702 737 1 7
702 800 7 7
702 916 21 4
702 960 45 10
702 967 27 9
702 1076 25 10
702 1117 4 3
703 704 42 10
703 713 42 7
703 714 1 3
703 715 22 4
703 716 33 2
703 717 15 9
703 718 2 8
703 757 46 9
703 800 48 7
703 812 18 4
703 825 37 6
703 860 10 1
703 861 8 5
703 880 14 4
703 925 12 6
703 990 50 3
703 1000 43 5
703 1037 22 10
703 1070 11 10
703 1075 34 3
704 719 36 3
704 720 24 7
704 721 35 5
704 722 6 5
704 723 23 5
704 724 26 2
704 726 22 7
704 735 11 3
704 811 22 8
704 960 1 5
704 967 9 1
704 980 45 9
704 1010 34 8
704 1017 44 7
704 1070 41 5
705 714 20 3
707 943 12 3
708 1056 24 6
708 1196 48 2
709 819 13 5
710 1088 44 7
710 1134 19 9
713 775 3 6
714 842 33 2
719 957 37 1
720 986 12 9
720 1158 25 8
725 726 39 2
725 727 28 9
725 728 37 7
725 729 8 1
725 730 45 4
725 736 10 8
725 811 46 7
725 826 4 3
725 905 10 7
725 906 29 9
725 967 11 3
725 981 27 5
725 1001 26 7
725 1010 43 5
725 1017 8 7
725 1070 23 3
725 1076 33 10
725 1086 33 4
725 1118 14 6
725 1119 11 8
725 1142 45 3
725 1181 48 9
726 731 34 7
726 732 25 3
726 733 5 10
726 734 23 10
726 735 22 1
726 761 15 3
726 762 50 9
726 800 22 9
726 801 34 3
726 810 3 9
726 825 15 7
726 860 29 2
726 863 15 10
726 880 25 5
726 885 30 4
726 886 22 9
726 915 34 5
726 916 49 2
726 925 17 10
726 928 47 5
726 960 18 9
726 966 50 10
726 980 6 5
726 990 27 2
726 1001 33 2
726 1010 31 5
726 1016 40 5
726 1037 11 1
726 1039 34 8
726 1070 44 5
726 1076 5 9
726 1098 31 5
726 1183 13 4
728 1177 14 5
730 805 22 8
732 1164 40 5
733 921 25 9
735 736 24 5
735 737 9 8
735 738 30 7
735 739 11 1
735 740 30 1
735 800 34 6
735 812 37 2
735 827 39 6
735 885 45 8
735 888 43 1
735 906 18 8
735 930 41 7
735 991 1 1
735 1001 32 5
735 1010 15 9
735 1038 7 7
735 1070 7 6
735 1076 24 9
735 1097 48 2
735 1140 19 4
736 737 48 5
736 738 1 3
736 741 16 6
736 742 31 7
736 743 9 3
736 744 40 8
736 745 32 10
736 746 47 3
736 747 33 1
736 826 32 7
736 960 8 5
736 965 45 7
736 966 41 1
736 981 12 4
736 990 14 8
736 1016 10 7
736 1085 13 2
736 1096 40 3
736 1116 13 3
736 1142 29 2
737 738 49 10
737 748 21 2
737 749 20 10
737 750 9 7
737 751 19 5
737 758 27 8
737 811 23 1
737 861 40 4
737 880 15 3
737 980 12 6
737 1000 39 8
737 1010 48 10
737 1018 27 8
737 1070 25 2
737 1076 7 8
737 1183 28 5
738 752 14 2
738 753 7 2
738 754 31 7
738 755 48 1
738 801 26 10
738 862 5 1
738 880 17 10
738 906 28 1
738 915 10 10
738 916 6 9
738 929 23 7
738 960 1 1
738 1036 4 5
738 1086 37 4
738 1181 18 3
739 938 37 3
742 820 28 10
743 1176 23 9
748 1080 38 7
750 834 7 7
752 973 2 1
755 561 13 1
755 756 27 9
755 757 15 6
755 758 4 6
755 759 5 7
755 760 12 2
755 761 50 2
755 762 10 2
755 763 32 2
755 764 47 6
755 765 17 2
756 757 1 2
756 758 4 6
756 759 43 7
756 760 26 5
756 761 17 10
756 762 29 10
756 763 48 5
756 766 29 8
756 767 34 3
756 768 35 6
756 769 32 4
756 770 42 4
756 812 25 7
756 930 15 2
756 991 10 1
756 1000 17 9
756 1040 19 9
756 1070 13 3
756 1086 16 3
756 1118 25 6
757 758 48 6
757 759 5 3
757 760 10 5
757 761 39 3
757 762 5 6
757 763 5 4
757 771 43 4
757 772 36 10
757 773 29 8
757 830 40 2
757 905 45 8
757 915 22 7
757 965 46 2
757 981 13 8
757 1098 7 8
757 1183 10 5
758 759 1 2
758 760 20 8
758 761 19 6
758 762 49 7
758 763 14 5
758 774 16 1
758 775 22 2
758 960 32 4
758 1075 45 7
758 1097 31 10
759 760 22 2
759 761 40 3
759 762 32 8
759 763 19 5
759 776 35 5
759 777 32 5
759 778 5 10
759 779 35 9
759 780 5 5
759 781 40 3
759 782 49 4
759 930 2 7
759 980 3 1
759 1010 34 4
759 1035 1 10
760 761 42 7
760 762 19 10
760 763 8 10
760 783 15 7
760 784 35 5
760 785 43 6
760 786 37 7
760 787 2 4
760 788 40 2
760 789 40 4
760 790 12 10
760 827 44 1
760 966 42 10
760 1010 20 3
760 1143 42 2
761 762 31 2
761 763 13 9
761 791 14 8
761 792 13 6
761 793 20 1
761 794 22 6
761 801 29 1
761 863 42 2
761 885 4 5
761 1018 37 6
761 1145 46 2
762 763 22 1
762 795 32 6
762 796 45 6
762 797 41 5
762 810 50 2
762 863 39 8
762 880 43 8
762 887 24 8
762 915 38 7
762 990 27 4
762 1001 37 1
762 1016 42 8
762 1076 16 7
762 1085 33 6
762 1119 24 1
763 798 5 6
763 799 45 4
763 880 29 3
763 906 18 4
763 960 16 1
763 1183 45 8
765 1054 50 4
766 1033 50 1
770 1078 23 7
774 977 32 3
776 809 19 9
776 952 14 7
780 1062 26 7
783 955 17 5
788 799 2 6
795 836 5 1
795 923 23 7
800 801 17 8
800 802 44 7
800 803 21 10
800 804 37 7
800 812 38 7
800 830 26 7
800 861 44 5
800 862 14 8
800 880 21 2
800 886 14 3
800 888 20 9
800 906 33 6
800 926 3 3
800 930 9 8
800 960 31 2
800 966 31 5
800 981 49 8
800 990 30 3
800 1000 16 1
800 1010 50 10
800 1016 12 6
800 1018 48 3
800 1035 10 4
800 1041 18 6
800 1070 13 5
800 1076 46 1
800 1086 12 3
800 1095 30 6
800 1182 32 5
801 805 15 10
801 806 31 2
801 807 10 9
801 808 46 6
801 809 41 2
801 812 49 4
801 826 4 2
801 915 4 7
801 916 39 3
801 966 5 10
801 981 9 9
801 1001 28 7
801 1010 42 1
801 1070 27 6
801 1075 31 8
801 1086 23 5
801 1097 30 2
801 1116 14 10
801 1141 39 10
801 1147 40 10
801 1181 36 9
804 1159 24 3
810 811 17 1
810 812 18 6
810 813 50 9
810 814 34 8
810 815 10 8
810 816 46 2
810 880 36 2
810 905 23 8
810 916 40 1
810 925 19 2
810 960 13 1
810 991 2 8
810 1001 45 3
810 1070 13 5
810 1085 3 5
810 1095 8 7
810 1118 22 8
810 1143 20 3
810 1183 14 10
811 812 3 4
811 817 34 9
811 818 11 2
811 819 5 10
811 829 26 10
811 861 31 1
811 888 1 7
811 905 39 1
811 915 16 1
811 966 24 8
811 967 46 9
811 980 36 9
811 981 42 3
811 1038 30 1
811 1076 37 9
811 1086 46 7
811 1095 34 7
812 820 49 7
812 821 46 8
812 822 47 4
812 823 12 3
812 824 18 4
812 827 4 2
812 862 12 3
812 880 38 7
812 886 50 5
812 929 29 10
812 991 20 7
812 1000 38 3
812 1010 29 9
812 1015 3 2
812 1018 44 1
812 1035 36 1
812 1076 20 6
812 1116 18 8
812 1146 31 9
812 1181 16 6
813 1176 27 5
820 1084 17 9
823 843 13 3
823 1052 21 1
825 826 1 6
825 827 27 3
825 828 13 3
825 829 21 5
825 830 24 1
825 831 16 9
825 832 39 5
825 833 21 2
825 834 39 1
825 835 27 5
825 836 50 2
825 837 12 4
825 960 44 7
825 1015 48 5
825 1086 16 3
825 1182 1 2
826 827 6 3
826 828 28 1
826 829 28 7
826 830 1 4
826 831 6 7
826 838 32 5
826 839 49 6
826 840 24 7
826 841 41 3
826 842 44 3
826 906 13 8
826 916 37 2
826 926 30 7
826 965 37 2
826 990 33 6
826 1076 45 9
826 1183 49 6
827 828 23 1
827 829 40 4
827 830 27 4
827 831 15 2
827 843 39 2
827 844 16 8
827 845 17 2
827 905 16 2
827 965 23 1
827 1117 40 1
827 1141 38 1
828 829 13 2
828 830 24 6
828 831 5 8
828 846 48 2
828 847 48 6
828 848 1 3
828 880 26 2
828 888 39 3
828 981 46 4
828 1010 5 10
828 1040 46 5
828 1070 41 2
828 1075 14 9
828 1097 12 7
828 1116 23 5
828 1141 49 10
829 830 37 6
829 831 10 9
829 849 8 5
829 850 47 1
829 851 30 3
829 852 37 6
829 853 23 7
829 854 36 2
829 931 4 8
829 990 28 7
829 1037 24 8
829 1096 40 1
830 831 1 2
830 855 22 7
830 856 21 1
830 857 6 4
830 858 35 8
830 860 32 10
830 880 20 8
830 916 10 5
830 960 47 1
830 1000 25 1
830 1001 3 6
831 859 25 8
831 860 1 8
831 888 21 4
831 980 7 3
831 1010 26 8
831 1018 34 4
834 836 5 10
840 877 43 9
840 892 5 9
842 936 18 6
842 1100 26 8
844 1148 13 9
846 1176 22 3
847 932 12 7
849 1099 34 9
849 1120 40 9
851 1033 44 4
852 1153 34 5
860 861 29 8
860 862 46 5
860 863 25 9
860 864 45 2
860 865 18 6
860 866 32 3
860 867 32 7
860 868 35 9
860 880 46 7
860 885 26 4
860 888 43 8
860 905 27 3
860 915 4 4
860 926 31 2
860 1010 22 1
860 1016 26 5
860 1070 42 7
860 1086 16 9
860 1181 45 4
861 862 39 10
861 863 29 7
861 869 2 10
861 870 39 6
861 871 31 3
861 906 39 2
861 965 6 8
861 990 39 5
861 1000 33 1
861 1001 4 9
861 1017 29 4
861 1035 44 8
861 1036 48 4
861 1096 21 7
861 1118 11 8
861 1183 24 9
862 863 12 2
862 872 15 3
862 873 7 1
862 874 43 8
862 960 40 9
862 1085 22 8
862 1097 9 3
862 1115 42 6
862 1147 33 4
863 875 4 3
863 876 45 3
863 877 11 6
863 878 45 8
863 879 29 7
863 880 3 3
863 916 31 7
863 927 2 5
863 960 17 4
863 980 41 3
863 1075 20 5
863 1143 38 4
866 1048 43 2
873 904 29 8
879 1120 21 1
880 881 40 3
880 882 13 9
880 883 21 7
880 884 19 5
880 887 23 7
880 888 23 3
880 905 37 10
880 915 46 1
880 930 17 3
880 960 9 5
880 966 15 4
880 967 4 5
880 980 5 10
880 981 46 1
880 991 45 8
880 1000 13 5
880 1010 42 3
880 1016 5 9
880 1017 2 6
880 1035 16 8
880 1036 48 4
880 1070 35 9
880 1075 36 4
880 1085 9 8
880 1086 14 4
880 1098 49 2
880 1119 40 9
880 1141 28 8
880 1145 31 8
880 1182 42 7
885 886 11 7
885 887 7 8
885 888 45 3
885 889 22 8
885 890 22 5
885 891 28 6
885 906 20 1
885 916 41 3
885 960 49 10
885 1000 24 8
885 1016 8 2
885 1038 29 9
885 1039 9 9
885 1070 9 10
885 1075 39 5
885 1086 18 6
886 887 25 4
886 888 33 7
886 892 5 4
886 893 27 8
886 894 15 4
886 895 20 2
886 896 37 9
886 897 16 4
886 906 44 1
886 928 36 1
886 931 14 2
886 991 9 4
886 1017 43 6
886 1070 40 9
886 1119 42 8
886 1182 40 8
887 888 22 9
887 898 49 7
887 899 49 1
887 960 27 10
887 965 2 5
887 980 41 5
887 1075 26 7
887 1086 40 2
887 1095 11 9
887 1140 46 1
887 1142 10 7
887 1181 37 4
888 900 5 9
888 901 23 7
888 902 18 8
888 903 42 7
888 904 22 1
888 915 30 9
888 967 38 1
888 981 24 6
888 991 28 8
888 1000 13 8
888 1010 47 10
888 1096 2 2
888 1117 37 10
890 945 21 4
892 1193 8 8
895 1084 8 3
896 1033 4 5
904 951 36 2
905 906 21 7
905 907 2 8
905 908 30 9
905 916 5 10
905 928 34 3
905 960 21 5
905 966 38 5
905 967 42 7
905 980 12 6
905 1001 21 6
905 1010 23 4
905 1018 15 5
905 1039 1 9
905 1040 27 5
905 1070 41 5
905 1098 41 7
905 1118 25 4
905 1141 29 6
905 1144 16 10
905 1180 22 3
905 1183 22 1
906 909 46 1
906 910 28 7
906 911 44 4
906 912 32 1
906 913 13 4
906 914 49 9
906 927 2 6
906 960 39 9
906 980 26 1
906 991 49 9
906 1001 25 7
906 1010 2 3
906 1018 39 5
906 1075 8 7
906 1085 25 10
906 1086 36 10
906 1098 26 1
906 1116 40 10
908 1111 32 1
912 982 32 4
913 999 1 10
915 916 8 9
915 917 44 1
915 918 38 1
915 919 31 8
915 920 33 2
915 921 32 8
915 922 9 9
915 925 18 7
915 960 16 2
915 965 40 8
915 991 1 8
915 1001 7 1
915 1010 36 9
915 1015 26 6
915 1039 31 2
915 1041 28 10
915 1070 2 6
915 1086 35 2
915 1097 24 6
915 1115 21 6
915 1142 40 3
915 1144 23 3
915 1183 31 6
916 923 39 9
916 924 45 7
916 960 13 6
916 967 7 4
916 981 6 10
916 990 32 10
916 1000 7 10
916 1017 5 4
916 1070 35 4
916 1075 13 2
916 1086 32 4
916 1097 18 9
916 1119 47 10
916 1182 21 8
919 1007 17 4
925 926 36 5
925 927 6 9
925 928 49 5
925 929 3 2
925 930 1 5
925 931 15 1
925 932 26 9
925 1018 27 3
925 1070 26 6
925 1086 33 6
925 1119 49 5
925 1181 17 3
926 927 38 7
926 928 34 9
926 929 44 6
926 930 20 6
926 931 24 3
926 933 41 3
926 934 10 8
926 935 5 5
926 936 38 3
926 937 6 4
926 938 37 3
926 965 29 8
926 966 14 4
926 1076 4 7
926 1085 22 9
927 928 28 9
927 929 26 1
927 930 14 4
927 931 45 3
927 939 21 6
927 940 29 9
927 941 33 7
927 1039 48 4
927 1115 12 10
927 1143 24 10
928 929 28 6
928 930 26 9
928 931 27 6
928 942 33 2
928 943 20 3
928 944 41 10
928 945 49 6
928 991 36 2
928 1010 34 4
928 1097 38 10
928 1180 37 9
929 930 7 5
929 931 9 10
929 946 1 9
929 947 22 3
929 948 48 10
929 949 49 6
929 950 6 8
929 960 15 2
929 980 24 2
929 1001 4 2
929 1018 44 2
929 1038 24 9
929 1098 6 8
929 1145 47 2
930 931 10 5
930 951 43 4
930 952 24 8
930 953 10 8
930 954 12 1
930 955 26 5
930 980 26 1
930 990 30 5
931 956 1 6
931 957 35 2
931 958 6 3
931 959 2 4
931 960 36 10
931 1010 18 7
931 1070 10 10
931 1076 9 8
936 1136 18 9
938 1092 8 10
941 1063 3 5
945 1064 40 4
954 1054 9 9
960 961 38 5
960 962 25 8
960 963 38 5
960 964 37 5
960 965 10 9
960 966 26 10
960 980 14 4
960 990 14 6
960 991 50 4
960 1000 38 2
960 1001 38 1
960 1010 7 9
960 1015 21 4
960 1016 18 3
960 1037 27 8
960 1038 7 6
960 1070 32 7
960 1075 16 7
960 1076 34 9
960 1085 13 2
960 1097 46 8
960 1098 36 5
960 1116 19 1
960 1117 46 5
960 1144 9 10
960 1147 21 6
960 1182 11 2
960 1183 18 5
961 1128 47 6
962 1060 32 8
962 1159 36 7
965 966 46 8
965 967 9 4
965 968 3 9
965 969 43 7
965 970 6 9
965 971 22 4
965 972 6 7
965 973 25 4
965 974 23 5
965 981 27 6
965 1000 20 8
965 1018 21 6
965 1035 9 2
965 1070 29 8
965 1086 24 7
965 1116 28 10
966 967 40 10
966 975 38 9
966 976 28 2
966 977 39 6
966 990 15 10
966 1001 24 8
966 1041 29 9
966 1075 19 4
966 1086 7 2
966 1097 39 8
966 1098 44 2
966 1115 50 5
966 1145 36 9
967 978 11 6
967 979 42 6
967 981 44 3
967 990 11 1
967 1010 34 8
967 1018 34 6
967 1070 46 8
967 1075 48 7
967 1147 20 3
967 1183 19 5
972 1067 14 4
980 981 33 6
980 982 36 5
980 983 2 10
980 984 40 3
980 990 13 6
980 1001 36 7
980 1010 6 9
980 1016 43 6
980 1070 21 6
980 1076 1 1
980 1085 1 2
980 1095 15 8
980 1119 10 6
980 1140 39 9
980 1147 42 2
981 985 46 8
981 986 50 1
981 987 26 10
981 988 4 9
981 989 30 4
981 991 2 8
981 1000 28 4
981 1015 6 9
981 1035 49 10
981 1040 36 4
981 1075 22 6
981 1086 43 2
981 1095 26 3
981 1115 6 1
981 1182 15 3
981 1183 24 2
990 991 17 10
990 992 17 1
990 993 14 9
990 994 38 10
990 1001 29 3
990 1010 7 3
990 1015 27 4
990 1017 43 7
990 1097 36 5
990 1144 41 7
990 1147 38 9
991 995 4 3
991 996 2 7
991 997 8 3
991 998 24 5
991 999 16 5
991 1000 9 6
991 1010 15 1
991 1039 35 4
991 1040 24 8
991 1070 42 6
991 1075 6 2
991 1076 12 4
991 1085 17 6
991 1086 48 3
991 1098 3 4
991 1116 6 9
991 1119 1 7
991 1180 47 7
991 1182 40 1
994 1190 24 7
1000 1001 23 9
1000 1002 31 3
1000 1003 47 7
1000 1004 32 7
1000 1005 3 7
1000 1006 19 7
1000 1007 42 2
1000 1010 27 4
1000 1016 11 10
1000 1018 40 8
1000 1038 13 7
1000 1041 19 3
1000 1070 26 4
1000 1075 38 5
1000 1098 45 6
1000 1118 49 7
1000 1144 6 3
1001 1008 33 9
1001 1009 42 10
1001 1070 30 7
1001 1075 12 5
1001 1085 23 1
1001 1086 3 4
1001 1098 11 1
1001 1117 33 4
1001 1147 46 8
1001 1182 48 9
1003 1020 23 7
1004 1110 16 9
1005 1063 32 2
1006 1013 50 10
1008 1158 40 1
1010 1011 1 6
1010 1012 4 6
1010 1013 8 9
1010 1014 11 9
1010 1015 48 4
1010 1016 47 1
1010 1037 36 3
1010 1041 41 10
1010 1070 41 4
1010 1075 35 4
1010 1076 26 7
1010 1085 22 9
1010 1097 38 6
1010 1116 19 9
1010 1117 34 5
1010 1141 29 1
1010 1146 18 5
1010 1181 22 8
1010 1183 40 9
1012 1161 45 4
1014 1175 35 9
1015 1016 35 9
1015 1017 46 9
1015 1018 16 9
1015 1019 18 1
1015 1020 48 4
1015 1021 13 4
1015 1096 12 5
1015 1118 50 8
1015 1181 10 10
1016 1017 16 7
1016 1018 49 2
1016 1022 29 3
1016 1023 17 8
1016 1024 4 5
1016 1036 28 8
1016 1076 28 7
1016 1085 8 6
1016 1147 38 2
1016 1180 25 8
1017 1018 6 2
1017 1025 41 8
1017 1026 48 4
1017 1027 42 3
1017 1028 21 9
1017 1029 44 9
1017 1030 17 6
1017 1070 34 6
1017 1086 29 6
1017 1096 45 7
1017 1115 40 4
1017 1146 50 5
1018 1031 3 7
1018 1032 25 1
1018 1033 45 3
1018 1034 41 10
1018 1040 20 1
1018 1070 35 5
1018 1076 15 9
1024 1073 9 8
1025 1100 6 2
1028 1138 13 4
1030 1059 47 8
1035 1036 29 10
1035 1037 33 9
1035 1038 44 6
1035 1039 26 2
1035 1040 7 3
1035 1041 47 2
1035 1042 30 1
1035 1043 13 6
1035 1044 36 10
1035 1076 28 9
1035 1118 3 10
1035 1182 16 10
1036 1037 27 5
1036 1038 14 1
1036 1039 35 6
1036 1040 14 8
1036 1041 3 7
1036 1045 30 8
1036 1046 8 8
1036 1047 4 4
1036 1048 46 4
1036 1075 24 3
1036 1086 13 7
1037 1038 12 6
1037 1039 48 9
1037 1040 40 4
1037 1041 32 9
1037 1049 23 9
1037 1050 16 6
1037 1051 1 10
1037 1052 31 10
1037 1053 49 5
1037 1054 12 2
1037 1070 20 1
1037 1096 32 5
1037 1098 21 5
1037 1144 20 1
1038 1039 18 9
1038 1040 22 2
1038 1041 17 3
1038 1055 50 10
1039 1040 17 9
1039 1041 8 10
1039 1056 10 7
1039 1057 33 7
1039 1058 21 2
1039 1059 49 8
1039 1086 20 3
1039 1119 1 5
1040 1041 41 2
1040 1060 15 1
1040 1061 12 9
1040 1062 29 10
1040 1143 18 2
1041 1063 49 5
1041 1064 9 8
1041 1065 19 6
1041 1066 33 6
1041 1067 32 4
1041 1068 20 9
1041 1069 25 9
1041 1070 24 7
1041 1181 26 6
1046 1128 40 1
1053 1159 3 5
1055 1124 5 4
1070 1071 11 6
1070 1072 47 10
1070 1073 49 3
1070 1074 42 1
1070 1075 47 5
1070 1085 19 6
1070 1086 29 8
1070 1095 13 9
1070 1116 32 4
1070 1119 48 5
1070 1141 34 6
1070 1144 23 5
1070 1181 46 7
1070 1182 39 8
1071 1110 40 4
1071 1121 4 1
1074 1177 50 4
1074 1187 2 6
1075 1076 50 3
1075 1077 19 8
1075 1078 19 1
1075 1079 16 3
1075 1080 15 8
1075 1081 15 4
1075 1085 28 9
1075 1086 20 8
1075 1095 45 7
1075 1097 45 1
1075 1116 13 7
1075 1117 42 10
1075 1145 32 2
1075 1147 43 3
1075 1183 27 10
1076 1082 35 9
1076 1083 10 10
1076 1084 30 2
1076 1182 14 10
1085 1086 12 1
1085 1087 34 3
1085 1088 5 1
1085 1089 26 7
1085 1090 44 5
1085 1095 20 3
1085 1140 7 4
1085 1183 43 7
1086 1091 32 4
1086 1092 30 4
1086 1093 1 2
1086 1094 12 2
1086 1097 11 2
1086 1115 33 1
1086 1118 29 7
1086 1141 26 10
1086 1183 43 9
1095 1096 5 6
1095 1097 45 9
1095 1098 35 7
1095 1099 30 10
1095 1100 15 5
1095 1119 30 3
1096 1097 43 3
1096 1098 39 10
1096 1101 48 9
1096 1102 10 5
1097 1098 42 5
1097 1103 11 9
1097 1104 8 8
1097 1105 36 6
1097 1106 7 9
1097 1107 16 4
1097 1108 9 1
1097 1142 37 7
1097 1144 10 6
1097 1180 3 5
1097 1181 13 7
1098 1109 30 8
1098 1110 11 5
1098 1111 27 4
1098 1112 7 6
1098 1113 27 5
1098 1114 4 2
1098 1116 49 3
1110 1111 41 7
1111 1120 35 4
1115 1116 36 4
1115 1117 12 7
1115 1118 15 7
1115 1119 38 7
1115 1120 15 9
1115 1121 13 3
1115 1122 23 2
1115 1123 3 5
1115 1124 9 10
1115 1181 10 7
1116 1117 10 7
1116 1118 4 7
1116 1119 8 1
1116 1125 7 7
1116 1126 9 2
1116 1127 35 8
1116 1128 29 3
1116 1129 19 1
1117 1118 18 5
1117 1119 36 9
1117 1130 35 7
1117 1131 27 6
1117 1132 16 10
1117 1133 8 1
1117 1134 25 9
1117 1182 19 8
1118 1119 39 2
1118 1135 43 6
1118 1136 16 3
1118 1137 35 5
1118 1138 30 3
1118 1140 12 3
1119 1139 15 2
1119 1147 22 2
1132 1160 32 7
1140 1141 3 6
1140 1142 27 7
1140 1143 13 5
1140 1144 24 9
1140 1145 6 2
1140 1146 32 10
1140 1147 4 4
1140 1148 2 8
1140 1149 37 7
1140 1150 31 4
1141 1142 43 4
1141 1143 23 5
1141 1144 30 9
1141 1145 36 9
1141 1146 23 2
1141 1147 25 9
1141 1151 28 8
1141 1152 21 5
1141 1153 8 8
1141 1154 13 6
1141 1155 13 7
1142 1143 36 5
1142 1144 31 2
1142 1145 27 6
1142 1146 1 6
1142 1147 3 2
1142 1156 33 3
1142 1157 4 5
1142 1158 38 4
1142 1159 6 5
1142 1181 22 9
1143 1144 6 2
1143 1145 37 5
1143 1146 10 8
1143 1147 32 2
1143 1160 39 1
1144 1145 37 9
1144 1146 27 10
1144 1147 23 7
1144 1161 29 5
1144 1162 24 8
1144 1163 22 5
1144 1164 9 5
1144 1165 30 8
1144 1166 22 1
1144 1167 4 3
1145 1146 13 5
1145 1147 41 4
1145 1168 26 6
1145 1169 13 10
1145 1170 28 3
1145 1171 47 2
1145 1172 34 1
1146 1147 15 6
1146 1173 30 10
1146 1174 36 9
1146 1175 45 1
1146 1176 27 9
1146 1181 43 1
1147 1177 35 7
1147 1178 41 3
1147 1179 13 4
1180 1181 32 8
1180 1182 14 7
1180 1183 26 7
1180 1184 30 7
1180 1185 48 7
1180 1186 40 1
1180 1187 4 3
1180 1188 26 5
1180 1189 14 5
1180 1190 26 10
1181 1182 7 1
1181 1183 17 10
1181 1191 1 5
1181 1192 2 2
1181 1193 20 10
1182 1183 35 5
1182 1194 11 6
1183 1195 1 5
1183 1196 10 3
1183 1197 43 4
1183 1198 30 4
1183 1199 49 10

0 156 22
1 550 34
2 589 2
3 13 19
4 302 11
5 494 24
6 631 13
7 89 1
8 125 10
9 62 18
10 950 2
11 313 48
12 754 58
13 502 33
14 792 26
15 972 13
16 194 47
17 968 2
18 733 18
19 1063 63
20 509 75
21 25 11
22 983 1
23 6 15
24 732 22
25 410 34
26 594 77
27 891 9
28 802 47
29 468 20
30 788 26
31 140 13
32 823 15
33 402 7
34 452 18
35 1192 9
36 677 42
37 114 37
38 949 53
39 528 5
40 152 9
41 71 15
42 769 21
43 364 20
44 790 12
45 912 27
46 781 9
47 1171 30
48 940 10
49 1052 35
50 531 40
51 847 18
52 522 14
53 835 11
54 237 35
55 571 20
56 1112 3
57 1057 8
58 946 1
59 500 26
60 1078 15
61 492 36
62 159 15
63 768 19
64 493 24
65 270 4
66 1138 47
67 189 43
68 939 14
69 576 41
70 87 26
71 936 64
72 216 3
73 238 7
74 716 21
75 734 16
76 203 19
77 480 3
78 778 3
79 948 29
80 520 36
81 483 17
82 119 5
83 750 6
84 717 13
85 1066 31
86 674 42
87 269 11
88 799 17
89 1049 23
90 75 12
91 713 26
92 424 20
93 529 6
94 549 8
95 1089 18
96 526 11
97 1003 25
98 91 46
99 235 7
100 1023 11
101 126 6
102 654 12
103 339 9
104 705 33
105 712 14
106 602 32
107 1026 33
108 907 1
109 245 18
110 993 4
111 94 16
112 1045 7
113 49 18
114 559 29
115 1028 16
116 92 10
117 295 16
118 1073 29
119 1069 14
120 934 7
121 911 20
122 822 30
123 26 29
124 58 31
125 1084 24
126 60 104
127 651 30
128 334 9
129 380 4
130 683 31
131 681 10
132 336 28
133 1184 18
134 51 2
135 555 19
136 262 24
137 807 13
138 1137 22
139 343 71
140 995 8
141 544 50
142 1159 26
143 110 7
144 530 13
145 1054 45
146 865 10
147 570 23
148 603 17
149 579 17
150 293 2
151 637 12
152 358 5
153 225 32
154 569 12
155 1047 3
156 1009 11
157 708 36
158 1058 13
159 199 55
160 976 23
161 129 1
162 568 12
163 1152 17
164 586 5
165 1153 21
166 361 11
167 776 45
168 858 17
169 881 27
170 766 29
171 144 31
172 1004 22
173 1198 29
174 889 5
175 193 12
176 987 15
177 222 1
178 597 6
179 165 44
180 625 21
181 817 22
182 278 20
183 793 8
184 1128 89
185 596 19
186 27 41
187 622 10
188 1155 7
189 577 38
190 973 16
191 727 18
192 470 6
193 381 6
194 797 15
195 1051 1
196 331 33
197 525 20
198 814 36
199 484 18
200 287 19
201 401 35
202 1020 24
203 390 11
204 1072 23
205 556 27
206 341 6
207 31 37
208 698 20
209 250 10
210 314 10
211 1154 8
212 1011 1
213 472 20
214 959 1
215 292 45
216 42 27
217 644 30
218 808 23
219 633 12
220 1185 20
221 573 19
222 618 23
223 920 22
224 896 15
225 1188 22
226 819 8
227 999 5
228 217 64
229 600 32
230 746 41
231 884 10
232 918 55
233 688 5
234 552 12
235 752 26
236 149 10
237 469 8
238 533 38
239 10 37
240 150 2
241 490 14
242 186 20
243 54 23
244 263 11
245 153 2
246 1025 19
247 124 18
248 868 84
249 638 33
250 1022 18
251 668 37
252 1121 11
253 675 9
254 160 23
255 1174 20
256 1109 42
257 689 51
258 511 10
259 1007 32
260 173 1
261 1046 26
262 103 16
263 166 20
264 476 14
265 985 39
266 172 16
267 850 11
268 945 39
269 1134 18
270 254 38
271 767 22
272 643 13
273 1193 19
274 501 11
275 375 41
276 581 31
277 1179 26
278 795 33
279 267 6
280 665 6
281 1064 32
282 409 29
283 462 19
284 437 16
285 707 38
286 832 15
287 1151 15
288 593 4
289 12 4
290 791 7
291 154 20
292 464 20
293 553 18
294 1132 25
295 76 6
296 774 23
297 449 10
298 851 24
299 43 58
300 785 28
301 816 14
302 667 47
303 33 13
304 261 10
305 351 18
306 866 43
307 694 11
308 813 49
309 988 3
310 496 22
311 271 31
312 653 47
313 739 36
314 128 17
315 961 30
316 770 21
317 969 12
318 715 40
319 639 13
320 692 19
321 400 31
322 90 32
323 1162 14
324 818 7
325 220 28
326 1030 48
327 317 30
328 951 36
329 57 21
330 512 33
331 385 15
332 473 15
333 21 102
334 227 64
335 709 20
336 214 11
337 742 37
338 1110 61
339 1161 60
340 38 3
341 641 22
342 697 15
343 218 23
344 188 11
345 356 7
346 275 14
347 895 13
348 301 7
349 587 19
350 204 6
351 583 19
352 904 39
353 1160 44
354 873 20
355 504 3
356 598 11
357 1012 34
358 378 5
359 798 2
360 883 14
361 506 17
362 242 18
363 474 6
364 148 31
365 93 9
366 337 1
367 192 34
368 55 11
369 691 7
370 1077 10
371 872 10
372 647 22
373 427 68
374 413 21
375 1099 67
376 1195 14
377 406 22
378 1068 14
379 362 39
380 650 9
381 309 26
382 646 12
383 684 12
384 439 35
385 435 25
386 1123 2
387 342 5
388 405 32
389 195 41
390 244 54
391 947 11
392 399 58
393 379 20
394 664 8
395 438 74
396 1157 2
397 670 27
398 1178 9
399 5 10
400 368 50
401 779 8
402 321 4
403 376 62
404 407 11
405 882 38
406 445 1
407 604 11
408 942 34
409 1113 27
410 546 15
411 878 32
412 914 33
413 116 2
414 81 6
415 601 20
416 32 23
417 1167 3
418 1083 7
419 1186 26
420 558 4
421 303 5
422 1092 12
423 30 55
424 53 10
425 1169 5
426 102 12
427 745 18
428 243 46
429 264 56
430 804 33
431 1189 6
432 142 22
433 1006 16
434 252 32
435 499 26
436 686 20
437 843 31
438 151 25
439 85 9
440 671 33
441 844 10
442 106 24
443 666 19
444 649 25
445 161 40
446 111 13
447 77 26
448 491 19
449 809 22
450 1156 37
451 924 43
452 627 25
453 228 23
454 775 7
455 970 3
456 962 26
457 635 12
458 551 14
459 274 15
460 115 30
461 974 16
462 669 9
463 679 21
464 467 18
465 498 18
466 1042 15
467 632 27
468 557 21
469 1149 14
470 870 24
471 963 46
472 1114 2
473 786 47
474 854 21
475 1034 64
476 260 38
477 108 21
478 206 11
479 446 108

1 900000
