1200 5245 480 2

750

0 25 5000
1 50 10000
2 75 15000
3 100 20000
4 125 25000
5 150 30000
6 175 35000
7 200 40000
8 225 45000
9 250 50000

0 40000
1 40000
2 20000
3 30000
4 30000
5 40000
6 30000
7 20000
8 20000
9 30000
10 40000
11 30000
12 30000
13 30000
14 20000
15 40000
16 40000
17 20000
18 20000
19 30000
20 20000
21 40000
22 30000
23 30000
24 40000
25 20000
26 40000
27 40000
28 40000
29 5000
30 30000
31 40000
32 30000
33 20000
34 30000
35 30000
36 20000
37 40000
38 20000
39 30000
40 20000
41 30000
42 20000
43 20000
44 30000
45 40000
46 40000
47 20000
48 40000
49 40000
50 40000
51 30000
52 30000
53 20000
54 20000
55 30000
56 20000
57 30000
58 20000
59 40000
60 20000
61 40000
62 30000
63 40000
64 30000
65 30000
66 20000
67 20000
68 30000
69 30000
70 30000
71 40000
72 30000
73 20000
74 20000
75 40000
76 20000
77 30000
78 20000
79 30000
80 40000
81 20000
82 20000
83 40000
84 20000
85 30000
86 30000
87 30000
88 30000
89 40000
90 40000
91 5000
92 40000
93 20000
94 5000
95 40000
96 5000
97 20000
98 40000
99 30000
100 40000
101 40000
102 20000
103 30000
104 30000
105 40000
106 20000
107 20000
108 30000
109 30000
110 40000
111 20000
112 40000
113 40000
114 40000
115 20000
116 30000
117 30000
118 30000
119 30000
120 5000
121 30000
122 30000
123 30000
124 20000
125 40000
126 30000
127 20000
128 30000
129 20000
130 30000
131 30000
132 20000
133 30000
134 20000
135 40000
136 20000
137 40000
138 40000
139 20000
140 40000
141 30000
142 40000
143 20000
144 30000
145 40000
146 30000
147 20000
148 30000
149 30000
150 20000
151 5000
152 20000
153 30000
154 30000
155 20000
156 40000
157 5000
158 5000
159 30000
160 30000
161 30000
162 30000
163 20000
164 20000
165 40000
166 30000
167 20000
168 30000
169 30000
170 40000
171 40000
172 40000
173 40000
174 40000
175 40000
176 20000
177 30000
178 30000
179 20000
180 30000
181 20000
182 40000
183 40000
184 20000
185 30000
186 30000
187 30000
188 20000
189 40000
190 40000
191 40000
192 20000
193 30000
194 30000
195 30000
196 40000
197 30000
198 40000
199 30000
200 40000
201 40000
202 40000
203 30000
204 40000
205 40000
206 40000
207 40000
208 30000
209 30000
210 30000
211 30000
212 30000
213 20000
214 30000
215 20000
216 40000
217 30000
218 40000
219 40000
220 40000
221 40000
222 40000
223 40000
224 40000
225 20000
226 40000
227 40000
228 40000
229 30000
230 30000
231 20000
232 30000
233 20000
234 40000
235 30000
236 40000
237 30000
238 20000
239 20000
240 30000
241 40000
242 30000
243 30000
244 30000
245 30000
246 20000
247 30000
248 30000
249 30000
250 40000
251 30000
252 40000
253 40000
254 20000
255 30000
256 40000
257 40000
258 30000
259 30000
260 40000
261 30000
262 30000
263 30000
264 30000
265 40000
266 20000
267 20000
268 20000
269 30000
270 40000
271 30000
272 30000
273 30000
274 40000
275 5000
276 40000
277 5000
278 40000
279 40000
280 20000
281 5000
282 40000
283 40000
284 5000
285 40000
286 40000
287 40000
288 40000
289 40000
290 40000
291 30000
292 30000
293 30000
294 40000
295 30000
296 30000
297 20000
298 20000
299 20000
300 30000
301 30000
302 40000
303 30000
304 40000
305 30000
306 30000
307 20000
308 20000
309 30000
310 30000
311 30000
312 30000
313 30000
314 40000
315 40000
316 20000
317 30000
318 20000
319 30000
320 40000
321 40000
322 40000
323 40000
324 40000
325 30000
326 20000
327 20000
328 30000
329 30000
330 20000
331 30000
332 20000
333 20000
334 20000
335 30000
336 30000
337 30000
338 30000
339 30000
340 40000
341 30000
342 40000
343 30000
344 20000
345 40000
346 40000
347 30000
348 20000
349 30000
350 20000
351 30000
352 40000
353 30000
354 30000
355 40000
356 40000
357 40000
358 20000
359 40000
360 30000
361 20000
362 30000
363 20000
364 30000
365 40000
366 20000
367 30000
368 40000
369 40000
370 20000
371 40000
372 30000
373 5000
374 5000
375 40000
376 30000
377 30000
378 30000
379 40000
380 40000
381 20000
382 40000
383 20000
384 30000
385 30000
386 30000
387 30000
388 20000
389 20000
390 30000
391 30000
392 20000
393 20000
394 40000
395 40000
396 40000
397 40000
398 20000
399 40000
400 40000
401 20000
402 40000
403 20000
404 40000
405 20000
406 20000
407 20000
408 30000
409 30000
410 30000
411 20000
412 30000
413 20000
414 30000
415 30000
416 30000
417 30000
418 40000
419 20000
420 30000
421 20000
422 40000
423 40000
424 30000
425 20000
426 20000
427 5000
428 5000
429 40000
430 40000
431 40000
432 40000
433 40000
434 30000
435 40000
436 20000
437 20000
438 30000
439 20000
440 20000
441 30000
442 40000
443 30000
444 20000
445 40000
446 30000
447 40000
448 30000
449 30000
450 40000
451 40000
452 40000
453 40000
454 20000
455 30000
456 20000
457 30000
458 20000
459 20000
460 40000
461 30000
462 20000
463 40000
464 30000
465 30000
466 30000
467 40000
468 30000
469 20000
470 40000
471 40000
472 40000
473 20000
474 30000
475 30000
476 40000
477 30000
478 20000
479 30000
480 20000
481 30000
482 20000
483 40000
484 30000
485 20000
486 40000
487 40000
488 40000
489 5000
490 40000
491 20000
492 40000
493 20000
494 40000
495 40000
496 40000
497 30000
498 20000
499 40000
500 40000
501 40000
502 40000
503 30000
504 30000
505 30000
506 30000
507 5000
508 5000
509 40000
510 5000
511 5000
512 30000
513 30000
514 20000
515 30000
516 30000
517 40000
518 30000
519 30000
520 20000
521 40000
522 30000
523 30000
524 30000
525 40000
526 40000
527 20000
528 40000
529 40000
530 40000
531 40000
532 20000
533 30000
534 40000
535 30000
536 30000
537 30000
538 40000
539 20000
540 30000
541 40000
542 40000
543 40000
544 5000
545 5000
546 5000
547 40000
548 30000
549 20000
550 30000
551 30000
552 30000
553 30000
554 40000
555 40000
556 40000
557 40000
558 40000
559 20000
560 40000
561 30000
562 40000
563 40000
564 30000
565 20000
566 30000
567 30000
568 40000
569 20000
570 20000
571 30000
572 20000
573 30000
574 30000
575 30000
576 30000
577 30000
578 30000
579 40000
580 20000
581 40000
582 40000
583 5000
584 5000
585 40000
586 5000
587 5000
588 30000
589 30000
590 40000
591 40000
592 40000
593 40000
594 40000
595 40000
596 40000
597 40000
598 30000
599 30000
600 30000
601 40000
602 30000
603 20000
604 20000
605 30000
606 40000
607 30000
608 20000
609 30000
610 30000
611 20000
612 20000
613 30000
614 40000
615 30000
616 30000
617 30000
618 30000
619 30000
620 20000
621 40000
622 30000
623 30000
624 30000
625 30000
626 30000
627 40000
628 20000
629 40000
630 40000
631 40000
632 40000
633 40000
634 40000
635 20000
636 30000
637 40000
638 30000
639 20000
640 30000
641 20000
642 30000
643 40000
644 30000
645 20000
646 40000
647 30000
648 20000
649 40000
650 40000
651 20000
652 40000
653 40000
654 20000
655 40000
656 30000
657 40000
658 40000
659 5000
660 40000
661 40000
662 30000
663 30000
664 30000
665 30000
666 40000
667 40000
668 20000
669 30000
670 40000
671 40000
672 40000
673 40000
674 40000
675 20000
676 30000
677 20000
678 20000
679 30000
680 40000
681 30000
682 20000
683 20000
684 20000
685 30000
686 20000
687 30000
688 20000
689 40000
690 40000
691 20000
692 40000
693 40000
694 30000
695 40000
696 30000
697 40000
698 30000
699 5000
700 40000
701 40000
702 30000
703 30000
704 20000
705 20000
706 20000
707 30000
708 40000
709 20000
710 40000
711 40000
712 40000
713 40000
714 40000
715 40000
716 30000
717 30000
718 30000
719 40000
720 20000
721 30000
722 30000
723 30000
724 30000
725 20000
726 30000
727 20000
728 40000
729 40000
730 20000
731 30000
732 20000
733 30000
734 40000
735 40000
736 40000
737 40000
738 20000
739 20000
740 30000
741 40000
742 30000
743 30000
744 30000
745 20000
746 40000
747 30000
748 30000
749 30000
750 40000
751 30000
752 30000
753 30000
754 30000
755 5000
756 5000
757 40000
758 5000
759 40000
760 40000
761 40000
762 40000
763 40000
764 20000
765 30000
766 20000
767 20000
768 20000
769 40000
770 40000
771 30000
772 30000
773 30000
774 30000
775 20000
776 30000
777 20000
778 30000
779 30000
780 40000
781 40000
782 40000
783 40000
784 30000
785 20000
786 40000
787 40000
788 20000
789 20000
790 40000
791 30000
792 30000
793 20000
794 40000
795 30000
796 30000
797 30000
798 30000
799 30000
800 40000
801 40000
802 20000
803 20000
804 40000
805 40000
806 30000
807 20000
808 30000
809 30000
810 30000
811 30000
812 30000
813 30000
814 40000
815 5000
816 5000
817 5000
818 40000
819 30000
820 20000
821 30000
822 20000
823 40000
824 20000
825 30000
826 30000
827 40000
828 40000
829 30000
830 40000
831 20000
832 40000
833 40000
834 20000
835 40000
836 20000
837 30000
838 20000
839 40000
840 40000
841 30000
842 40000
843 30000
844 20000
845 30000
846 30000
847 30000
848 40000
849 40000
850 40000
851 20000
852 40000
853 40000
854 30000
855 30000
856 30000
857 30000
858 40000
859 30000
860 20000
861 30000
862 30000
863 30000
864 40000
865 30000
866 30000
867 30000
868 20000
869 20000
870 40000
871 30000
872 30000
873 20000
874 40000
875 20000
876 40000
877 40000
878 40000
879 20000
880 40000
881 30000
882 20000
883 30000
884 30000
885 30000
886 40000
887 20000
888 30000
889 20000
890 20000
891 40000
892 20000
893 20000
894 30000
895 30000
896 30000
897 30000
898 40000
899 5000
900 40000
901 40000
902 40000
903 20000
904 20000
905 30000
906 20000
907 40000
908 40000
909 30000
910 30000
911 20000
912 30000
913 40000
914 30000
915 30000
916 30000
917 30000
918 30000
919 30000
920 20000
921 40000
922 20000
923 40000
924 5000
925 40000
926 40000
927 40000
928 40000
929 20000
930 30000
931 30000
932 20000
933 40000
934 30000
935 30000
936 30000
937 30000
938 30000
939 30000
940 30000
941 20000
942 30000
943 30000
944 30000
945 40000
946 40000
947 30000
948 30000
949 20000
950 30000
951 30000
952 30000
953 30000
954 20000
955 40000
956 40000
957 40000
958 20000
959 40000
960 30000
961 20000
962 30000
963 30000
964 30000
965 30000
966 30000
967 30000
968 30000
969 30000
970 20000
971 20000
972 30000
973 30000
974 30000
975 30000
976 5000
977 30000
978 30000
979 40000
980 40000
981 40000
982 40000
983 40000
984 40000
985 20000
986 30000
987 30000
988 20000
989 20000
990 30000
991 40000
992 40000
993 30000
994 40000
995 30000
996 40000
997 40000
998 20000
999 40000
1000 20000
1001 20000
1002 20000
1003 30000
1004 30000
1005 30000
1006 30000
1007 20000
1008 20000
1009 40000
1010 40000
1011 20000
1012 40000
1013 40000
1014 40000
1015 40000
1016 40000
1017 40000
1018 30000
1019 30000
1020 40000
1021 20000
1022 20000
1023 5000
1024 20000
1025 40000
1026 30000
1027 30000
1028 30000
1029 30000
1030 20000
1031 30000
1032 30000
1033 20000
1034 30000
1035 20000
1036 40000
1037 30000
1038 20000
1039 20000
1040 30000
1041 20000
1042 20000
1043 20000
1044 20000
1045 30000
1046 40000
1047 40000
1048 40000
1049 30000
1050 40000
1051 30000
1052 30000
1053 30000
1054 30000
1055 40000
1056 40000
1057 40000
1058 20000
1059 40000
1060 40000
1061 40000
1062 30000
1063 30000
1064 30000
1065 40000
1066 20000
1067 40000
1068 30000
1069 40000
1070 30000
1071 30000
1072 30000
1073 30000
1074 30000
1075 20000
1076 40000
1077 30000
1078 30000
1079 20000
1080 30000
1081 20000
1082 20000
1083 30000
1084 30000
1085 40000
1086 40000
1087 40000
1088 30000
1089 30000
1090 30000
1091 30000
1092 30000
1093 20000
1094 30000
1095 40000
1096 20000
1097 40000
1098 20000
1099 30000
1100 40000
1101 20000
1102 40000
1103 40000
1104 40000
1105 40000
1106 40000
1107 20000
1108 30000
1109 5000
1110 20000
1111 20000
1112 30000
1113 30000
1114 30000
1115 20000
1116 20000
1117 30000
1118 30000
1119 30000
1120 20000
1121 30000
1122 30000
1123 30000
1124 20000
1125 20000
1126 30000
1127 40000
1128 20000
1129 30000
1130 30000
1131 30000
1132 30000
1133 40000
1134 40000
1135 20000
1136 40000
1137 40000
1138 40000
1139 20000
1140 30000
1141 30000
1142 20000
1143 40000
1144 30000
1145 30000
1146 20000
1147 40000
1148 30000
1149 30000
1150 40000
1151 40000
1152 40000
1153 40000
1154 30000
1155 40000
1156 30000
1157 30000
1158 20000
1159 30000
1160 30000
1161 40000
1162 20000
1163 30000
1164 30000
1165 30000
1166 30000
1167 20000
1168 30000
1169 30000
1170 40000
1171 20000
1172 30000
1173 40000
1174 30000
1175 40000
1176 40000
1177 40000
1178 40000
1179 40000
1180 30000
1181 20000
1182 30000
1183 20000
1184 30000
1185 30000
1186 30000
1187 30000
1188 30000
1189 20000
1190 30000
1191 30000
1192 30000
1193 30000
1194 20000
1195 30000
1196 20000
1197 30000
1198 30000
1199 20000

0 1 23 7
0 2 5 2
0 3 42 9
0 4 7 3
0 5 48 5
0 6 13 2
0 10 14 4
0 16 38 10
0 26 17 6
0 49 24 9
0 75 34 1
0 100 40 3
0 101 20 3
0 137 25 10
0 138 47 5
0 165 2 3
0 174 19 3
0 205 10 7
0 222 11 4
0 288 45 2
0 320 2 3
0 340 11 1
0 345 33 1
0 382 48 10
0 398 18 10
0 401 39 10
0 494 35 3
0 495 41 10
0 557 20 9
0 580 20 8
0 592 31 1
0 632 9 5
0 651 39 9
0 661 10 7
0 670 11 10
0 700 39 6
0 701 7 7
0 713 24 9
0 738 12 9
0 760 43 9
0 780 49 9
0 781 10 3
0 801 5 7
0 833 36 5
0 853 10 8
0 870 2 1
0 876 42 4
0 879 6 7
0 902 41 4
0 903 29 10
0 945 3 7
0 946 32 6
0 955 15 1
0 956 49 6
0 980 39 1
0 981 44 4
0 1011 28 9
0 1014 34 6
0 1050 11 3
0 1058 45 1
0 1086 43 9
0 1087 10 8
0 1104 25 2
0 1136 44 6
0 1151 11 4
0 1170 39 4
0 1179 41 1
1 7 11 10
1 8 33 7
1 9 38 3
1 10 23 5
1 49 47 8
1 82 6 4
1 83 38 7
1 110 21 10
1 114 25 4
1 175 16 9
1 200 35 4
1 206 15 7
1 223 47 1
1 266 18 9
1 267 24 5
1 287 43 3
1 315 36 4
1 321 29 5
1 345 34 9
1 358 33 9
1 359 36 1
1 381 5 6
1 431 26 3
1 433 19 7
1 450 32 1
1 471 40 4
1 473 14 1
1 526 43 7
1 527 47 2
1 556 36 3
1 580 9 9
1 590 18 8
1 633 17 9
1 650 6 3
1 670 28 6
1 713 17 6
1 803 34 8
1 833 41 3
1 851 50 3
1 870 28 10
1 925 37 8
1 927 45 7
1 1050 46 1
1 1056 41 9
1 1105 34 4
1 1137 27 7
1 1151 40 10
1 1170 45 2
1 1176 42 8
4 195 10 6
4 235 30 1
4 734 41 8
4 1053 25 4
5 180 32 5
5 461 4 8
6 379 33 1
7 544 38 9
9 1068 41 6
10 11 49 10
10 12 16 4
10 13 38 5
10 14 10 9
10 15 48 1
10 25 33 2
10 27 27 1
10 46 36 8
10 47 25 1
10 75 37 5
10 80 1 8
10 81 22 10
10 100 11 6
10 112 5 8
10 113 2 3
10 137 1 9
10 140 37 8
10 165 36 4
10 170 40 4
10 200 39 8
10 205 9 6
10 206 24 1
10 223 37 4
10 226 25 2
10 266 6 2
10 268 21 2
10 286 36 9
10 287 30 7
10 315 20 4
10 320 2 4
10 340 39 10
10 345 7 9
10 346 21 8
10 356 26 9
10 358 8 2
10 380 45 8
10 401 34 9
10 431 42 2
10 451 25 9
10 453 44 4
10 470 45 2
10 471 41 6
10 491 17 3
10 493 37 9
10 526 41 3
10 530 37 9
10 557 43 5
10 559 33 6
10 580 40 5
10 581 12 3
10 591 26 2
10 592 13 1
10 632 46 10
10 633 6 6
10 650 18 2
10 651 13 5
10 660 23 10
10 673 49 10
10 700 23 1
10 711 33 9
10 714 3 4
10 736 26 9
10 738 45 5
10 760 1 2
10 762 37 2
10 780 25 7
10 800 18 4
10 801 39 4
10 832 15 8
10 833 50 6
10 850 16 2
10 851 30 9
10 870 45 2
10 878 22 4
10 902 50 4
10 925 11 1
10 927 46 5
10 945 43 3
10 946 38 8
10 956 25 9
10 959 43 1
10 981 25 1
10 985 15 6
10 1012 47 6
10 1017 24 3
10 1050 5 2
10 1058 29 9
10 1060 9 8
10 1085 24 2
10 1086 4 7
10 1101 15 5
10 1106 10 5
10 1135 40 1
10 1137 49 9
10 1151 27 5
10 1152 31 9
10 1170 3 8
10 1176 23 2
10 1178 33 7
11 37 9 2
11 502 35 4
12 51 31 6
13 874 36 8
14 18 26 4
15 16 23 1
15 17 34 2
15 18 36 9
15 19 40 6
15 20 43 3
15 26 40 1
15 45 17 10
15 75 22 4
15 82 12 3
15 110 22 1
15 174 43 10
15 200 45 3
15 221 28 2
15 222 20 6
15 268 25 10
15 288 40 6
15 315 7 3
15 320 35 4
15 323 33 9
15 345 11 4
15 356 50 7
15 396 47 6
15 399 36 6
15 430 15 10
15 433 15 3
15 472 42 4
15 490 49 6
15 493 10 1
15 557 35 9
15 581 17 6
15 632 14 6
15 661 34 5
15 675 45 4
15 700 19 10
15 701 50 2
15 710 16 10
15 782 23 1
15 783 31 9
15 800 45 9
15 804 6 1
15 850 26 8
15 870 37 8
15 876 44 1
15 877 17 7
15 925 22 3
15 983 25 6
15 1015 32 5
15 1050 19 5
15 1086 9 1
15 1100 33 1
15 1103 40 7
15 1170 43 4
15 1175 33 3
15 1176 10 4
16 21 49 9
16 22 2 6
16 23 31 5
16 24 43 5
16 28 8 3
16 49 1 9
16 75 22 3
16 83 17 4
16 101 42 4
16 112 47 10
16 136 12 10
16 137 44 2
16 165 32 4
16 173 16 7
16 206 2 4
16 207 7 1
16 288 7 1
16 340 31 2
16 346 12 9
16 357 50 8
16 381 17 4
16 382 4 10
16 450 34 4
16 452 44 7
16 471 3 2
16 525 15 10
16 526 23 5
16 556 14 1
16 581 43 10
16 590 40 2
16 592 22 7
16 633 29 4
16 650 7 7
16 651 35 4
16 661 50 3
16 670 50 7
16 714 47 8
16 736 25 5
16 763 12 4
16 830 43 2
16 831 6 3
16 851 47 3
16 901 49 6
16 904 19 2
16 928 37 8
16 945 4 2
16 955 50 7
16 956 41 4
16 982 49 4
16 1015 21 3
16 1059 16 9
16 1087 36 3
16 1137 21 1
16 1150 25 7
16 1151 12 2
16 1170 40 9
19 251 5 3
19 352 38 7
21 499 33 8
21 1068 23 9
23 70 2 3
23 689 30 5
24 163 37 7
24 261 2 9
25 26 23 1
25 27 40 8
25 28 1 4
25 29 15 1
25 75 44 7
25 165 2 5
25 200 32 7
25 206 39 2
25 265 17 2
25 286 23 8
25 345 32 4
25 380 21 2
25 450 30 4
25 452 46 8
25 493 37 7
25 581 17 5
25 597 15 3
25 631 34 7
25 651 32 1
25 673 11 7
25 781 28 6
25 805 24 10
25 830 20 6
25 876 20 8
25 946 9 3
25 981 40 5
25 983 18 8
25 1050 18 3
26 27 26 5
26 28 4 8
26 30 44 9
26 31 24 8
26 32 14 6
26 33 10 10
26 34 9 5
26 35 8 8
26 46 26 7
26 81 6 6
26 82 33 4
26 112 21 1
26 224 45 7
26 225 15 8
26 268 24 6
26 286 37 1
26 315 17 8
26 321 46 5
26 381 29 3
26 399 42 7
26 471 6 5
26 492 22 10
26 660 3 6
26 713 30 10
26 736 42 9
26 783 13 4
26 833 1 1
26 853 5 1
26 870 39 9
26 956 14 6
26 959 45 2
26 1012 17 7
26 1050 32 7
26 1104 49 4
26 1136 12 1
26 1150 49 5
26 1170 4 3
26 1175 27 3
27 28 50 7
27 36 40 1
27 37 14 9
27 38 34 5
27 39 47 7
27 40 20 6
27 41 45 4
27 75 12 5
27 100 33 9
27 101 21 9
27 110 15 3
27 171 28 7
27 200 49 1
27 340 39 3
27 346 3 10
27 396 3 6
27 432 40 2
27 556 4 6
27 594 34 9
27 632 25 8
27 651 5 2
27 700 31 3
27 738 3 1
27 801 21 7
27 877 28 6
27 900 45 10
27 925 2 9
27 1055 5 1
27 1059 7 3
27 1086 25 3
27 1100 31 10
27 1153 23 2
27 1170 10 8
27 1175 41 4
28 42 9 7
28 43 29 4
28 44 13 1
28 46 3 2
28 137 23 8
28 138 12 9
28 165 32 6
28 171 27 10
28 206 34 1
28 315 47 10
28 321 43 5
28 340 3 5
28 355 38 5
28 357 39 1
28 430 2 6
28 472 18 8
28 525 32 10
28 529 20 9
28 558 47 2
28 581 23 3
28 660 38 4
28 672 31 10
28 701 33 10
28 714 50 2
28 760 29 2
28 762 4 8
28 852 48 6
28 870 32 1
28 901 49 5
28 927 18 3
28 946 4 7
28 1013 50 9
28 1086 14 7
28 1137 32 7
30 521 4 8
31 1108 41 4
32 189 40 5
34 257 17 2
35 353 35 10
39 59 22 2
39 379 14 8
40 371 13 5
40 727 11 1
40 1111 42 3
41 696 44 6
42 216 15 4
42 458 30 4
42 511 17 3
42 998 46 2
44 252 6 9
45 46 9 7
45 47 45 6
45 48 27 2
45 49 5 5
45 50 16 5
45 51 37 1
45 52 37 8
45 53 32 3
45 54 21 4
45 55 48 6
45 100 24 6
45 200 2 5
45 315 18 5
45 355 16 1
45 472 13 3
45 473 41 4
45 527 24 3
45 651 26 4
45 700 1 3
45 701 40 6
45 831 42 6
45 851 43 5
45 1014 33 4
45 1136 9 10
45 1152 48 2
46 47 27 1
46 48 31 9
46 49 19 5
46 50 40 7
46 56 18 4
46 57 13 7
46 58 29 2
46 59 34 1
46 60 18 8
46 75 25 3
46 82 8 6
46 165 26 5
46 206 14 8
46 267 32 10
46 452 36 1
46 494 46 7
46 630 35 4
46 674 21 3
46 710 47 8
46 711 35 4
46 735 7 2
46 782 46 4
46 830 17 3
46 981 7 10
47 48 9 1
47 49 13 1
47 50 1 7
47 61 6 9
47 135 38 9
47 172 35 7
47 174 7 4
47 323 49 8
47 345 29 5
47 359 5 6
47 558 31 10
47 631 14 6
47 651 11 9
47 761 15 6
47 803 4 7
47 904 50 5
47 927 42 10
47 1011 50 6
47 1106 34 10
48 49 28 2
48 50 6 9
48 62 15 9
48 75 13 7
48 110 32 4
48 136 20 3
48 200 8 7
48 222 4 10
48 228 26 3
48 290 41 8
48 315 14 7
48 340 30 6
48 399 40 10
48 452 43 6
48 558 16 7
48 581 16 5
48 760 28 10
48 804 10 1
48 925 20 2
48 946 21 9
48 955 38 6
48 1058 1 8
48 1085 35 9
48 1175 49 4
48 1178 34 9
49 50 44 2
49 63 10 5
49 64 18 9
49 65 47 8
49 66 39 8
49 67 19 4
49 68 41 6
49 69 4 1
49 112 30 5
49 268 22 10
49 288 13 2
49 345 1 10
49 381 40 4
49 433 40 10
49 580 44 3
49 671 10 5
49 735 8 2
49 870 40 7
49 879 39 9
49 945 20 10
49 1050 29 3
50 70 11 3
50 71 49 4
50 72 20 5
50 73 35 8
50 74 20 9
50 80 14 8
50 101 42 10
50 207 44 2
50 323 49 8
50 381 42 6
50 398 9 7
50 430 12 8
50 492 23 3
50 530 50 8
50 596 4 10
50 660 46 5
50 661 29 2
50 780 32 4
50 852 23 9
50 870 49 2
50 879 6 8
50 901 25 7
50 959 39 4
50 1050 31 3
50 1057 46 4
50 1087 23 8
50 1106 35 7
50 1137 42 6
50 1153 33 3
50 1170 31 6
55 447 4 4
55 579 15 5
55 708 38 6
57 634 22 7
59 334 35 3
59 439 12 10
59 538 45 3
60 933 31 9
61 576 9 4
61 1158 20 10
62 116 34 4
62 786 28 3
63 836 17 7
63 1120 21 4
63 1132 48 1
66 352 46 8
67 628 39 7
67 836 37 6
68 1020 47 10
70 342 24 8
71 567 46 4
75 76 6 10
75 77 23 1
75 78 24 2
75 79 38 7
75 81 25 6
75 100 14 9
75 101 44 7
75 110 9 8
75 111 45 2
75 138 13 9
75 140 11 8
75 165 37 7
75 172 3 8
75 173 5 9
75 200 43 5
75 205 22 8
75 228 35 9
75 265 20 2
75 285 49 6
75 289 16 8
75 315 5 5
75 322 10 2
75 323 45 3
75 340 5 9
75 345 47 5
75 356 41 8
75 357 34 6
75 380 1 7
75 381 33 2
75 395 20 9
75 401 48 3
75 433 11 1
75 451 40 9
75 453 23 9
75 471 42 10
75 490 5 3
75 493 19 8
75 529 43 2
75 557 17 2
75 558 44 4
75 580 27 5
75 581 49 9
75 592 1 10
75 594 49 10
75 631 41 6
75 650 46 9
75 651 50 4
75 660 30 10
75 661 45 5
75 674 28 1
75 675 18 4
75 700 46 8
75 710 2 7
75 711 29 6
75 736 41 1
75 738 34 1
75 760 43 5
75 763 49 2
75 782 1 3
75 802 34 9
75 804 6 7
75 830 39 6
75 832 32 10
75 852 37 5
75 853 16 6
75 870 49 6
75 877 6 5
75 878 21 7
75 901 44 8
75 902 17 5
75 925 2 5
75 926 37 4
75 945 34 1
75 955 29 6
75 958 35 8
75 983 17 10
75 984 36 5
75 1010 17 4
75 1050 19 8
75 1057 37 5
75 1060 40 2
75 1086 14 9
75 1104 19 10
75 1105 23 3
75 1137 1 3
75 1150 28 5
75 1170 49 10
75 1177 35 4
75 1179 33 9
76 134 13 2
77 554 31 4
77 602 20 8
80 81 25 6
80 82 3 6
80 83 49 8
80 84 32 8
80 85 13 1
80 86 30 10
80 87 46 10
80 88 31 7
80 89 8 8
80 90 34 10
80 110 40 1
80 113 50 5
80 135 3 4
80 221 10 9
80 266 5 5
80 285 32 6
80 323 9 9
80 357 29 7
80 431 19 4
80 471 13 4
80 528 34 4
80 710 3 4
80 831 48 1
80 851 40 3
80 853 16 8
80 870 24 8
80 878 39 10
80 946 34 1
80 1050 38 8
80 1151 4 3
81 82 13 10
81 83 20 5
81 91 44 4
81 92 7 8
81 137 26 3
81 165 26 5
81 170 2 9
81 200 3 5
81 227 29 1
81 315 17 3
81 321 4 3
81 346 14 2
81 396 2 5
81 432 15 8
81 472 32 10
81 492 39 8
81 580 44 5
81 597 23 1
81 700 22 10
81 735 46 8
81 736 21 4
81 762 50 1
81 804 46 1
81 900 34 7
81 946 50 6
81 956 21 10
81 1086 24 1
81 1103 2 2
81 1136 38 8
82 83 45 5
82 93 28 3
82 94 13 9
82 95 22 10
82 96 32 9
82 97 33 3
82 165 2 8
82 175 4 7
82 206 27 3
82 315 20 9
82 340 50 3
82 355 14 5
82 381 18 10
82 450 21 2
82 452 30 4
82 580 37 3
82 630 29 1
82 701 2 8
82 781 24 3
82 870 40 5
82 877 22 10
82 902 47 3
82 928 38 9
82 983 45 7
82 1016 24 10
82 1058 13 2
82 1087 27 8
82 1170 46 5
82 1175 5 10
83 98 39 2
83 99 33 6
83 101 26 6
83 200 2 3
83 205 46 9
83 265 18 6
83 286 50 10
83 340 44 1
83 346 35 7
83 381 42 2
83 398 7 5
83 491 24 10
83 529 5 5
83 555 46 9
83 557 45 8
83 593 23 1
83 650 40 5
83 660 20 10
83 661 11 1
83 672 33 2
83 674 48 3
83 710 9 5
83 762 48 7
83 805 30 10
83 833 26 5
83 927 31 5
83 959 38 4
83 980 45 4
83 1011 5 2
83 1050 49 1
83 1056 48 6
83 1104 42 6
83 1135 35 1
83 1151 23 3
83 1170 45 2
83 1177 6 10
85 191 13 10
85 880 35 9
86 341 21 3
86 567 28 9
87 667 25 8
88 923 22 10
88 1126 50 7
89 413 44 9
89 1084 13 2
90 1005 44 7
92 262 28 2
92 318 25 5
92 498 7 7
93 1147 9 9
95 119 31 10
95 363 50 9
95 389 32 5
97 1143 2 1
98 187 38 5
98 192 46 8
99 693 16 3
100 101 26 7
100 102 9 1
100 103 40 9
100 104 30 4
100 105 25 6
100 106 4 2
100 111 12 3
100 113 21 10
100 135 5 10
100 200 42 2
100 267 48 2
100 285 23 4
100 290 2 8
100 315 13 8
100 340 27 8
100 345 8 2
100 451 31 2
100 472 34 8
100 490 48 7
100 558 7 1
100 630 29 7
100 633 40 6
100 670 40 4
100 673 24 1
100 700 10 2
100 762 23 4
100 782 41 5
100 800 16 6
100 801 26 9
100 831 48 8
100 852 35 9
100 870 13 4
100 875 24 7
100 901 1 4
100 957 48 9
100 982 1 7
100 1012 45 1
100 1056 15 8
100 1085 50 1
100 1104 43 1
100 1137 3 2
100 1153 42 10
100 1170 11 1
100 1175 39 5
100 1179 48 8
101 107 29 5
101 108 39 10
101 109 36 5
101 138 50 2
101 165 33 4
101 170 37 5
101 175 29 2
101 205 33 10
101 207 36 9
101 225 34 7
101 266 35 7
101 322 3 5
101 340 25 5
101 346 41 5
101 358 40 6
101 359 16 3
101 380 49 7
101 382 44 2
101 397 37 4
101 399 5 8
101 430 17 5
101 471 2 6
101 493 46 8
101 525 35 1
101 528 15 10
101 557 23 4
101 580 40 6
101 581 17 2
101 594 28 2
101 597 35 8
101 650 10 3
101 651 30 1
101 661 25 7
101 701 43 3
101 711 28 5
101 713 43 2
101 735 39 2
101 737 36 9
101 761 34 9
101 782 26 7
101 833 22 9
101 852 11 4
101 870 39 9
101 875 17 3
101 904 7 3
101 927 42 1
101 928 2 10
101 945 14 7
101 946 45 4
101 959 48 1
101 984 9 5
101 1012 28 1
101 1050 49 6
101 1057 25 3
101 1150 8 8
101 1170 10 7
103 916 20 2
104 305 9 4
104 385 41 3
104 504 36 6
105 259 34 7
105 814 25 9
106 1067 18 2
109 475 42 2
109 503 6 6
109 1112 19 4
110 111 23 8
110 112 42 5
110 113 41 2
110 114 30 2
110 115 17 4
110 116 29 2
110 117 17 7
110 118 38 5
110 119 23 4
110 165 31 4
110 200 26 6
110 321 1 7
110 345 5 1
110 400 16 7
110 529 18 3
110 632 25 3
110 651 42 1
110 661 6 5
110 701 15 2
110 762 14 10
110 870 37 1
110 876 24 9
110 903 3 9
110 927 15 8
110 946 16 1
110 956 36 4
110 1016 3 2
110 1050 38 7
110 1057 32 5
110 1087 17 7
110 1101 16 6
110 1153 45 10
110 1170 26 6
111 112 32 2
111 113 22 2
111 114 11 1
111 120 11 2
111 135 14 10
111 207 36 6
111 265 38 10
111 268 25 1
111 285 6 9
111 315 32 2
111 340 33 9
111 359 2 9
111 382 33 4
111 432 10 5
111 473 7 4
111 495 20 10
111 580 39 4
111 671 27 5
111 713 9 2
111 739 16 4
111 763 25 3
111 782 31 6
111 801 34 7
111 802 10 3
111 870 20 10
111 956 11 8
111 1150 47 3
112 113 45 8
112 114 45 4
112 121 36 8
112 122 48 10
112 175 46 1
112 200 37 9
112 315 50 3
112 320 13 5
112 401 7 6
112 453 19 6
112 496 14 4
112 557 24 4
112 591 21 10
112 650 28 2
112 700 19 7
112 736 42 8
112 875 29 9
112 902 18 4
112 927 36 9
112 981 27 9
112 1016 28 6
112 1105 33 1
113 114 38 4
113 123 4 3
113 124 7 7
113 125 49 1
113 126 2 5
113 127 4 2
113 128 41 6
113 138 29 9
113 224 33 8
113 340 50 3
113 359 41 3
113 381 45 8
113 525 12 4
113 556 15 5
113 581 48 9
113 660 27 5
113 713 6 8
113 831 1 1
113 852 45 2
113 853 31 10
113 946 13 3
113 982 40 4
113 1085 29 1
113 1136 35 7
113 1170 48 5
113 1175 1 9
113 1178 29 9
114 129 1 5
114 130 8 3
114 131 35 3
114 132 48 4
114 133 33 8
114 134 23 3
114 174 40 2
114 226 12 4
114 287 34 10
114 345 7 10
114 431 39 1
114 451 27 5
114 596 2 1
114 630 18 3
114 671 28 9
114 782 32 8
114 833 39 6
114 1050 15 1
114 1058 30 3
116 624 49 6
117 410 42 4
117 1004 50 4
119 542 26 5
119 657 10 6
119 666 15 9
121 283 3 7
123 855 9 2
125 1198 48 1
126 196 12 1
128 886 19 8
131 521 18 6
132 406 9 2
133 1047 41 7
134 334 15 4
135 136 42 5
135 137 17 1
135 138 18 6
135 139 42 5
135 140 13 5
135 141 2 5
135 142 38 4
135 143 5 1
135 144 20 8
135 145 6 8
135 146 41 1
135 147 26 4
135 148 43 6
135 149 22 5
135 150 16 9
135 220 9 10
135 493 22 2
135 555 10 2
135 581 48 6
135 633 40 5
135 650 38 2
135 671 16 5
135 701 37 8
135 762 34 10
135 781 36 1
135 782 50 2
135 802 15 4
135 980 49 2
135 1101 1 6
135 1137 40 3
136 137 46 4
136 138 1 3
136 139 1 3
136 140 13 4
136 151 48 8
136 165 23 1
136 200 15 5
136 207 18 7
136 289 13 7
136 322 25 2
136 397 35 6
136 450 50 9
136 472 26 9
136 650 42 4
136 714 6 6
136 927 13 8
136 1012 27 9
136 1050 46 1
136 1055 4 10
136 1135 15 1
137 138 34 9
137 139 44 2
137 140 29 7
137 152 44 10
137 153 7 7
137 170 12 9
137 200 11 4
137 267 3 1
137 315 17 8
137 340 21 1
137 345 49 5
137 357 1 2
137 358 2 7
137 398 44 9
137 592 25 6
137 596 48 10
137 630 4 3
137 660 43 5
137 853 14 3
137 877 15 4
137 945 34 2
137 957 14 10
137 958 35 10
137 981 21 2
137 1086 27 5
137 1150 16 3
137 1153 39 10
137 1170 17 1
138 139 43 1
138 140 23 6
138 154 41 6
138 155 46 8
138 315 36 9
138 321 25 10
138 345 32 4
138 491 43 6
138 559 49 3
138 711 31 10
138 738 9 9
138 763 11 3
138 853 23 7
138 870 36 6
138 877 26 10
138 902 34 5
138 903 10 8
138 928 26 7
138 945 17 6
138 1014 36 7
138 1059 2 7
138 1085 13 3
138 1175 47 7
138 1176 30 10
139 140 13 7
139 156 12 2
139 157 4 3
139 158 34 5
139 165 34 5
139 381 9 8
139 525 7 7
139 530 47 2
139 580 35 8
139 700 15 9
139 738 5 5
139 800 50 1
139 870 26 5
139 1050 25 7
140 159 32 7
140 160 22 10
140 161 27 2
140 162 20 2
140 163 29 4
140 164 8 10
140 172 2 10
140 205 49 4
140 225 40 7
140 266 20 4
140 286 44 4
140 340 39 4
140 381 45 4
140 430 17 10
140 471 32 8
140 675 17 9
140 830 19 1
140 832 23 5
140 1105 29 3
140 1170 12 7
142 317 43 6
142 889 4 3
145 854 16 7
148 1034 17 4
153 301 26 3
155 709 50 4
156 169 5 7
156 438 2 1
156 682 36 9
160 638 49 10
162 1073 6 5
163 439 1 1
164 704 44 6
164 1161 39 1
165 166 27 2
165 167 24 1
165 168 11 10
165 169 14 6
165 173 43 8
165 174 33 7
165 200 45 5
165 205 1 9
165 207 13 9
165 220 37 2
165 226 47 1
165 266 22 8
165 267 26 10
165 286 40 1
165 289 33 3
165 315 13 3
165 322 42 7
165 323 17 2
165 340 41 1
165 345 37 7
165 346 5 9
165 359 37 9
165 381 45 3
165 382 23 6
165 395 37 1
165 399 37 6
165 433 39 3
165 450 39 3
165 451 21 9
165 471 20 5
165 473 42 8
165 491 33 7
165 493 26 6
165 525 33 8
165 530 1 1
165 555 32 3
165 581 11 5
165 590 2 2
165 596 21 10
165 631 9 1
165 633 1 3
165 650 20 9
165 651 40 9
165 660 6 7
165 661 10 6
165 670 16 4
165 673 26 8
165 700 34 3
165 701 50 7
165 711 3 2
165 714 9 2
165 736 25 8
165 739 14 3
165 762 35 2
165 780 31 1
165 782 12 9
165 802 8 3
165 803 47 5
165 832 38 6
165 833 27 8
165 851 47 5
165 853 20 10
165 870 10 1
165 878 46 1
165 879 22 7
165 900 27 5
165 904 18 7
165 925 16 9
165 926 20 8
165 945 14 9
165 957 41 4
165 958 3 4
165 983 25 3
165 1011 24 5
165 1013 8 3
165 1050 39 7
165 1057 38 3
165 1085 11 1
165 1087 22 8
165 1100 48 2
165 1135 36 8
165 1136 37 10
165 1150 48 2
165 1151 7 7
165 1170 8 8
165 1175 39 2
165 1176 7 2
169 542 30 10
169 1112 4 7
170 171 48 8
170 172 46 6
170 173 41 2
170 174 22 1
170 175 2 2
170 176 23 9
170 177 48 4
170 178 31 6
170 179 38 2
170 315 26 3
170 525 37 4
170 870 18 2
170 879 46 9
170 982 1 1
170 1050 27 1
170 1059 19 4
170 1105 43 3
170 1170 13 9
170 1175 3 8
171 172 30 7
171 173 46 6
171 174 16 1
171 175 39 6
171 180 14 3
171 181 48 10
171 182 23 5
171 183 19 10
171 184 20 6
171 200 38 7
171 267 49 2
171 320 42 1
171 340 48 3
171 430 8 7
171 473 40 2
171 581 13 9
171 631 31 5
171 651 29 3
171 763 20 1
171 804 6 1
171 830 44 7
171 851 17 10
171 853 37 7
171 927 47 4
171 958 12 4
171 1050 21 4
172 173 25 8
172 174 33 9
172 175 34 3
172 185 25 8
172 186 31 4
172 187 38 8
172 188 14 3
172 207 4 6
172 223 35 5
172 290 2 3
172 381 19 7
172 396 8 8
172 400 16 6
172 431 43 2
172 473 34 8
172 559 33 3
172 660 31 9
172 673 29 4
172 710 8 9
172 736 47 9
172 879 40 3
172 958 46 4
172 1012 14 3
172 1135 12 2
173 174 11 6
173 175 34 3
173 189 13 5
173 190 38 7
173 191 25 6
173 192 17 9
173 193 39 3
173 220 41 7
173 320 22 10
173 345 17 4
173 356 20 5
173 494 45 2
173 592 23 2
173 700 33 7
173 713 4 10
173 737 16 10
173 870 36 9
173 902 23 3
173 946 11 8
173 1017 42 2
173 1087 39 2
173 1100 1 6
173 1152 29 3
174 175 38 4
174 194 17 5
174 200 23 9
174 290 47 10
174 315 1 4
174 340 17 5
174 358 38 3
174 450 9 3
174 491 22 5
174 527 38 3
174 580 4 7
174 631 41 10
174 660 29 9
174 762 37 8
174 781 30 9
174 830 37 9
174 904 16 6
174 927 12 4
174 983 3 8
174 1136 6 2
174 1170 34 5
174 1175 33 5
175 195 32 5
175 196 49 1
175 197 38 4
175 198 6 10
175 199 13 5
175 205 49 4
175 267 22 7
175 346 47 6
175 380 6 10
175 451 48 3
175 556 36 5
175 593 32 6
175 651 18 1
175 671 39 3
175 700 29 9
175 783 21 10
175 802 3 3
175 945 30 9
175 1056 23 7
175 1085 25 4
175 1152 20 4
176 183 36 2
176 709 20 5
178 1020 42 3
179 485 29 8
179 611 16 6
180 858 20 2
182 535 29 10
182 1048 46 4
183 1076 34 4
183 1191 39 6
185 649 30 1
187 646 36 1
188 907 29 2
190 854 34 8
191 947 9 2
192 933 11 3
192 1196 50 6
193 571 5 9
194 973 43 7
198 519 1 6
198 807 39 5
199 314 35 6
199 1006 9 6
199 1172 32 9
200 201 11 10
200 202 2 1
200 203 28 7
200 204 43 9
200 206 38 1
200 221 18 3
200 226 29 10
200 265 2 1
200 285 38 10
200 288 30 10
200 315 21 2
200 320 9 7
200 340 47 5
200 345 1 7
200 346 32 9
200 356 43 7
200 381 23 3
200 382 3 6
200 396 31 2
200 398 24 10
200 431 4 8
200 432 43 10
200 451 14 1
200 453 14 6
200 472 38 3
200 491 14 8
200 492 48 3
200 526 16 1
200 529 30 8
200 556 22 8
200 558 11 7
200 580 12 6
200 581 4 8
200 590 11 1
200 591 5 7
200 630 24 7
200 650 29 1
200 651 13 7
200 660 38 4
200 661 27 8
200 670 16 3
200 674 48 7
200 700 14 7
200 701 6 6
200 712 48 10
200 714 43 7
200 737 14 3
200 738 34 2
200 760 43 9
200 761 15 10
200 780 23 2
200 782 8 7
200 802 1 6
200 803 10 6
200 832 46 1
200 850 34 6
200 870 24 3
200 876 33 2
200 878 40 1
200 901 28 1
200 903 15 6
200 926 23 6
200 928 24 10
200 945 41 8
200 958 1 10
200 982 3 5
200 985 43 3
200 1011 15 7
200 1016 29 3
200 1050 7 4
200 1055 24 2
200 1056 27 2
200 1085 39 5
200 1087 20 3
200 1104 16 7
200 1135 9 8
200 1136 20 5
200 1151 25 8
200 1170 10 3
200 1176 41 3
200 1178 27 9
201 423 36 10
201 1040 5 3
202 468 34 10
202 1155 25 6
203 880 46 9
204 1130 12 4
205 206 30 9
205 207 4 8
205 208 32 4
205 209 14 9
205 210 31 1
205 211 50 10
205 268 20 3
205 288 35 6
205 315 43 6
205 323 27 8
205 340 38 4
205 359 27 2
205 381 20 9
205 398 15 9
205 451 46 2
205 470 11 3
205 496 48 5
205 530 27 8
205 555 17 4
205 557 20 10
205 590 21 2
205 651 44 7
205 701 45 8
205 710 6 4
205 735 24 3
205 760 26 9
205 805 50 10
205 870 20 1
205 902 38 6
205 945 30 4
205 956 5 6
205 959 6 8
205 985 12 8
205 1013 26 8
205 1055 38 4
205 1058 2 10
205 1086 38 2
205 1101 8 5
205 1151 19 10
205 1170 20 1
205 1178 42 7
206 207 30 10
206 212 34 6
206 213 5 10
206 214 50 10
206 215 13 5
206 221 11 4
206 228 36 8
206 266 11 5
206 315 17 1
206 345 36 5
206 346 49 8
206 399 6 1
206 430 33 6
206 450 47 9
206 472 3 2
206 495 44 4
206 580 5 4
206 631 40 8
206 651 7 2
206 660 24 2
206 675 8 5
206 700 30 10
206 780 31 10
206 783 18 6
206 831 13 8
206 832 49 7
206 875 32 7
206 878 48 10
206 945 42 1
206 1050 16 3
206 1101 33 2
206 1137 45 1
206 1153 21 9
206 1178 9 7
207 216 38 8
207 217 42 3
207 218 31 6
207 219 23 7
207 289 36 4
207 321 49 1
207 340 19 10
207 356 36 3
207 382 25 10
207 431 21 1
207 528 41 9
207 590 16 9
207 633 26 6
207 661 33 7
207 671 44 2
207 713 19 1
207 739 43 3
207 763 44 1
207 803 9 6
207 850 35 5
207 870 30 10
207 904 27 3
207 928 12 5
207 985 18 8
207 1012 7 5
207 1087 12 4
207 1135 35 7
207 1170 18 9
208 360 19 2
208 605 22 10
212 991 45 9
213 238 12 3
214 658 39 8
214 1028 33 5
216 1029 14 10
217 702 36 1
218 569 32 7
218 1063 15 1
219 843 23 9
220 221 10 8
220 222 16 2
220 223 32 2
220 224 42 9
220 225 44 8
220 226 27 4
220 227 46 10
220 228 31 8
220 229 36 5
220 230 28 10
220 231 4 4
220 232 44 1
220 233 25 7
220 234 36 9
220 235 42 10
220 236 27 7
220 315 21 4
220 320 42 10
220 346 34 1
220 396 24 5
220 490 49 7
220 556 26 9
220 650 38 6
220 780 35 1
220 803 5 2
220 870 31 1
220 956 15 7
220 1085 40 8
220 1170 10 7
220 1176 16 3
221 222 22 5
221 223 49 1
221 224 22 2
221 225 46 1
221 226 13 7
221 227 26 5
221 228 39 5
221 237 7 8
221 238 21 5
221 288 50 4
221 382 28 6
221 453 11 3
221 557 18 10
221 580 44 9
221 700 18 3
221 852 48 8
221 870 24 9
221 1011 46 10
222 223 48 4
222 224 14 10
222 225 49 10
222 226 39 3
222 227 21 1
222 228 21 8
222 239 16 8
222 240 22 2
222 241 5 9
222 242 44 1
222 243 9 10
222 288 50 1
222 340 26 1
222 358 9 10
222 494 40 1
222 527 50 9
222 590 3 9
222 714 8 5
222 735 25 9
222 802 21 6
222 832 16 6
222 879 6 3
222 1013 2 6
222 1177 50 9
223 224 33 6
223 225 2 9
223 226 38 9
223 227 9 4
223 228 48 3
223 244 36 7
223 245 10 5
223 246 2 5
223 247 27 10
223 321 45 7
223 396 15 8
223 471 28 2
223 660 44 7
223 831 36 5
223 1050 48 3
223 1103 18 1
223 1150 42 7
224 225 37 1
224 226 30 6
224 227 2 6
224 228 39 6
224 248 15 10
224 249 29 9
224 250 44 4
224 251 1 3
224 267 34 3
224 357 30 3
224 382 39 10
224 430 17 6
224 581 43 1
224 651 3 4
224 700 50 5
224 945 4 7
224 1136 31 2
224 1150 28 9
225 226 25 8
225 227 28 2
225 228 3 5
225 252 34 4
225 253 25 6
225 346 20 5
225 661 13 1
225 670 47 10
225 672 9 2
225 711 14 7
225 736 20 7
225 760 45 7
225 763 34 8
225 780 1 9
225 852 25 6
225 955 28 2
225 1060 20 10
225 1104 31 3
226 227 18 10
226 228 11 1
226 254 45 1
226 255 32 1
226 268 50 1
226 596 19 5
226 632 33 10
226 876 39 6
226 901 8 3
226 980 17 5
226 1059 16 6
227 228 40 4
227 256 30 10
227 257 35 1
227 258 15 8
227 259 21 3
227 260 4 1
227 261 31 6
227 262 30 9
227 263 31 5
227 340 2 8
227 453 45 5
227 473 22 8
227 630 43 8
227 902 9 9
227 928 41 8
227 1087 16 1
228 264 27 6
228 315 39 7
228 431 34 6
228 526 38 8
228 945 5 2
228 980 2 6
228 1050 10 10
228 1136 47 6
228 1170 14 7
234 300 47 6
236 548 22 10
236 1072 4 2
240 365 10 5
240 408 24 10
241 550 1 10
242 500 8 3
248 503 10 10
248 609 18 10
249 402 42 9
250 719 37 3
250 1169 39 2
251 1095 44 3
252 1189 18 3
253 1144 21 5
255 669 29 7
255 993 9 1
256 939 46 2
258 446 4 9
258 1009 5 4
260 325 19 2
261 523 30 8
262 1138 48 5
264 531 44 9
265 266 22 10
265 267 38 10
265 268 15 1
265 269 7 2
265 270 5 9
265 271 26 1
265 272 6 10
265 273 39 7
265 274 25 6
265 287 38 4
265 345 49 1
265 358 12 10
265 400 28 6
265 432 34 6
265 471 36 9
265 555 14 2
265 590 46 8
265 630 28 8
265 712 22 6
265 800 23 9
265 830 10 3
265 852 36 8
265 945 30 4
265 1011 10 1
265 1050 49 9
265 1086 30 10
265 1136 43 9
265 1153 7 10
265 1170 26 6
265 1176 22 7
266 267 2 5
266 268 20 8
266 275 6 9
266 276 34 3
266 315 47 8
266 357 46 10
266 473 38 8
266 495 6 4
266 580 40 6
266 594 35 2
266 650 28 2
266 675 33 10
266 701 36 2
266 763 6 5
266 804 43 2
266 833 31 9
266 879 11 4
266 983 38 5
266 1011 4 9
266 1059 8 9
266 1101 19 7
266 1136 23 9
267 268 43 5
267 277 36 4
267 278 25 2
267 279 49 10
267 320 17 1
267 340 34 4
267 345 12 4
267 381 45 3
267 453 26 5
267 493 32 9
267 526 2 5
267 558 40 9
267 580 28 10
267 661 42 10
267 700 20 10
267 710 45 7
267 735 9 8
267 761 18 10
267 783 8 4
267 850 40 3
267 870 44 7
267 927 47 10
267 928 20 2
267 946 21 7
267 980 21 10
268 280 7 2
268 281 32 7
268 282 20 4
268 283 25 9
268 284 27 1
268 287 37 6
268 315 16 3
268 323 39 2
268 382 1 10
268 395 35 10
268 430 18 10
268 452 18 8
268 529 35 2
268 650 20 5
268 661 19 9
268 672 20 5
268 736 11 4
268 783 32 3
268 870 12 3
268 877 3 3
268 900 8 8
268 901 48 5
268 956 20 10
268 959 27 7
268 1050 33 2
268 1056 4 9
268 1087 40 6
268 1152 10 4
268 1170 42 8
269 438 36 1
270 566 41 3
272 897 13 4
274 625 2 6
276 1065 12 4
276 1144 47 3
278 376 28 4
279 759 38 9
279 796 13 1
280 849 41 10
282 798 30 7
283 464 15 9
283 789 28 8
283 964 38 9
285 286 36 9
285 287 28 6
285 288 50 2
285 289 40 6
285 290 1 4
285 291 4 4
285 340 8 5
285 346 50 3
285 530 17 1
285 650 25 3
285 661 38 6
285 675 50 4
285 713 23 5
285 783 13 4
285 804 7 9
285 852 19 10
285 870 21 2
285 928 39 4
285 946 45 5
285 1057 37 6
285 1135 32 7
286 287 43 4
286 288 30 1
286 289 35 7
286 290 30 10
286 292 2 1
286 293 37 2
286 315 1 5
286 321 19 4
286 340 34 9
286 398 8 3
286 473 2 3
286 556 6 5
286 700 20 1
286 713 13 1
286 782 41 1
286 902 37 6
286 1086 45 5
286 1100 4 2
286 1150 17 10
286 1170 44 4
287 288 32 4
287 289 36 4
287 290 12 1
287 294 34 4
287 295 45 6
287 296 47 9
287 357 6 4
287 382 20 2
287 399 46 10
287 452 41 3
287 495 19 9
287 525 41 9
287 594 17 4
287 878 27 2
287 1055 18 8
287 1170 10 5
287 1178 24 7
288 289 21 6
288 290 15 10
288 297 48 8
288 298 39 7
288 299 41 5
288 300 30 6
288 301 10 9
288 302 17 6
288 303 46 3
288 315 30 1
288 346 4 4
288 382 5 5
288 430 43 6
288 451 41 7
288 470 19 1
288 491 12 4
288 590 29 6
288 633 21 6
288 651 43 10
288 736 41 4
288 830 44 9
288 955 6 7
288 1013 45 1
288 1050 20 8
288 1085 20 2
288 1104 31 6
288 1175 8 1
289 290 14 5
289 304 42 10
289 305 28 10
289 306 31 10
289 307 31 4
289 323 12 8
289 670 12 5
289 700 40 10
289 736 1 4
289 761 49 6
289 830 38 3
289 870 39 10
289 879 32 10
289 904 48 3
289 925 7 3
289 1150 14 4
290 308 33 6
290 309 7 3
290 310 29 8
290 311 20 2
290 312 16 9
290 313 43 10
290 314 13 8
290 355 10 1
290 431 22 6
290 580 30 5
290 581 18 3
290 630 34 9
290 763 35 5
290 803 26 8
290 850 34 4
290 946 47 9
290 957 6 8
290 983 5 3
290 984 30 1
290 1012 11 6
290 1050 13 5
290 1137 32 10
293 515 12 7
294 376 1 3
294 743 17 4
302 347 16 5
302 468 26 10
304 1028 43 8
308 637 28 7
309 404 34 2
309 568 12 9
310 646 26 5
310 663 7 10
311 652 20 5
311 655 2 2
315 316 24 6
315 317 40 7
315 318 37 4
315 319 21 3
315 321 38 2
315 322 16 7
315 340 1 7
315 345 26 5
315 346 10 2
315 357 34 1
315 359 17 9
315 382 23 4
315 396 43 2
315 397 8 7
315 431 18 5
315 433 20 3
315 450 30 4
315 453 12 10
315 471 38 5
315 472 23 5
315 490 42 8
315 494 20 5
315 525 28 1
315 529 10 5
315 555 50 9
315 559 44 10
315 581 15 7
315 591 30 9
315 595 10 2
315 630 33 3
315 631 50 1
315 650 18 3
315 660 20 9
315 673 40 4
315 674 24 3
315 700 37 3
315 712 40 6
315 714 43 2
315 738 49 5
315 739 43 5
315 761 28 10
315 763 10 2
315 781 31 5
315 801 44 8
315 802 48 5
315 830 20 1
315 833 13 3
315 850 19 4
315 853 20 10
315 870 42 9
315 876 27 5
315 877 46 7
315 903 31 3
315 904 19 10
315 925 6 8
315 926 8 3
315 945 30 1
315 946 28 2
315 955 20 10
315 958 50 8
315 981 38 2
315 983 27 2
315 1012 42 7
315 1013 41 8
315 1050 35 8
315 1058 35 4
315 1060 25 5
315 1085 26 10
315 1102 2 2
315 1103 50 9
315 1136 30 5
315 1137 50 5
315 1151 11 4
315 1153 8 6
315 1170 11 3
315 1177 15 8
315 1179 33 5
320 321 10 6
320 322 40 7
320 323 11 5
320 324 29 10
320 325 10 6
320 326 5 4
320 327 43 8
320 328 45 8
320 329 1 10
320 330 8 3
320 345 14 6
320 381 46 10
320 396 43 10
320 433 37 1
320 493 50 6
320 580 20 3
320 631 20 6
320 700 24 2
320 711 23 6
320 714 12 3
320 830 30 10
320 870 27 3
320 900 43 2
320 925 18 9
320 945 9 3
320 1013 16 2
320 1050 22 2
320 1085 44 2
320 1178 28 8
321 322 47 7
321 323 29 6
321 331 25 7
321 340 5 2
321 346 21 6
321 396 14 10
321 453 1 7
321 492 8 6
321 525 6 9
321 529 25 2
321 581 30 5
321 632 34 10
321 736 31 1
321 760 9 3
321 801 50 1
321 1010 24 9
321 1057 36 5
321 1136 26 7
321 1137 40 3
321 1170 30 8
322 323 44 10
322 332 47 2
322 333 41 3
322 334 28 7
322 335 6 3
322 336 43 4
322 337 18 5
322 338 31 8
322 453 15 3
322 558 17 7
322 591 12 6
322 592 16 9
322 650 23 4
322 651 13 3
322 660 45 1
322 661 49 2
322 736 5 4
322 782 47 7
322 804 7 3
322 833 28 1
322 853 8 6
322 870 24 6
322 904 19 5
322 925 9 1
322 958 44 10
322 983 18 3
322 1086 22 9
322 1105 50 2
322 1151 10 6
322 1152 45 9
323 339 24 9
323 340 45 3
323 355 5 4
323 358 31 7
323 380 47 4
323 433 5 8
323 471 44 6
323 472 36 1
323 557 47 9
323 670 27 9
323 671 3 3
323 700 41 10
323 762 8 2
323 780 26 7
323 851 2 5
323 876 35 10
323 955 13 10
323 981 6 2
323 1050 28 1
323 1059 2 7
323 1105 11 2
323 1170 36 5
323 1178 23 1
324 1073 21 8
328 578 22 2
329 599 17 10
329 601 38 3
329 649 22 5
329 771 16 8
333 634 14 2
336 895 28 8
337 718 48 7
337 1095 12 3
340 341 28 10
340 342 9 2
340 343 13 8
340 344 48 4
340 345 29 4
340 346 46 4
340 357 10 1
340 358 25 6
340 380 41 7
340 381 43 6
340 399 21 7
340 400 3 1
340 431 2 10
340 433 46 7
340 453 22 5
340 471 49 3
340 473 47 3
340 491 25 1
340 492 9 9
340 528 32 9
340 557 49 6
340 559 20 1
340 580 4 8
340 581 23 2
340 596 36 3
340 630 17 4
340 631 12 5
340 650 20 7
340 651 5 2
340 660 49 6
340 661 13 7
340 671 13 2
340 675 11 6
340 700 41 9
340 701 11 3
340 714 2 10
340 737 41 1
340 762 41 3
340 782 43 7
340 783 43 5
340 804 22 5
340 830 33 7
340 831 50 1
340 850 19 4
340 853 29 10
340 870 11 6
340 875 41 10
340 879 48 5
340 901 50 5
340 902 26 7
340 927 37 6
340 928 19 1
340 946 33 5
340 956 27 4
340 958 38 3
340 980 49 1
340 985 50 2
340 1013 50 3
340 1015 20 10
340 1050 42 1
340 1058 21 8
340 1059 46 1
340 1085 17 6
340 1087 22 5
340 1101 17 6
340 1105 4 9
340 1136 13 3
340 1137 13 10
340 1151 23 8
340 1153 2 1
340 1170 43 8
340 1176 7 1
340 1178 49 9
342 865 15 10
343 1065 3 4
345 346 10 10
345 347 43 3
345 348 31 9
345 349 43 2
345 350 42 6
345 351 48 7
345 352 14 2
345 353 44 1
345 355 19 2
345 381 37 9
345 382 28 4
345 400 40 2
345 433 41 5
345 453 3 8
345 472 11 10
345 492 13 2
345 530 26 1
345 559 10 7
345 580 35 1
345 630 11 1
345 631 45 5
345 651 12 2
345 661 10 9
345 700 21 3
345 711 43 3
345 736 30 8
345 761 17 6
345 801 37 5
345 803 18 10
345 833 44 2
345 852 18 10
345 878 17 8
345 928 15 1
345 1017 36 5
345 1050 46 10
345 1085 44 2
345 1101 25 5
345 1104 7 9
345 1136 19 9
345 1170 43 10
345 1176 5 9
346 354 14 5
346 359 46 5
346 396 19 7
346 432 3 5
346 453 27 3
346 472 39 2
346 493 12 9
346 526 50 8
346 557 1 1
346 581 38 6
346 590 10 2
346 650 36 7
346 661 43 3
346 670 23 6
346 674 43 5
346 713 14 8
346 737 3 9
346 761 38 5
346 783 47 1
346 832 15 7
346 870 26 5
346 878 39 4
346 904 24 7
346 926 39 3
346 945 35 4
346 946 31 7
346 958 40 8
346 959 43 1
346 981 3 3
346 982 8 8
346 1012 23 8
346 1057 43 1
346 1058 4 3
346 1085 39 4
346 1151 3 7
346 1152 4 5
346 1170 30 9
348 369 22 9
350 815 10 3
351 656 37 8
352 947 29 10
352 971 35 3
354 914 15 6
355 356 7 2
355 357 6 7
355 358 17 7
355 359 13 9
355 360 7 5
355 381 27 6
355 401 22 7
355 496 29 10
355 557 8 10
355 580 29 4
355 700 41 6
355 761 1 7
355 804 40 6
355 830 12 5
355 850 2 6
355 1085 36 5
355 1135 35 10
355 1170 23 7
356 357 10 1
356 358 50 9
356 359 1 9
356 361 22 2
356 362 32 2
356 363 4 3
356 364 16 6
356 365 1 1
356 366 21 3
356 397 20 9
356 431 1 8
356 593 5 10
356 651 23 1
356 660 50 2
356 675 19 1
356 700 2 1
356 711 37 1
356 761 15 1
356 781 18 3
356 830 23 10
356 853 48 7
356 875 7 5
356 959 22 3
356 1011 11 7
356 1055 8 2
356 1106 25 3
356 1170 28 10
357 358 11 3
357 359 38 3
357 367 3 2
357 368 46 4
357 369 24 5
357 370 48 3
357 371 43 8
357 372 9 3
357 450 22 4
357 470 27 8
357 494 7 10
357 632 23 2
357 651 10 3
357 661 22 7
357 712 42 4
357 738 16 6
357 739 49 1
357 803 46 5
357 870 8 10
357 903 26 10
357 904 5 7
357 945 44 4
357 1013 11 1
357 1059 11 7
357 1087 17 5
357 1152 36 1
358 359 19 9
358 373 42 8
358 374 48 8
358 375 16 8
358 431 3 10
358 526 17 5
358 527 50 9
358 556 27 3
358 580 50 10
358 591 28 10
358 633 42 6
358 780 10 5
358 928 17 4
358 946 24 6
358 983 33 5
358 1050 19 10
358 1102 4 10
358 1151 3 7
358 1176 1 8
358 1177 27 8
359 376 2 10
359 377 37 10
359 378 8 3
359 379 10 10
359 380 49 4
359 453 3 5
359 470 40 5
359 674 50 5
359 870 38 7
359 875 32 3
359 925 23 7
359 959 27 2
359 984 17 8
359 1050 38 6
359 1135 44 6
360 835 15 4
363 485 35 6
367 534 42 5
368 771 18 1
369 420 14 8
369 1045 49 2
371 888 40 6
372 464 22 3
372 488 6 10
374 659 34 7
375 855 24 2
375 897 44 7
375 1080 43 5
375 1126 22 4
380 381 20 3
380 382 24 7
380 383 37 8
380 384 27 3
380 385 30 3
380 386 14 6
380 387 1 4
380 388 1 10
380 496 28 1
380 529 42 7
380 581 48 5
380 593 41 10
380 633 41 3
380 660 40 7
380 700 10 9
380 701 15 9
380 711 44 6
380 713 34 2
380 762 20 5
380 850 13 4
380 904 30 8
380 955 43 7
380 1055 28 8
380 1085 8 5
380 1087 43 4
380 1103 35 6
380 1106 37 8
380 1135 39 7
380 1151 19 6
380 1170 33 10
380 1176 34 10
381 382 43 3
381 389 17 9
381 451 38 6
381 453 15 10
381 490 45 4
381 558 35 6
381 590 8 8
381 651 14 5
381 671 50 10
381 738 5 3
381 763 5 5
381 802 29 5
381 831 36 8
381 870 27 1
381 878 27 6
381 879 21 4
381 902 17 8
381 926 2 9
381 928 8 10
381 945 17 8
381 958 45 4
381 983 34 10
381 1050 9 10
381 1057 1 3
381 1136 24 6
381 1170 1 10
382 390 12 4
382 391 24 7
382 392 47 7
382 393 26 8
382 394 13 6
382 395 11 4
382 399 49 6
382 430 8 10
382 433 32 10
382 473 20 4
382 529 15 3
382 555 42 6
382 581 46 5
382 632 24 10
382 661 17 10
382 673 22 6
382 736 15 5
382 780 35 7
382 800 20 5
382 833 17 4
382 853 17 9
382 985 22 9
382 1010 23 5
382 1017 30 2
382 1175 12 8
387 505 14 4
390 486 24 1
391 457 18 2
392 469 34 7
394 1191 3 2
395 396 13 5
395 397 11 2
395 398 25 10
395 399 24 3
395 400 20 8
395 401 36 7
395 402 11 3
395 403 26 1
395 404 32 3
395 405 48 2
395 406 38 1
395 407 33 6
395 408 2 2
395 409 44 6
395 492 36 2
395 631 4 4
395 650 13 2
395 660 50 10
395 737 14 9
395 927 17 6
395 1137 37 5
395 1170 13 7
395 1176 8 7
396 397 28 10
396 398 23 10
396 399 49 9
396 400 19 5
396 401 46 6
396 410 50 5
396 411 43 10
396 412 44 6
396 413 7 4
396 433 13 2
396 453 36 5
396 494 29 2
396 673 38 10
396 700 24 6
396 877 42 4
396 1013 16 3
396 1050 33 6
396 1087 35 10
396 1151 26 3
396 1152 3 8
396 1170 16 10
397 398 5 3
397 399 26 6
397 400 40 9
397 401 28 10
397 414 37 7
397 415 17 9
397 416 17 1
397 417 3 4
397 580 49 7
397 735 24 1
397 780 35 6
397 830 38 1
397 851 8 9
397 877 19 9
397 983 24 6
397 984 13 8
397 1014 12 4
398 399 30 5
398 400 39 5
398 401 11 9
398 418 34 4
398 555 21 8
398 633 36 2
398 701 12 5
398 833 6 4
398 853 18 3
398 901 38 8
398 945 28 1
398 946 24 6
398 955 40 5
398 958 24 2
398 1050 36 6
398 1059 39 10
398 1101 22 1
398 1104 44 3
399 400 47 1
399 401 27 1
399 419 49 6
399 420 45 9
399 421 36 9
399 422 46 7
399 423 49 10
399 432 29 6
399 590 24 10
399 661 16 8
399 782 35 4
399 1137 13 8
400 401 1 3
400 424 2 8
400 425 25 7
400 426 26 10
400 473 28 9
400 529 33 2
400 581 30 10
400 762 32 1
400 805 11 1
400 1060 24 7
400 1178 21 9
401 427 22 5
401 428 7 2
401 429 4 3
401 453 37 10
401 472 41 1
401 530 31 9
401 559 25 7
401 592 19 2
401 650 24 3
401 674 6 2
401 710 3 1
401 712 49 6
401 762 6 8
401 802 23 2
401 870 33 3
401 900 25 8
401 927 12 5
401 1085 46 10
403 560 6 8
410 787 1 7
414 415 4 5
416 553 42 9
416 996 21 9
418 542 47 6
418 1113 36 8
420 442 44 9
420 552 47 10
422 613 18 10
423 578 16 6
424 1190 44 7
426 680 19 1
429 939 22 6
430 431 16 5
430 432 3 10
430 433 3 3
430 434 18 9
430 435 26 10
430 495 4 7
430 556 44 7
430 557 45 2
430 580 3 6
430 739 32 9
430 830 11 6
430 870 19 7
430 904 19 6
430 945 45 6
430 1011 44 7
430 1136 49 9
430 1137 9 6
430 1150 35 8
431 432 22 4
431 433 28 10
431 436 24 5
431 437 24 1
431 438 2 5
431 439 21 1
431 451 8 5
431 452 6 9
431 473 42 4
431 496 31 9
431 650 36 8
431 661 29 5
431 711 12 2
431 712 15 3
431 781 19 10
431 852 27 3
431 853 46 10
431 959 33 5
431 1050 14 3
431 1102 11 7
431 1105 16 6
431 1175 47 6
432 433 37 5
432 440 36 5
432 441 38 8
432 442 22 4
432 443 18 6
432 472 10 4
432 526 11 6
432 527 14 9
432 580 1 3
432 596 35 2
432 650 47 6
432 671 3 9
432 700 16 7
432 738 12 6
432 760 26 8
432 804 7 9
432 876 13 10
432 904 14 5
432 925 34 7
432 928 19 4
432 945 1 1
432 956 8 7
432 1015 10 1
432 1050 5 2
432 1058 35 8
432 1060 24 8
432 1170 3 6
432 1179 40 6
433 444 17 7
433 445 1 1
433 446 18 9
433 447 7 3
433 448 24 6
433 449 48 1
433 590 7 6
433 631 26 10
433 673 19 5
433 701 5 3
433 762 22 5
433 783 7 10
433 801 10 5
433 870 1 10
433 879 20 5
433 982 31 7
433 1085 37 3
433 1153 45 4
433 1170 5 6
434 553 50 4
434 715 6 10
435 1129 16 8
436 822 31 4
438 895 2 2
438 1020 28 1
438 1160 29 10
442 746 46 9
442 986 39 4
445 696 42 2
450 451 49 5
450 452 47 5
450 453 33 2
450 454 24 7
450 455 2 10
450 456 33 3
450 457 10 2
450 458 17 2
450 459 46 6
450 460 27 6
450 496 39 7
450 526 12 3
450 555 21 4
450 557 45 10
450 711 15 1
450 714 20 10
450 736 8 9
450 870 20 5
450 900 5 5
450 1011 12 2
450 1050 33 3
450 1100 8 5
450 1135 40 5
450 1152 9 1
451 452 42 9
451 453 7 4
451 461 45 3
451 473 16 7
451 528 4 2
451 633 27 2
451 651 5 9
451 660 2 7
451 700 40 6
451 701 48 4
451 763 14 7
451 831 4 3
451 878 19 1
451 903 30 9
451 927 29 8
451 946 24 8
451 957 27 3
451 1060 40 4
451 1101 35 10
451 1170 6 1
451 1179 6 5
452 453 39 5
452 462 10 2
452 463 9 4
452 464 7 7
452 465 50 6
452 473 45 3
452 493 34 5
452 581 11 6
452 595 19 4
452 633 2 6
452 661 18 6
452 781 33 9
452 803 41 4
452 851 47 2
452 877 38 7
452 927 17 4
452 946 34 2
452 981 10 6
452 1058 18 4
452 1087 46 8
452 1137 19 5
452 1152 43 10
453 466 13 1
453 467 46 7
453 468 18 1
453 469 20 6
453 580 3 2
453 592 46 4
453 651 50 4
453 670 24 3
453 675 34 3
453 738 3 7
453 762 9 7
453 783 2 7
453 803 8 8
453 833 45 6
453 870 28 3
453 959 44 9
453 982 48 9
453 1010 17 2
453 1050 46 2
453 1086 36 1
453 1170 23 8
453 1177 30 10
457 669 26 1
458 908 17 9
460 846 6 3
463 966 9 2
463 1071 32 5
465 921 29 3
467 752 25 9
467 862 10 10
468 1097 33 9
470 471 7 9
470 472 3 6
470 473 15 10
470 474 26 4
470 475 38 1
470 476 46 3
470 477 36 2
470 558 39 3
470 559 32 5
470 580 37 9
470 597 21 2
470 633 36 9
470 651 50 3
470 713 23 9
470 803 15 4
470 833 50 2
470 850 38 8
470 945 11 1
470 946 22 4
470 957 22 7
470 981 46 9
470 983 2 10
470 1050 28 5
470 1085 17 4
470 1102 16 9
470 1136 24 6
470 1151 12 2
471 472 30 1
471 473 13 5
471 478 22 5
471 479 42 6
471 491 37 3
471 493 10 6
471 529 24 10
471 580 39 5
471 632 22 3
471 672 37 8
471 701 10 1
471 763 14 1
471 780 29 10
471 853 23 1
471 878 34 4
471 902 36 10
471 928 33 6
471 1017 27 6
471 1050 14 2
471 1060 11 1
471 1170 27 1
471 1175 25 3
472 473 11 6
472 480 22 6
472 481 13 8
472 482 48 4
472 483 18 4
472 484 34 4
472 485 34 10
472 486 36 7
472 526 6 6
472 594 12 7
472 700 25 9
472 735 13 3
472 761 34 1
472 870 8 4
472 876 30 4
472 1011 16 7
472 1153 21 2
472 1170 26 2
473 487 48 2
473 488 30 6
473 489 11 10
473 651 47 2
473 661 48 4
473 673 46 8
473 714 8 10
473 737 34 3
473 801 2 4
473 832 15 7
473 870 49 4
473 904 21 2
473 925 11 4
473 955 28 6
473 1085 4 10
473 1105 41 1
473 1136 19 3
473 1178 28 8
476 1195 41 4
477 885 37 9
479 563 12 6
479 606 34 2
483 895 8 7
484 839 4 6
487 669 43 6
489 549 25 3
490 491 40 5
490 492 17 6
490 493 27 2
490 494 43 4
490 495 14 3
490 496 44 8
490 497 6 3
490 498 5 2
490 499 4 1
490 500 45 7
490 501 7 3
490 580 47 7
490 590 49 4
490 632 19 4
490 661 28 1
490 700 10 6
490 760 40 7
490 761 8 1
490 832 4 4
490 903 23 7
490 1104 38 6
490 1137 3 2
491 492 26 9
491 493 21 8
491 494 42 7
491 495 12 4
491 496 7 5
491 502 2 8
491 555 46 2
491 651 1 8
491 782 39 5
491 851 3 9
491 876 43 7
491 1016 22 1
491 1050 22 4
491 1055 34 8
491 1136 3 3
492 493 1 3
492 494 5 7
492 495 33 1
492 496 41 4
492 503 43 9
492 504 12 5
492 505 3 4
492 506 30 5
492 714 32 1
492 783 15 7
492 830 20 5
492 900 34 6
492 928 40 10
492 946 5 8
492 1085 10 7
492 1102 19 3
492 1151 13 3
493 494 25 5
493 495 29 9
493 496 11 7
493 507 18 6
493 508 41 3
493 509 30 8
493 510 33 4
493 511 7 10
493 526 50 4
493 558 43 4
493 594 22 1
493 672 17 1
493 737 37 4
493 800 24 2
493 957 4 4
493 1050 13 6
493 1170 12 8
494 495 18 6
494 496 42 5
494 512 38 5
494 513 21 10
494 514 5 8
494 700 17 5
494 737 17 7
494 852 20 9
494 870 10 9
494 926 35 7
494 1058 46 9
494 1086 39 6
495 496 11 8
495 515 6 6
495 516 28 2
495 517 37 1
495 518 7 6
495 519 42 3
495 520 12 1
495 630 6 3
495 670 12 8
495 711 25 6
495 870 40 9
495 879 10 2
495 1012 25 9
495 1179 25 10
496 521 14 7
496 522 31 10
496 523 46 5
496 524 38 4
496 529 28 5
496 580 26 3
496 650 49 5
496 802 35 6
496 945 48 7
496 957 3 1
496 980 25 4
496 984 36 2
496 1153 50 5
496 1175 16 1
497 835 37 9
497 1126 23 8
499 623 22 6
500 646 7 7
500 868 44 6
501 721 12 1
502 642 39 7
506 576 32 10
509 1184 18 2
512 840 44 7
513 652 30 4
513 867 16 9
513 1160 15 8
515 585 32 3
517 935 48 3
519 722 29 4
521 994 29 10
522 568 41 6
525 526 30 4
525 527 21 1
525 528 14 4
525 529 32 10
525 530 18 6
525 531 48 10
525 532 5 4
525 533 23 1
525 534 21 1
525 535 4 4
525 536 9 3
525 661 27 5
525 736 22 10
525 1017 2 7
525 1105 22 6
525 1150 20 7
525 1179 32 4
526 527 38 9
526 528 18 5
526 529 19 8
526 530 39 10
526 537 29 2
526 538 29 8
526 539 37 9
526 540 14 8
526 541 3 3
526 542 7 1
526 580 34 10
526 581 26 5
526 650 24 4
526 651 36 4
526 833 18 1
526 851 12 2
526 870 49 8
526 955 44 1
526 1055 14 10
526 1085 21 10
526 1086 6 3
527 528 38 1
527 529 1 1
527 530 11 3
527 543 43 7
527 544 23 8
527 545 1 10
527 546 5 5
527 547 40 10
527 555 13 9
527 591 44 3
527 660 38 7
527 701 4 4
527 800 2 4
527 851 6 6
527 879 14 9
527 926 19 2
527 956 16 8
527 1135 22 6
527 1137 48 6
527 1170 3 1
528 529 9 5
528 530 14 5
528 548 10 2
528 556 45 4
528 633 40 2
528 711 1 4
528 737 46 8
528 760 16 9
528 800 12 1
528 832 45 9
528 878 10 2
528 928 1 4
528 945 22 3
529 530 10 9
529 549 10 10
529 550 23 3
529 632 4 6
529 675 12 4
529 712 37 8
529 761 31 6
529 782 32 9
529 870 29 4
529 903 22 4
529 980 27 7
529 984 2 6
529 1050 28 10
529 1055 32 9
529 1177 30 1
530 551 44 6
530 552 29 2
530 553 2 9
530 554 41 2
530 590 40 1
530 701 10 9
530 903 47 8
530 946 24 8
530 1016 24 6
530 1050 26 8
530 1106 5 4
530 1153 28 3
530 1170 31 3
531 679 38 6
531 995 46 6
534 779 12 2
534 910 30 3
534 1000 6 10
535 937 47 7
538 1165 33 6
539 1007 34 9
540 812 48 6
541 607 44 4
542 1028 32 10
543 577 40 2
544 889 18 5
547 1192 1 2
547 1196 15 7
548 787 14 8
552 721 27 9
554 1134 21 5
555 556 41 8
555 557 46 4
555 558 44 4
555 559 19 1
555 560 30 2
555 561 30 2
555 562 13 8
555 563 44 7
555 564 8 10
555 631 11 6
555 673 20 10
555 739 5 5
555 833 34 9
555 851 37 5
555 870 46 5
555 927 40 1
555 945 50 8
555 1050 31 6
555 1135 47 1
555 1170 27 2
556 557 20 10
556 558 12 7
556 559 6 8
556 565 24 10
556 566 47 2
556 567 20 6
556 568 32 10
556 569 22 2
556 570 31 9
556 712 3 10
556 783 22 1
556 800 15 9
556 879 30 1
556 901 29 4
556 902 21 4
556 1014 24 4
556 1050 39 10
556 1085 26 5
556 1135 28 5
556 1175 14 8
556 1177 13 5
557 558 30 7
557 559 28 10
557 571 40 5
557 572 8 5
557 573 44 5
557 574 45 2
557 575 22 4
557 576 30 9
557 577 7 1
557 580 9 1
557 650 22 5
557 700 13 8
557 762 18 7
557 781 33 9
557 805 8 10
557 852 18 10
557 870 27 5
557 927 20 2
557 956 42 5
557 980 36 4
557 1017 42 3
557 1060 26 7
557 1103 29 4
557 1170 8 5
558 559 7 6
558 578 50 4
558 580 40 7
558 660 33 2
558 672 12 9
558 737 7 1
558 761 47 2
558 830 12 5
558 876 44 3
558 945 6 1
558 957 33 6
558 1085 16 6
559 579 43 3
559 591 22 6
559 596 2 6
559 633 15 4
559 651 34 6
559 660 20 4
559 700 39 4
559 714 35 5
559 985 35 2
559 1056 24 5
559 1103 5 4
559 1150 8 1
559 1153 20 4
560 585 19 3
560 1063 8 9
562 1114 5 10
564 962 47 5
565 844 38 1
566 621 43 10
566 826 28 7
566 938 31 9
569 860 33 2
570 786 7 9
570 1116 32 10
571 577 7 1
571 751 20 2
571 1032 17 6
574 500 18 1
575 857 1 4
576 1070 32 1
578 907 22 6
579 798 6 8
580 581 34 4
580 582 21 10
580 583 4 6
580 584 2 9
580 585 45 2
580 586 33 9
580 587 29 10
580 595 24 6
580 633 47 8
580 651 33 4
580 660 40 1
580 671 33 8
580 701 24 4
580 711 24 9
580 714 37 4
580 832 16 7
580 870 49 4
580 876 21 4
580 878 22 8
580 927 1 9
580 958 6 5
580 982 27 3
580 1010 35 9
580 1050 18 1
580 1056 38 9
580 1085 5 5
580 1086 9 9
580 1106 5 10
580 1135 26 8
580 1152 13 1
581 588 18 7
581 589 26 9
581 596 48 6
581 633 50 2
581 651 29 7
581 674 25 6
581 701 6 6
581 737 5 7
581 738 32 6
581 761 7 2
581 780 14 10
581 783 9 4
581 801 6 1
581 805 12 10
581 833 27 10
581 851 30 6
581 852 9 2
581 870 25 6
581 901 14 5
581 902 31 1
581 925 15 3
581 945 43 6
581 946 25 1
581 958 41 1
581 980 15 2
581 1016 17 2
581 1050 3 3
581 1106 1 2
581 1135 41 4
581 1150 13 9
581 1170 19 9
581 1175 8 8
581 1176 47 5
582 888 15 3
582 1048 46 10
588 731 44 6
588 757 2 7
588 1161 41 8
590 591 36 9
590 592 23 5
590 593 49 1
590 594 45 7
590 595 4 5
590 596 9 10
590 597 10 1
590 598 23 10
590 599 33 6
590 600 37 5
590 601 49 10
590 602 36 1
590 603 10 4
590 736 48 6
590 782 21 10
590 850 36 5
590 925 26 8
590 985 5 5
590 1016 32 10
590 1059 6 1
591 592 35 1
591 593 3 4
591 594 10 7
591 595 36 9
591 596 49 9
591 597 29 5
591 604 40 6
591 605 3 5
591 631 4 9
591 713 34 6
591 760 41 9
591 832 45 4
591 870 14 4
591 946 21 8
591 1150 19 4
591 1170 40 7
592 593 23 4
592 594 20 8
592 595 12 7
592 596 33 9
592 597 21 6
592 606 6 9
592 607 15 7
592 608 45 1
592 650 16 10
592 660 8 9
592 946 48 9
592 1179 37 10
593 594 24 3
593 595 28 2
593 596 31 10
593 597 7 4
593 609 14 3
593 901 46 4
593 983 30 7
593 1050 1 4
593 1136 22 5
594 595 10 2
594 596 33 5
594 597 21 5
594 610 31 1
594 611 20 3
594 612 11 10
594 613 39 4
594 631 41 2
594 700 49 10
594 801 2 4
594 831 38 3
594 926 1 2
595 596 40 2
595 597 44 2
595 614 8 8
595 615 40 7
595 616 29 2
595 617 10 2
595 710 10 7
595 738 25 10
595 783 50 4
595 852 41 3
595 879 1 5
595 955 48 8
595 1017 14 9
595 1100 5 6
595 1152 40 9
596 597 7 10
596 618 26 6
596 619 37 7
596 620 47 9
596 621 33 7
596 622 26 1
596 623 38 7
596 661 3 2
596 701 17 2
596 762 2 7
596 803 50 3
596 879 38 1
596 903 37 9
596 955 19 8
596 1085 23 10
596 1170 16 10
596 1176 31 4
597 624 47 3
597 625 22 3
597 626 23 8
597 627 16 1
597 628 4 9
597 629 21 2
597 651 8 2
597 671 8 10
597 673 26 10
597 1060 42 4
597 1085 16 4
597 1100 45 4
597 1136 17 6
598 757 45 7
600 1037 17 4
602 1009 18 10
604 849 8 5
607 898 34 7
609 744 21 6
609 1155 31 5
614 676 28 5
616 759 41 10
618 866 27 4
622 722 37 1
627 995 13 1
629 717 41 1
629 1173 21 1
630 631 2 10
630 632 18 10
630 633 20 6
630 634 41 2
630 635 45 2
630 636 42 8
630 637 29 2
630 650 35 5
630 700 30 2
630 782 21 2
630 804 44 6
630 927 44 8
630 958 9 8
630 982 33 8
630 983 8 7
630 1153 3 5
630 1170 1 10
630 1177 32 9
630 1178 42 3
631 632 41 3
631 633 19 5
631 638 12 5
631 639 48 6
631 660 50 4
631 804 48 6
631 876 9 6
631 925 11 3
631 946 15 1
631 1050 37 7
631 1085 38 7
631 1106 16 2
632 633 34 5
632 640 37 10
632 641 10 10
632 642 25 5
632 643 8 1
632 673 17 1
632 701 7 3
632 736 8 1
632 739 48 2
632 783 4 3
632 830 2 8
632 833 38 10
632 853 38 5
632 870 5 4
632 900 17 6
632 946 20 7
632 1015 12 10
632 1057 14 10
632 1086 16 2
632 1104 32 8
632 1150 12 10
632 1170 38 10
633 644 12 3
633 645 1 2
633 646 27 9
633 647 26 8
633 648 29 7
633 649 2 8
633 650 24 8
633 660 24 10
633 671 39 4
633 713 24 4
633 714 33 10
633 762 10 1
633 763 7 2
633 853 6 5
633 877 30 2
633 902 3 8
633 958 47 4
633 1011 24 3
633 1050 13 5
633 1060 45 7
633 1136 44 2
633 1137 8 9
637 865 46 10
640 1193 17 10
643 648 38 4
643 915 30 5
643 949 39 9
649 693 15 8
649 1146 35 8
650 651 14 4
650 652 21 10
650 653 35 4
650 654 14 3
650 655 13 7
650 656 50 5
650 661 11 6
650 700 17 2
650 710 37 3
650 713 30 9
650 738 44 3
650 831 49 8
650 870 28 10
650 879 37 8
650 902 32 1
650 928 42 4
650 945 10 8
650 982 25 7
650 985 14 5
650 1011 32 2
650 1050 15 6
650 1087 7 9
650 1100 29 9
650 1137 26 8
650 1177 48 3
650 1178 1 6
651 657 35 4
651 658 9 1
651 659 26 6
651 661 13 2
651 672 4 2
651 675 46 5
651 700 27 2
651 736 26 10
651 760 6 8
651 761 15 9
651 780 2 1
651 782 15 5
651 801 44 3
651 830 49 5
651 851 14 2
651 852 2 10
651 870 22 6
651 875 29 2
651 902 12 7
651 926 12 7
651 955 19 1
651 957 37 4
651 1011 21 3
651 1050 47 8
651 1057 8 1
651 1085 10 2
651 1106 39 3
651 1136 22 7
651 1151 2 1
651 1153 8 2
651 1170 8 7
652 856 44 8
653 772 9 10
653 887 25 6
655 734 17 3
655 787 3 7
656 933 20 5
658 708 39 10
658 727 10 8
658 1022 3 8
660 661 43 6
660 662 18 5
660 663 35 5
660 664 16 1
660 665 47 8
660 666 9 8
660 667 19 2
660 700 33 4
660 710 32 10
660 736 50 1
660 737 34 9
660 761 40 2
660 762 43 8
660 781 4 9
660 783 27 9
660 803 40 8
660 830 45 5
660 833 45 8
660 904 13 1
660 926 44 6
660 946 12 7
660 959 13 10
660 984 42 2
660 1010 46 5
660 1015 39 8
660 1050 6 3
660 1057 44 10
660 1060 22 9
660 1151 15 4
660 1170 14 9
661 668 44 4
661 669 43 1
661 675 49 2
661 701 50 6
661 713 20 3
661 803 42 4
661 850 27 8
661 853 45 4
661 870 24 3
661 876 4 4
661 902 22 5
661 926 1 10
661 946 3 3
661 956 48 4
661 984 27 8
661 1050 40 9
661 1086 5 5
661 1087 30 3
661 1102 46 5
661 1106 41 5
661 1136 47 8
661 1150 42 4
661 1170 49 9
661 1177 43 7
662 849 50 5
665 1063 19 5
666 688 17 6
667 820 41 5
670 671 40 6
670 672 30 3
670 673 28 10
670 674 1 7
670 675 37 6
670 676 43 5
670 677 15 8
670 678 33 3
670 679 9 5
670 680 28 8
670 762 39 7
670 853 37 5
670 870 31 2
670 902 14 10
670 1013 34 6
670 1050 31 2
670 1085 27 9
670 1102 2 1
670 1177 25 10
671 672 33 7
671 673 39 3
671 674 11 4
671 675 31 10
671 681 3 9
671 700 22 4
671 737 29 10
671 782 30 1
671 800 43 8
671 876 8 8
671 878 49 1
671 928 25 7
671 958 11 3
671 985 4 2
671 1136 13 8
672 673 42 10
672 674 16 9
672 675 26 4
672 682 34 6
672 683 25 8
672 684 24 9
672 685 4 6
672 928 8 2
672 959 7 8
672 1056 13 5
672 1135 42 2
673 674 28 9
673 675 38 9
673 686 19 9
673 687 43 7
673 688 34 7
673 689 29 1
673 690 15 4
673 691 9 4
673 692 11 4
673 693 12 8
673 701 4 2
673 832 43 8
673 945 14 7
673 981 12 4
673 1050 4 1
673 1085 44 5
673 1170 1 3
674 675 15 4
674 694 47 7
674 695 22 3
674 696 6 9
674 697 28 7
674 698 15 6
674 739 46 5
674 831 22 3
674 1014 28 1
674 1055 22 2
674 1103 41 3
674 1150 26 5
675 699 30 9
675 711 34 1
675 713 1 1
675 763 6 5
675 783 26 1
675 805 8 6
675 850 9 4
675 870 49 10
675 900 35 9
675 945 39 9
675 1152 45 8
675 1175 10 6
676 849 14 7
680 882 11 10
680 943 7 10
680 953 7 1
684 1142 16 1
685 999 47 6
686 1183 37 3
687 794 11 8
690 943 48 9
692 938 1 4
693 872 46 2
695 789 47 8
695 977 6 2
697 1078 14 4
700 701 12 6
700 702 46 2
700 703 45 6
700 704 47 10
700 705 15 8
700 706 15 7
700 712 15 7
700 782 48 8
700 783 33 4
700 830 33 2
700 831 26 10
700 870 43 5
700 877 29 8
700 902 14 4
700 928 38 6
700 945 15 1
700 982 47 7
700 1017 4 9
700 1056 14 1
700 1087 12 4
700 1136 25 5
700 1150 1 3
700 1170 45 1
700 1177 27 8
701 707 8 6
701 708 6 5
701 709 37 5
701 711 47 2
701 735 42 3
701 761 12 5
701 762 30 6
701 802 41 7
701 804 49 6
701 851 9 4
701 875 42 6
701 902 49 2
701 925 27 3
701 955 32 8
701 959 32 4
701 980 44 3
701 1017 48 10
701 1050 48 10
701 1055 13 3
701 1102 31 5
701 1103 14 9
701 1136 47 7
701 1153 26 3
701 1170 49 2
701 1176 24 8
702 754 13 9
708 1042 6 3
708 1046 12 7
710 711 22 7
710 712 27 7
710 713 16 1
710 714 4 5
710 715 20 7
710 716 45 2
710 717 11 8
710 718 43 3
710 719 25 1
710 720 17 2
710 801 7 4
710 831 30 8
710 878 25 10
710 945 21 1
710 956 31 5
710 1050 21 8
710 1085 26 8
710 1170 10 2
711 712 6 8
711 713 13 5
711 714 29 5
711 721 45 3
711 722 18 6
711 723 45 10
711 724 26 10
711 725 28 7
711 850 11 8
711 870 9 7
711 875 43 5
711 946 32 3
711 980 22 4
711 1011 43 8
711 1050 38 2
712 713 44 4
712 714 8 2
712 726 37 9
712 727 14 10
712 735 9 4
712 739 12 3
712 762 3 7
712 831 19 7
712 903 5 4
712 925 50 6
712 1056 11 6
712 1136 7 3
712 1175 17 3
713 714 16 5
713 728 17 5
713 729 47 4
713 730 48 7
713 731 16 9
713 780 31 10
713 804 13 10
713 901 27 9
713 928 42 6
713 1011 21 4
713 1056 11 1
713 1102 21 3
713 1104 4 8
713 1137 40 4
713 1151 15 1
714 732 30 10
714 733 8 2
714 734 31 2
714 761 30 1
714 780 29 8
714 853 39 1
714 870 36 10
714 958 5 3
714 980 18 4
714 1087 39 6
714 1151 50 7
714 1179 39 7
719 807 16 6
719 1149 37 6
721 1020 36 1
722 951 37 6
723 915 1 2
727 755 18 1
728 1188 16 6
729 871 48 10
730 807 16 2
731 913 16 2
735 736 16 2
735 737 8 10
735 738 5 9
735 739 39 10
735 740 46 4
735 741 45 7
735 742 16 2
735 743 9 6
735 744 5 7
735 745 3 10
735 746 23 4
735 762 10 8
735 830 19 2
735 850 20 1
735 870 45 7
735 925 3 5
735 959 2 5
735 1058 32 10
736 737 46 10
736 738 22 7
736 739 45 9
736 747 20 9
736 748 36 8
736 749 29 4
736 750 8 9
736 780 18 8
736 876 35 5
736 925 5 3
736 945 44 7
736 1050 18 7
736 1086 49 8
736 1087 12 9
736 1103 50 2
736 1152 39 2
736 1176 11 9
736 1178 19 3
737 738 43 10
737 739 25 7
737 751 22 5
737 752 9 6
737 753 2 10
737 754 13 8
737 762 42 6
737 800 13 7
737 958 8 7
737 1012 37 6
737 1050 24 6
737 1059 15 7
737 1137 26 2
737 1170 32 10
738 739 40 8
738 755 41 8
738 756 11 9
738 757 1 4
738 758 41 10
738 833 5 9
738 851 32 2
738 945 14 7
738 985 35 7
738 1170 31 5
739 759 8 8
739 803 44 4
739 870 48 1
739 876 26 7
739 903 45 7
739 904 6 10
739 983 22 4
739 1013 27 9
739 1104 49 4
739 1136 20 8
739 1152 12 7
740 874 25 6
740 1036 49 4
741 865 3 1
743 837 30 3
743 1188 14 2
746 774 13 6
750 995 27 8
750 1045 23 3
752 1143 30 1
757 779 45 4
760 761 29 2
760 762 14 1
760 763 4 6
760 764 11 5
760 765 2 3
760 781 41 2
760 801 15 4
760 852 38 5
760 870 49 9
760 878 19 10
760 927 16 2
760 945 14 3
760 959 11 6
760 1055 41 2
760 1137 38 7
760 1170 49 3
760 1178 39 10
761 762 20 10
761 763 5 10
761 766 20 9
761 767 46 6
761 768 33 4
761 769 26 4
761 770 23 10
761 771 1 10
761 783 32 8
761 875 29 1
761 946 7 6
761 984 5 4
761 1010 34 6
761 1012 12 7
761 1050 6 1
761 1058 19 7
761 1086 25 5
761 1101 1 10
761 1137 2 6
761 1152 47 8
762 763 3 5
762 772 26 2
762 773 45 1
762 774 11 6
762 775 14 1
762 831 27 5
762 900 31 6
762 925 7 7
762 985 36 10
763 776 6 7
763 777 40 2
763 778 3 8
763 779 16 2
763 805 16 9
763 832 10 7
763 851 1 1
763 904 28 9
763 955 25 10
763 1050 22 1
763 1087 33 1
763 1102 42 10
763 1150 17 8
763 1170 24 10
763 1177 6 2
769 860 16 1
769 1072 30 5
770 940 32 4
771 827 20 3
773 880 4 6
774 898 35 7
778 1134 44 7
779 825 48 4
780 781 1 8
780 782 38 4
780 783 15 5
780 784 17 7
780 785 16 6
780 786 19 2
780 787 34 4
780 788 19 5
780 789 41 3
780 801 12 8
780 830 24 6
780 879 24 4
780 904 39 8
780 1106 28 7
780 1136 17 4
780 1150 4 5
781 782 23 2
781 783 38 3
781 790 19 8
781 791 9 6
781 792 7 2
781 793 40 3
781 830 50 1
781 945 45 8
781 1016 43 8
781 1055 2 5
781 1102 42 6
781 1170 44 4
782 783 34 6
782 794 46 8
782 795 24 8
782 796 4 9
782 797 16 4
782 870 5 7
782 878 16 8
782 901 20 4
782 928 12 1
782 945 23 7
782 1016 34 9
782 1050 6 6
782 1085 1 4
782 1137 31 2
782 1153 41 1
782 1176 14 4
782 1177 13 3
783 798 3 10
783 799 33 8
783 800 11 5
783 853 47 9
783 870 40 7
783 927 20 6
783 955 3 7
783 958 7 1
783 983 31 2
783 984 13 2
783 1059 30 1
783 1085 12 9
783 1170 11 3
784 814 19 6
790 1049 39 9
792 1076 20 2
796 848 10 4
796 1068 24 4
798 1118 8 6
799 972 45 5
799 994 15 7
800 801 18 3
800 802 12 8
800 803 24 1
800 804 48 9
800 805 33 10
800 806 46 8
800 807 44 10
800 808 11 2
800 809 26 1
800 831 8 3
800 832 18 7
800 851 33 2
800 946 48 1
800 1087 46 1
800 1105 40 4
800 1136 15 1
800 1177 18 7
801 802 28 10
801 803 38 4
801 804 38 8
801 805 50 10
801 810 47 7
801 811 33 10
801 812 8 6
801 813 43 3
801 814 5 3
801 852 44 1
801 870 4 10
801 926 40 9
801 1059 42 9
802 803 28 2
802 804 9 6
802 805 6 6
802 815 41 9
802 816 6 6
802 817 28 3
802 870 30 8
802 980 43 4
803 804 15 10
803 805 44 4
803 818 5 1
803 875 48 3
803 878 11 10
803 904 48 9
803 945 26 9
803 958 6 1
803 1152 26 5
803 1170 46 1
804 805 1 4
804 819 46 7
804 820 13 5
804 821 30 3
804 822 10 4
804 823 41 7
804 824 18 9
804 825 25 7
804 1050 23 8
804 1059 13 1
804 1085 31 7
804 1137 49 8
804 1177 27 4
805 826 50 4
805 827 41 9
805 828 20 10
805 829 17 1
805 904 9 2
805 928 1 7
805 959 32 7
805 981 28 5
805 1013 17 6
805 1017 23 8
805 1050 22 4
805 1102 50 3
805 1151 40 8
805 1170 50 5
806 1188 13 6
813 819 8 10
813 953 32 2
818 890 6 2
818 1169 49 9
821 1133 13 9
823 939 34 5
828 953 25 5
830 831 14 10
830 832 6 9
830 833 4 7
830 834 14 9
830 835 22 1
830 836 13 5
830 837 46 1
830 838 6 7
830 839 25 8
830 853 46 2
830 870 23 4
830 928 37 7
830 958 18 2
830 1056 48 3
830 1086 47 6
830 1136 14 6
830 1177 6 6
831 832 48 9
831 833 29 4
831 840 5 9
831 878 21 7
831 903 46 9
831 980 2 4
831 985 38 8
831 1013 16 2
831 1050 26 3
831 1059 49 1
831 1152 11 5
831 1170 34 9
832 833 15 6
832 841 25 7
832 842 27 7
832 843 37 5
832 844 43 8
832 850 23 4
832 875 20 8
832 945 26 3
832 946 36 10
832 957 20 3
832 1106 41 7
833 845 15 7
833 846 44 4
833 847 20 1
833 848 43 8
833 849 14 3
833 870 36 8
833 904 7 1
833 926 28 10
833 1015 1 9
833 1050 32 10
833 1086 34 1
833 1101 42 5
833 1135 33 5
833 1151 1 3
833 1170 38 7
833 1175 16 8
834 1065 16 7
837 881 38 10
842 973 48 2
846 1127 7 8
848 1089 33 10
848 1187 44 3
850 851 46 1
850 852 43 9
850 853 9 9
850 854 11 3
850 855 41 1
850 856 11 4
850 857 43 10
850 875 16 6
850 901 31 7
850 902 18 10
850 926 21 10
850 927 23 1
850 945 13 3
850 1050 7 6
850 1060 14 4
850 1102 43 6
850 1151 8 10
850 1170 40 10
851 852 43 3
851 853 15 6
851 858 3 6
851 870 7 7
851 958 15 9
851 984 13 6
851 1011 14 10
851 1050 42 10
852 853 34 9
852 859 9 9
852 860 33 5
852 861 11 8
852 862 23 2
852 863 10 7
852 864 4 3
852 865 18 8
852 866 36 4
852 875 23 10
852 946 40 5
852 1013 37 8
852 1060 18 2
852 1087 19 8
852 1136 14 4
852 1176 6 6
852 1177 9 7
853 867 5 4
853 868 28 9
853 869 21 1
853 955 29 9
853 981 49 7
853 1085 45 2
853 1103 3 4
853 1137 30 9
853 1153 24 1
859 894 12 3
861 931 37 2
864 1121 30 1
866 1143 22 1
870 871 22 2
870 872 6 6
870 873 50 3
870 874 6 1
870 876 45 7
870 878 37 8
870 901 6 7
870 904 2 5
870 926 45 7
870 945 10 4
870 946 9 1
870 957 6 6
870 958 48 7
870 983 21 3
870 985 13 3
870 1014 8 3
870 1016 4 6
870 1050 8 10
870 1057 15 7
870 1085 9 2
870 1087 50 10
870 1103 36 1
870 1106 1 9
870 1137 31 3
870 1152 26 2
870 1170 20 6
870 1177 28 7
870 1179 35 4
875 876 49 2
875 877 10 1
875 878 17 1
875 879 48 10
875 880 6 6
875 959 2 4
875 1136 28 7
875 1179 31 7
876 877 41 10
876 878 33 6
876 879 43 8
876 881 48 7
876 882 25 7
876 883 25 3
876 884 34 8
876 885 6 8
876 886 36 3
876 983 14 1
876 1059 22 6
876 1106 37 6
877 878 44 6
877 879 24 4
877 887 11 1
877 888 23 6
877 889 9 8
877 890 38 7
877 891 49 8
877 892 35 5
877 893 44 7
877 894 5 3
877 902 15 10
877 927 30 3
877 946 15 4
877 1050 28 9
877 1085 40 10
877 1086 28 1
877 1106 48 10
877 1152 32 2
877 1170 28 5
878 879 37 3
878 895 41 7
878 896 42 6
878 897 9 5
878 900 31 1
878 927 48 3
878 1012 11 8
878 1014 47 1
878 1050 23 4
878 1176 42 3
879 898 21 2
879 899 7 2
879 946 23 5
879 957 1 9
879 984 43 1
879 1060 1 7
879 1135 31 10
879 1151 10 2
879 1170 7 9
880 889 41 6
881 1046 34 6
890 1065 39 4
891 950 37 9
900 901 9 2
900 902 22 9
900 903 10 9
900 904 17 7
900 905 34 4
900 906 41 4
900 907 16 1
900 908 7 2
900 909 21 10
900 910 34 6
900 911 2 1
900 955 15 7
900 1016 16 2
900 1085 5 5
900 1136 19 10
900 1170 17 7
900 1179 26 10
901 902 35 3
901 903 49 8
901 904 8 6
901 912 31 6
901 913 30 10
901 914 30 2
901 915 24 2
901 916 35 6
901 917 5 1
901 918 46 8
901 928 28 8
901 959 4 9
901 982 18 2
901 1057 12 1
901 1086 35 5
901 1152 6 3
901 1176 34 9
902 903 49 1
902 904 43 3
902 919 22 1
902 920 47 8
902 921 6 6
902 922 41 10
902 946 12 3
902 1056 49 9
902 1106 24 5
902 1136 27 5
902 1152 49 2
903 904 17 5
903 923 48 8
903 927 36 6
903 945 45 3
903 1014 45 1
903 1050 32 3
904 924 11 5
904 1100 38 6
904 1170 42 1
908 1007 28 7
908 1072 24 5
912 995 25 5
925 926 13 7
925 927 27 3
925 928 31 5
925 929 41 1
925 930 7 7
925 931 13 3
925 956 41 8
925 985 7 10
925 1012 23 6
925 1050 21 2
925 1055 42 3
925 1060 8 1
925 1087 14 3
925 1100 36 6
925 1106 1 8
925 1135 20 1
925 1137 13 3
925 1151 41 1
925 1176 27 10
926 927 45 4
926 928 8 10
926 932 20 3
926 933 39 4
926 934 46 1
926 935 7 10
926 936 26 1
926 937 12 6
926 984 20 8
926 1050 10 4
926 1170 31 5
927 928 32 7
927 938 46 6
927 959 36 3
927 1012 17 9
927 1087 4 1
927 1150 25 7
928 939 39 2
928 940 30 2
928 941 13 7
928 942 1 9
928 943 10 8
928 944 5 2
928 945 39 7
928 1170 41 2
928 1177 49 9
932 1124 11 9
933 979 18 3
934 972 20 5
934 1048 36 8
942 1163 47 9
944 1173 47 9
945 946 16 6
945 947 17 5
945 948 20 2
945 949 35 4
945 956 21 7
945 957 17 5
945 982 45 6
945 1086 46 4
945 1087 25 4
945 1102 26 7
945 1137 13 3
945 1152 31 5
945 1170 23 7
945 1176 18 4
946 950 26 1
946 951 1 3
946 952 3 1
946 953 30 7
946 954 22 2
946 985 13 2
946 1012 27 1
946 1014 48 6
946 1050 48 10
946 1055 1 3
946 1058 3 2
946 1150 16 6
946 1178 47 9
951 1195 28 6
955 956 4 6
955 957 21 5
955 958 26 10
955 959 43 9
955 960 38 2
955 961 7 10
955 962 40 8
955 963 29 10
955 964 31 8
955 965 11 4
955 1050 21 3
956 957 34 7
956 958 31 2
956 959 8 9
956 966 26 2
956 967 17 8
956 968 37 10
956 969 8 9
956 970 17 9
956 1055 16 8
956 1135 23 3
956 1178 16 7
957 958 41 6
957 959 42 8
957 971 14 3
957 972 37 3
957 973 49 10
957 974 8 3
957 975 21 5
957 1011 49 5
957 1055 19 6
957 1087 41 9
957 1103 5 9
957 1170 44 5
958 959 2 8
958 976 12 5
958 981 23 1
958 1010 15 7
958 1086 7 1
958 1103 10 1
958 1150 36 10
958 1170 11 1
959 977 33 2
959 978 4 10
959 979 16 5
959 981 36 5
959 1050 8 2
959 1151 27 5
959 1177 50 2
966 1069 41 4
966 1172 40 4
967 1147 7 8
968 1182 9 5
969 1020 47 2
969 1045 5 1
974 1193 43 10
975 1184 21 10
977 992 16 7
978 1068 50 6
979 1094 27 6
980 981 50 4
980 982 40 6
980 983 21 3
980 984 17 3
980 985 16 10
980 986 27 3
980 987 48 7
980 988 39 1
980 1152 25 10
981 982 44 2
981 983 48 7
981 984 26 10
981 985 35 3
981 989 3 10
981 990 13 1
981 991 27 10
981 992 16 7
981 1014 49 3
981 1135 9 1
981 1136 46 9
981 1170 34 2
981 1179 50 4
982 983 1 2
982 984 35 6
982 985 15 3
982 993 19 1
982 994 50 4
982 995 26 6
982 996 23 4
982 997 24 5
982 998 49 1
982 999 30 10
982 1056 42 8
982 1087 39 2
982 1151 12 5
983 984 18 1
983 985 5 9
983 1000 18 1
983 1001 10 9
983 1002 45 7
983 1003 12 5
983 1004 29 3
983 1050 26 7
983 1100 10 9
983 1170 20 10
984 985 3 6
984 1005 31 5
984 1006 12 8
984 1007 26 7
984 1008 36 2
984 1013 49 9
984 1050 23 3
984 1059 43 4
984 1176 22 5
985 1009 9 5
985 1086 48 2
985 1100 20 8
997 1003 34 4
1003 1061 49 1
1010 1011 12 9
1010 1012 50 1
1010 1013 4 5
1010 1014 21 5
1010 1015 43 9
1010 1016 25 3
1010 1017 9 8
1010 1018 31 3
1010 1019 39 10
1010 1020 15 9
1010 1021 26 6
1010 1022 7 8
1010 1137 47 10
1010 1150 21 4
1010 1179 12 3
1011 1012 7 10
1011 1013 36 7
1011 1014 17 3
1011 1015 13 3
1011 1016 47 10
1011 1017 22 2
1011 1023 31 6
1011 1024 16 5
1011 1025 30 2
1011 1050 34 8
1011 1170 12 8
1012 1013 45 6
1012 1014 36 10
1012 1015 1 3
1012 1016 16 4
1012 1017 28 9
1012 1026 31 3
1012 1027 1 6
1012 1028 45 1
1012 1029 43 2
1012 1030 40 4
1012 1031 24 8
1012 1032 49 10
1012 1056 11 1
1012 1085 43 6
1012 1102 3 5
1013 1014 20 1
1013 1015 18 1
1013 1016 22 6
1013 1017 34 6
1013 1033 36 2
1013 1034 47 3
1013 1035 45 3
1013 1036 14 5
1013 1037 26 7
1013 1104 27 1
1014 1015 26 2
1014 1016 46 2
1014 1017 20 10
1014 1038 49 6
1014 1039 33 6
1014 1040 39 10
1014 1060 47 10
1014 1150 34 4
1014 1170 44 6
1015 593 41 9
1015 1016 48 5
1015 1017 33 6
1015 1041 35 10
1015 1070 46 7
1015 1178 9 8
1016 1017 26 10
1016 1042 22 10
1016 1043 26 2
1016 1044 38 6
1016 1045 6 7
1016 1046 39 1
1016 1047 46 8
1016 1085 2 10
1017 1048 30 8
1017 1049 4 2
1017 1050 49 3
1017 1135 28 10
1018 1134 39 10
1024 1155 11 10
1025 1192 50 1
1037 1062 3 8
1047 1124 17 6
1050 1051 11 3
1050 1052 46 6
1050 1053 1 5
1050 1054 11 6
1050 1056 26 4
1050 1085 19 7
1050 1086 32 1
1050 1102 41 9
1050 1105 6 6
1050 1136 31 10
1050 1137 45 6
1050 1150 36 6
1050 1153 12 8
1050 1170 1 1
1050 1176 29 8
1050 1177 14 5
1055 1056 15 9
1055 1057 16 10
1055 1058 45 5
1055 1059 32 6
1055 1060 37 1
1055 1061 24 1
1055 1062 40 6
1055 1063 25 5
1055 1086 34 5
1055 1170 16 8
1055 1175 7 1
1056 1057 40 4
1056 1058 43 2
1056 1059 38 1
1056 1060 36 7
1056 1064 30 8
1056 1065 14 2
1056 1066 21 8
1056 1067 19 10
1056 1068 40 4
1056 1069 43 4
1056 1070 36 3
1056 1071 50 4
1056 1153 8 2
1056 1170 47 9
1057 1058 8 5
1057 1059 20 7
1057 1060 46 2
1057 1072 5 10
1057 1073 44 8
1057 1074 5 8
1057 1075 9 8
1058 1059 44 2
1058 1060 13 8
1058 1076 11 7
1058 1087 49 5
1058 1100 16 2
1058 1136 13 10
1058 1153 34 10
1059 1060 33 8
1059 1077 24 2
1059 1078 14 10
1059 1079 45 7
1059 1080 8 2
1059 1081 32 8
1059 1102 43 4
1059 1135 1 4
1060 1082 49 9
1060 1083 30 6
1060 1084 31 7
1060 1177 16 5
1061 1089 41 9
1065 1069 16 8
1067 1114 38 10
1072 1169 10 4
1085 1086 6 3
1085 1087 13 2
1085 1088 7 7
1085 1089 20 10
1085 1090 15 6
1085 1102 17 4
1085 1170 5 1
1086 1087 31 8
1086 1091 18 9
1086 1092 47 1
1086 1102 24 8
1086 1150 10 9
1086 1179 2 10
1087 1093 9 10
1087 1094 50 1
1087 1095 37 7
1087 1096 26 7
1087 1097 43 1
1087 1098 16 10
1087 1099 40 9
1087 1135 25 6
1087 1136 39 1
1087 1151 48 3
1087 1170 46 4
1087 1176 18 6
1097 1166 8 6
1100 1101 28 2
1100 1102 45 8
1100 1103 39 3
1100 1104 3 9
1100 1105 43 3
1100 1106 6 1
1100 1107 10 8
1100 1108 32 4
1100 1170 8 2
1101 1102 44 3
1101 1103 12 3
1101 1104 28 9
1101 1105 3 3
1101 1106 31 9
1101 1109 17 9
1102 1103 4 3
1102 1104 19 8
1102 1105 17 9
1102 1106 29 9
1102 1110 23 4
1102 1111 40 8
1102 1112 34 7
1102 1113 2 1
1102 1114 5 6
1102 1136 32 6
1102 1177 18 1
1103 1104 25 5
1103 1105 24 3
1103 1106 36 5
1103 1115 2 6
1103 1116 27 4
1103 1117 15 10
1103 1118 12 1
1103 1153 34 10
1104 1105 16 4
1104 1106 30 5
1104 1119 39 9
1104 1120 19 8
1104 1121 6 2
1104 1122 41 4
1104 1123 26 4
1104 1124 6 2
1104 1150 12 4
1105 1106 14 10
1105 1125 47 2
1105 1126 8 4
1105 1127 4 5
1105 1128 45 4
1105 1170 43 8
1106 1129 21 1
1106 1130 27 4
1106 1131 49 6
1106 1132 30 4
1106 1133 49 5
1106 1134 17 1
1106 1137 17 8
1133 1194 4 7
1135 1136 43 9
1135 1137 3 5
1135 1138 48 2
1135 1152 11 9
1136 1137 37 4
1136 1139 21 4
1136 1140 31 4
1136 1141 27 8
1136 1142 26 6
1136 1143 9 8
1136 1170 25 4
1136 1178 27 10
1137 1144 33 10
1137 1145 17 7
1137 1146 20 7
1137 1147 14 1
1137 1148 47 1
1137 1149 46 8
1137 1170 18 7
1140 1187 8 9
1150 1151 41 9
1150 1152 39 9
1150 1153 43 6
1150 1154 39 10
1151 1152 26 2
1151 1153 43 7
1151 1155 17 8
1151 1156 32 9
1151 1157 12 7
1151 1158 10 4
1151 1159 26 10
1151 1160 1 9
1151 1161 49 10
1151 1162 9 5
1151 1170 36 7
1152 1153 41 10
1152 1163 22 4
1152 1164 39 9
1152 1165 43 9
1152 1166 42 8
1152 1167 28 6
1152 1168 14 1
1152 1175 21 4
1152 1178 16 9
1153 1169 40 3
1153 1170 48 3
1169 1191 41 5
1170 1171 50 6
1170 1172 35 10
1170 1173 35 9
1170 1174 17 1
1170 1178 36 10
1170 1179 20 10
1175 1176 31 4
1175 1177 3 4
1175 1178 46 9
1175 1179 17 10
1175 1180 32 3
1176 1177 33 7
1176 1178 14 8
1176 1179 14 4
1176 1181 26 2
1176 1182 15 5
1176 1183 17 2
1176 1184 11 7
1176 1185 38 6
1176 1186 1 1
1176 1187 12 9
1176 1188 33 5
1176 1189 37 10
1177 1178 48 7
1177 1179 7 8
1177 1190 6 9
1177 1191 18 2
1177 1192 42 9
1178 1179 14 8
1178 1193 30 8
1178 1194 16 10
1179 1195 41 2
1179 1196 41 5
1179 1197 12 5
1179 1198 44 7
1179 1199 20 8
1182 1188 21 10

0 919 14
1 1113 13
2 664 9
3 707 6
4 1149 41
5 638 40
6 986 36
7 229 24
8 354 15
9 856 39
10 385 18
11 461 28
12 293 17
13 1188 50
14 676 47
15 194 30
16 104 48
17 718 39
18 199 38
19 847 14
20 512 46
21 571 59
22 1077 9
23 1123 14
24 567 45
25 791 6
26 1037 11
27 269 16
28 296 17
29 819 35
30 974 22
31 897 25
32 187 41
33 245 4
34 1084 27
35 867 8
36 349 29
37 1029 38
38 687 22
39 209 7
40 336 39
41 598 35
42 434 29
43 186 13
44 1195 44
45 599 23
46 351 24
47 148 37
48 1051 7
49 4 45
50 303 28
51 774 40
52 1174 10
53 577 33
54 415 8
55 536 5
56 1121 14
57 408 11
58 935 24
59 626 10
60 1117 8
61 1118 14
62 1186 1
63 1197 6
64 1144 68
65 212 40
66 977 27
67 273 28
68 210 13
69 1040 24
70 1112 18
71 1157 6
72 300 17
73 230 15
74 966 35
75 610 13
76 68 25
77 85 42
78 616 43
79 414 22
80 149 10
81 474 8
82 743 16
83 537 15
84 553 55
85 272 13
86 249 24
87 1064 15
88 255 18
89 1062 12
90 1045 43
91 863 6
92 685 34
93 1034 26
94 519 48
95 1088 3
96 69 1
97 605 8
98 465 46
99 1074 4
100 367 14
101 942 33
102 753 1
103 871 47
104 1164 21
105 72 7
106 656 75
107 615 12
108 1190 22
109 203 28
110 1080 29
111 1003 62
112 347 15
113 548 11
114 613 16
115 376 8
116 180 16
117 13 40
118 1130 25
119 636 13
120 518 3
121 319 7
122 108 16
123 387 6
124 117 54
125 232 21
126 724 9
127 916 33
128 335 5
129 943 16
130 1054 8
131 576 73
132 416 37
133 513 20
134 39 22
135 865 48
136 1070 65
137 311 14
138 962 59
139 797 4
140 888 46
141 825 39
142 619 21
143 337 21
144 698 6
145 34 13
146 438 63
147 468 56
148 160 33
149 589 12
150 796 21
151 1114 12
152 261 39
153 264 30
154 1172 51
155 122 30
156 62 49
157 306 15
158 360 12
159 466 7
160 812 24
161 477 20
162 197 25
163 810 15
164 861 20
165 390 13
166 754 18
167 30 12
168 1053 16
169 310 22
170 609 18
171 747 7
172 826 40
173 420 94
174 872 20
175 588 46
176 464 11
177 130 4
178 362 14
179 752 30
180 969 29
181 694 22
182 931 22
183 564 27
184 1187 24
185 313 19
186 642 15
187 1071 42
188 417 2
189 386 9
190 972 60
191 963 18
192 776 3
193 481 9
194 722 71
195 1027 1
196 748 20
197 251 15
198 550 11
199 88 61
200 32 36
201 372 20
202 854 23
203 600 36
204 301 25
205 1073 31
206 936 18
207 178 20
208 237 2
209 409 13
210 1083 11
211 35 19
212 953 32
213 1141 18
214 384 14
215 154 26
216 263 15
217 540 36
218 1032 32
219 312 4
220 535 46
221 1019 23
222 55 57
223 193 14
224 1119 24
225 912 38
226 1198 45
227 799 38
228 845 6
229 742 7
230 623 17
231 1072 32
232 504 18
233 552 23
234 168 7
235 575 15
236 829 8
237 505 7
238 806 37
239 515 23
240 131 12
241 338 9
242 455 2
243 910 17
244 123 9
245 1004 26
246 669 34
247 939 81
248 846 12
249 141 1
250 784 9
251 978 34
252 662 35
253 126 7
254 3 26
255 364 7
256 896 17
257 86 26
258 522 47
259 19 40
260 625 8
261 723 11
262 1026 22
263 240 32
264 857 18
265 109 36
266 731 40
267 1180 18
268 1192 64
269 195 29
270 247 11
271 1182 17
272 217 26
273 663 23
274 607 30
275 1169 78
276 128 31
277 1078 8
278 721 45
279 1094 29
280 574 44
281 809 14
282 772 8
283 1049 16
284 1168 9
285 244 17
286 391 30
287 951 40
288 795 13
289 551 10
290 561 9
291 329 48
292 1184 16
293 952 2
294 51 23
295 1068 69
296 938 30
297 808 4
298 862 11
299 77 37
300 681 2
301 726 16
302 1092 22
303 930 2
304 1129 9
305 12 13
306 779 63
307 1108 33
308 749 8
309 1089 30
310 624 35
311 1052 16
312 859 12
313 617 7
314 944 21
315 1099 28
316 242 15
317 144 11
318 1122 9
319 449 28
320 895 52
321 744 17
322 937 32
323 1160 23
324 798 16
325 622 38
326 9 30
327 578 37
328 116 28
329 841 14
330 211 27
331 271 13
332 309 31
333 243 4
334 914 30
335 909 5
336 964 39
337 343 5
338 811 20
339 443 11
340 378 2
341 1063 46
342 457 12
343 317 39
344 339 16
345 208 44
346 118 11
347 1031 8
348 497 39
349 894 5
350 1148 30
351 523 53
352 177 15
353 331 12
354 884 13
355 161 14
356 262 63
357 484 16
358 328 31
359 79 11
360 1163 26
361 990 8
362 305 21
363 1193 55
364 1005 29
365 258 14
366 967 11
367 968 26
368 821 23
369 87 47
370 162 9
371 1090 7
372 640 26
373 412 23
374 166 15
375 934 52
376 717 22
377 235 47
378 146 10
379 377 20
380 65 26
381 993 14
382 1156 10
383 248 28
384 566 102
385 1028 101
386 57 11
387 960 9
388 883 15
389 915 15
390 733 6
391 1140 24
392 533 13
393 524 19
394 1185 19
395 479 43
396 503 35
397 475 37
398 99 30
399 647 14
400 940 38
401 23 18
402 6 26
403 740 76
404 424 23
405 1126 41
406 778 28
407 41 51
408 792 8
409 441 25
410 153 18
411 1006 7
412 716 26
413 1018 38
414 295 15
415 506 38
416 644 8
417 292 2
418 448 16
419 353 52
420 696 29
421 965 8
422 813 55
423 679 23
424 214 67
425 133 37
426 291 2
427 855 44
428 1191 28
429 987 25
430 259 21
431 64 8
432 1131 16
433 1091 10
434 121 16
435 119 40
436 751 11
437 995 68
438 52 18
439 22 1
440 11 31
441 341 25
442 905 13
443 1132 46
444 975 13
445 1145 8
446 446 10
447 325 16
448 169 36
449 973 91
450 618 21
451 1154 18
452 917 3
453 103 23
454 950 38
455 703 28
456 602 17
457 843 22
458 837 33
459 702 57
460 918 15
461 159 9
462 70 11
463 771 34
464 765 1
465 410 36
466 1166 15
467 185 32
468 1165 19
469 773 26
470 947 27
471 665 23
472 573 25
473 866 32
474 885 11
475 44 14
476 516 12
477 948 9
478 1159 9
479 881 78

1 900000
