1200 5233 480 2

750

0 25 3000
1 50 9000
2 75 15000
3 100 20000
4 125 29000
5 150 35000
6 175 42000
7 200 47000
8 225 52000
9 250 60000

0 40000
1 40000
2 20000
3 40000
4 40000
5 30000
6 20000
7 20000
8 30000
9 30000
10 20000
11 30000
12 40000
13 30000
14 20000
15 40000
16 40000
17 30000
18 30000
19 20000
20 40000
21 40000
22 20000
23 40000
24 40000
25 40000
26 30000
27 20000
28 20000
29 30000
30 40000
31 20000
32 40000
33 30000
34 30000
35 30000
36 30000
37 40000
38 20000
39 30000
40 40000
41 40000
42 30000
43 30000
44 40000
45 30000
46 20000
47 30000
48 30000
49 20000
50 20000
51 40000
52 40000
53 40000
54 20000
55 20000
56 30000
57 30000
58 30000
59 20000
60 20000
61 30000
62 20000
63 30000
64 30000
65 20000
66 40000
67 20000
68 40000
69 40000
70 40000
71 40000
72 40000
73 40000
74 40000
75 5000
76 5000
77 5000
78 30000
79 30000
80 30000
81 30000
82 20000
83 40000
84 30000
85 30000
86 20000
87 30000
88 30000
89 20000
90 30000
91 30000
92 30000
93 20000
94 30000
95 30000
96 30000
97 40000
98 30000
99 20000
100 30000
101 20000
102 20000
103 30000
104 30000
105 20000
106 40000
107 30000
108 30000
109 20000
110 40000
111 40000
112 30000
113 30000
114 20000
115 30000
116 20000
117 30000
118 20000
119 20000
120 20000
121 40000
122 40000
123 40000
124 40000
125 5000
126 30000
127 40000
128 30000
129 30000
130 20000
131 20000
132 20000
133 30000
134 40000
135 30000
136 20000
137 30000
138 20000
139 30000
140 30000
141 40000
142 30000
143 40000
144 30000
145 40000
146 40000
147 40000
148 20000
149 40000
150 40000
151 40000
152 30000
153 20000
154 30000
155 30000
156 20000
157 40000
158 20000
159 20000
160 20000
161 40000
162 30000
163 30000
164 20000
165 30000
166 30000
167 40000
168 40000
169 30000
170 40000
171 40000
172 40000
173 20000
174 20000
175 30000
176 30000
177 30000
178 20000
179 20000
180 40000
181 30000
182 30000
183 40000
184 30000
185 40000
186 40000
187 20000
188 40000
189 40000
190 40000
191 20000
192 40000
193 30000
194 30000
195 30000
196 20000
197 20000
198 30000
199 40000
200 30000
201 40000
202 5000
203 40000
204 40000
205 40000
206 30000
207 30000
208 30000
209 20000
210 30000
211 20000
212 20000
213 40000
214 30000
215 40000
216 40000
217 40000
218 40000
219 40000
220 30000
221 20000
222 30000
223 40000
224 30000
225 20000
226 40000
227 40000
228 30000
229 30000
230 20000
231 40000
232 30000
233 40000
234 30000
235 30000
236 30000
237 20000
238 30000
239 30000
240 40000
241 40000
242 40000
243 40000
244 20000
245 30000
246 40000
247 30000
248 20000
249 40000
250 20000
251 30000
252 30000
253 40000
254 40000
255 20000
256 40000
257 40000
258 40000
259 30000
260 40000
261 30000
262 30000
263 20000
264 20000
265 40000
266 40000
267 40000
268 30000
269 40000
270 30000
271 30000
272 40000
273 40000
274 20000
275 20000
276 20000
277 30000
278 30000
279 40000
280 40000
281 40000
282 40000
283 40000
284 40000
285 40000
286 30000
287 20000
288 30000
289 20000
290 30000
291 30000
292 30000
293 30000
294 20000
295 30000
296 30000
297 20000
298 30000
299 20000
300 40000
301 30000
302 30000
303 30000
304 30000
305 20000
306 30000
307 20000
308 40000
309 30000
310 40000
311 40000
312 20000
313 20000
314 20000
315 30000
316 30000
317 20000
318 30000
319 30000
320 40000
321 40000
322 20000
323 20000
324 40000
325 40000
326 30000
327 20000
328 20000
329 30000
330 30000
331 30000
332 30000
333 20000
334 30000
335 30000
336 40000
337 20000
338 30000
339 20000
340 40000
341 5000
342 5000
343 30000
344 40000
345 30000
346 20000
347 30000
348 30000
349 30000
350 40000
351 40000
352 40000
353 40000
354 20000
355 40000
356 40000
357 30000
358 30000
359 20000
360 30000
361 20000
362 40000
363 30000
364 40000
365 30000
366 30000
367 40000
368 30000
369 30000
370 40000
371 30000
372 40000
373 40000
374 20000
375 30000
376 30000
377 30000
378 30000
379 20000
380 30000
381 20000
382 40000
383 40000
384 20000
385 40000
386 40000
387 40000
388 40000
389 40000
390 30000
391 20000
392 30000
393 40000
394 30000
395 20000
396 20000
397 20000
398 20000
399 30000
400 30000
401 30000
402 30000
403 30000
404 40000
405 30000
406 20000
407 20000
408 20000
409 30000
410 40000
411 40000
412 20000
413 40000
414 40000
415 20000
416 30000
417 30000
418 40000
419 30000
420 20000
421 30000
422 40000
423 30000
424 20000
425 30000
426 5000
427 40000
428 30000
429 30000
430 30000
431 40000
432 30000
433 30000
434 20000
435 40000
436 20000
437 40000
438 30000
439 30000
440 20000
441 30000
442 40000
443 5000
444 5000
445 20000
446 40000
447 30000
448 30000
449 30000
450 40000
451 40000
452 40000
453 40000
454 40000
455 30000
456 30000
457 40000
458 30000
459 20000
460 20000
461 40000
462 30000
463 20000
464 20000
465 40000
466 20000
467 30000
468 20000
469 30000
470 30000
471 40000
472 20000
473 30000
474 20000
475 40000
476 20000
477 30000
478 30000
479 20000
480 40000
481 40000
482 20000
483 30000
484 30000
485 20000
486 20000
487 30000
488 20000
489 30000
490 40000
491 40000
492 40000
493 20000
494 20000
495 20000
496 40000
497 30000
498 30000
499 30000
500 30000
501 30000
502 20000
503 20000
504 40000
505 20000
506 40000
507 40000
508 40000
509 5000
510 30000
511 40000
512 40000
513 30000
514 30000
515 30000
516 20000
517 30000
518 20000
519 30000
520 30000
521 20000
522 40000
523 30000
524 20000
525 40000
526 40000
527 40000
528 20000
529 20000
530 30000
531 30000
532 20000
533 30000
534 20000
535 30000
536 30000
537 40000
538 30000
539 30000
540 30000
541 30000
542 30000
543 40000
544 5000
545 40000
546 40000
547 40000
548 20000
549 30000
550 20000
551 40000
552 30000
553 40000
554 20000
555 30000
556 30000
557 30000
558 30000
559 40000
560 40000
561 40000
562 40000
563 40000
564 40000
565 30000
566 40000
567 20000
568 30000
569 20000
570 30000
571 20000
572 30000
573 30000
574 30000
575 30000
576 20000
577 30000
578 20000
579 20000
580 20000
581 20000
582 40000
583 20000
584 40000
585 5000
586 40000
587 40000
588 5000
589 40000
590 30000
591 40000
592 30000
593 40000
594 30000
595 20000
596 40000
597 40000
598 40000
599 40000
600 40000
601 5000
602 40000
603 40000
604 20000
605 30000
606 20000
607 30000
608 30000
609 20000
610 20000
611 20000
612 40000
613 20000
614 40000
615 30000
616 30000
617 30000
618 30000
619 20000
620 40000
621 20000
622 30000
623 30000
624 30000
625 20000
626 40000
627 40000
628 20000
629 5000
630 5000
631 20000
632 30000
633 30000
634 20000
635 40000
636 30000
637 30000
638 30000
639 20000
640 40000
641 40000
642 30000
643 30000
644 30000
645 20000
646 30000
647 30000
648 20000
649 20000
650 40000
651 40000
652 40000
653 40000
654 20000
655 40000
656 20000
657 40000
658 30000
659 30000
660 40000
661 20000
662 40000
663 30000
664 30000
665 20000
666 30000
667 30000
668 30000
669 40000
670 40000
671 40000
672 40000
673 40000
674 20000
675 40000
676 40000
677 40000
678 30000
679 30000
680 30000
681 20000
682 30000
683 30000
684 40000
685 40000
686 20000
687 20000
688 40000
689 30000
690 30000
691 30000
692 20000
693 20000
694 30000
695 30000
696 30000
697 30000
698 20000
699 30000
700 40000
701 40000
702 20000
703 5000
704 30000
705 30000
706 30000
707 20000
708 30000
709 30000
710 20000
711 40000
712 40000
713 40000
714 5000
715 30000
716 30000
717 30000
718 40000
719 30000
720 40000
721 20000
722 30000
723 30000
724 30000
725 30000
726 40000
727 40000
728 40000
729 30000
730 40000
731 40000
732 40000
733 40000
734 20000
735 30000
736 30000
737 30000
738 30000
739 30000
740 40000
741 20000
742 20000
743 20000
744 30000
745 20000
746 20000
747 20000
748 30000
749 30000
750 40000
751 30000
752 30000
753 20000
754 20000
755 20000
756 40000
757 20000
758 40000
759 40000
760 5000
761 30000
762 30000
763 30000
764 20000
765 20000
766 30000
767 40000
768 30000
769 40000
770 5000
771 20000
772 30000
773 40000
774 30000
775 20000
776 40000
777 20000
778 40000
779 30000
780 20000
781 40000
782 40000
783 20000
784 40000
785 40000
786 5000
787 30000
788 30000
789 40000
790 30000
791 30000
792 40000
793 40000
794 20000
795 30000
796 30000
797 20000
798 30000
799 40000
800 40000
801 40000
802 30000
803 40000
804 20000
805 30000
806 30000
807 30000
808 20000
809 30000
810 40000
811 40000
812 40000
813 40000
814 20000
815 40000
816 40000
817 20000
818 40000
819 40000
820 40000
821 30000
822 30000
823 30000
824 40000
825 20000
826 40000
827 20000
828 30000
829 40000
830 20000
831 30000
832 20000
833 20000
834 40000
835 30000
836 20000
837 30000
838 40000
839 30000
840 30000
841 30000
842 30000
843 40000
844 40000
845 30000
846 20000
847 30000
848 30000
849 40000
850 40000
851 30000
852 30000
853 30000
854 40000
855 40000
856 40000
857 40000
858 40000
859 40000
860 30000
861 30000
862 30000
863 30000
864 40000
865 30000
866 30000
867 30000
868 20000
869 30000
870 30000
871 30000
872 30000
873 30000
874 40000
875 30000
876 40000
877 40000
878 20000
879 20000
880 40000
881 40000
882 30000
883 30000
884 40000
885 20000
886 40000
887 30000
888 30000
889 40000
890 40000
891 40000
892 40000
893 40000
894 40000
895 30000
896 30000
897 30000
898 30000
899 30000
900 30000
901 40000
902 30000
903 40000
904 30000
905 30000
906 30000
907 30000
908 30000
909 30000
910 20000
911 20000
912 30000
913 40000
914 40000
915 40000
916 40000
917 40000
918 40000
919 40000
920 20000
921 40000
922 30000
923 40000
924 20000
925 20000
926 30000
927 20000
928 30000
929 40000
930 30000
931 30000
932 30000
933 40000
934 20000
935 30000
936 40000
937 20000
938 30000
939 20000
940 30000
941 30000
942 30000
943 20000
944 5000
945 30000
946 30000
947 40000
948 30000
949 30000
950 40000
951 40000
952 40000
953 20000
954 40000
955 40000
956 20000
957 30000
958 30000
959 20000
960 30000
961 40000
962 30000
963 20000
964 20000
965 20000
966 30000
967 40000
968 40000
969 30000
970 30000
971 5000
972 5000
973 20000
974 30000
975 30000
976 30000
977 40000
978 30000
979 40000
980 40000
981 40000
982 20000
983 40000
984 40000
985 20000
986 40000
987 40000
988 30000
989 30000
990 30000
991 20000
992 20000
993 20000
994 40000
995 30000
996 40000
997 40000
998 5000
999 5000
1000 40000
1001 30000
1002 20000
1003 30000
1004 30000
1005 30000
1006 20000
1007 30000
1008 5000
1009 20000
1010 40000
1011 30000
1012 20000
1013 40000
1014 30000
1015 40000
1016 30000
1017 40000
1018 30000
1019 20000
1020 40000
1021 40000
1022 40000
1023 40000
1024 40000
1025 20000
1026 30000
1027 30000
1028 30000
1029 20000
1030 30000
1031 20000
1032 30000
1033 30000
1034 20000
1035 20000
1036 20000
1037 30000
1038 20000
1039 30000
1040 30000
1041 20000
1042 30000
1043 30000
1044 20000
1045 20000
1046 40000
1047 5000
1048 40000
1049 30000
1050 20000
1051 30000
1052 40000
1053 30000
1054 30000
1055 40000
1056 30000
1057 30000
1058 40000
1059 20000
1060 40000
1061 40000
1062 40000
1063 40000
1064 40000
1065 40000
1066 40000
1067 30000
1068 30000
1069 20000
1070 30000
1071 30000
1072 40000
1073 20000
1074 40000
1075 20000
1076 30000
1077 30000
1078 30000
1079 20000
1080 30000
1081 20000
1082 40000
1083 30000
1084 30000
1085 30000
1086 30000
1087 30000
1088 20000
1089 30000
1090 40000
1091 20000
1092 30000
1093 30000
1094 20000
1095 20000
1096 20000
1097 40000
1098 40000
1099 5000
1100 20000
1101 5000
1102 30000
1103 20000
1104 40000
1105 30000
1106 30000
1107 30000
1108 20000
1109 40000
1110 40000
1111 30000
1112 30000
1113 30000
1114 40000
1115 40000
1116 20000
1117 30000
1118 40000
1119 30000
1120 40000
1121 40000
1122 40000
1123 40000
1124 40000
1125 30000
1126 20000
1127 40000
1128 30000
1129 20000
1130 30000
1131 20000
1132 20000
1133 30000
1134 20000
1135 30000
1136 20000
1137 30000
1138 40000
1139 40000
1140 30000
1141 20000
1142 30000
1143 20000
1144 30000
1145 40000
1146 40000
1147 40000
1148 30000
1149 40000
1150 40000
1151 20000
1152 30000
1153 30000
1154 20000
1155 30000
1156 30000
1157 30000
1158 30000
1159 30000
1160 40000
1161 30000
1162 20000
1163 20000
1164 30000
1165 40000
1166 40000
1167 40000
1168 30000
1169 30000
1170 30000
1171 40000
1172 20000
1173 30000
1174 20000
1175 30000
1176 20000
1177 40000
1178 30000
1179 20000
1180 40000
1181 30000
1182 30000
1183 30000
1184 30000
1185 40000
1186 40000
1187 40000
1188 30000
1189 30000
1190 40000
1191 20000
1192 20000
1193 40000
1194 30000
1195 30000
1196 40000
1197 40000
1198 20000
1199 30000

0 1 22 2
0 2 40 8
0 3 48 6
0 4 7 9
0 5 37 8
0 6 31 7
0 7 42 6
0 8 32 2
0 9 6 7
0 10 16 1
0 69 26 1
0 110 36 6
0 172 30 3
0 385 28 7
0 413 47 8
0 437 39 9
0 481 29 4
0 528 20 1
0 582 25 7
0 596 27 9
0 650 13 2
0 711 8 4
0 731 29 8
0 750 50 3
0 758 11 10
0 782 6 6
0 880 26 8
0 890 16 8
0 894 11 10
0 1115 20 2
0 1124 12 9
0 1160 7 5
0 1166 27 9
0 1180 10 5
0 1186 4 8
1 2 34 8
1 3 31 2
1 11 46 6
1 12 42 2
1 13 28 8
1 14 11 10
1 15 30 3
1 22 38 8
1 24 1 6
1 50 36 10
1 71 24 5
1 110 21 9
1 121 36 5
1 170 29 4
1 190 28 7
1 242 28 1
1 244 25 8
1 322 10 7
1 323 19 7
1 350 21 9
1 355 10 8
1 508 32 2
1 547 4 4
1 580 50 9
1 730 36 10
1 815 12 7
1 850 5 1
1 857 44 3
1 881 12 3
1 953 39 7
1 1090 4 7
1 1096 41 10
1 1145 33 4
1 1160 7 4
1 1180 12 10
1 1185 33 2
2 3 26 1
2 16 25 4
2 51 23 7
2 124 38 2
2 146 36 9
2 149 20 9
2 265 47 1
2 283 8 10
2 311 8 7
2 411 18 8
2 450 23 3
2 454 12 10
2 475 41 5
2 481 21 2
2 491 19 9
2 506 2 1
2 527 49 4
2 563 14 6
2 625 31 1
2 627 24 6
2 640 4 10
2 673 14 9
2 712 7 5
2 756 25 4
2 812 46 7
2 850 50 3
2 915 26 3
2 953 46 4
2 982 26 9
2 986 39 7
2 1015 28 9
2 1023 3 4
2 1046 45 2
2 1055 37 6
2 1060 36 10
2 1065 47 9
2 1096 10 1
2 1147 14 2
2 1166 23 1
3 17 44 6
3 18 37 8
3 19 34 7
3 188 17 7
3 215 18 3
3 218 14 8
3 281 36 3
3 310 24 2
3 385 14 8
3 436 27 2
3 475 9 4
3 492 16 5
3 545 40 1
3 595 37 9
3 641 12 7
3 651 31 10
3 677 18 7
3 750 4 1
3 780 8 4
3 855 4 10
3 920 42 7
3 1015 23 3
3 1022 20 9
3 1045 9 3
3 1055 10 1
3 1090 47 8
3 1123 16 3
4 335 2 9
4 927 33 5
6 775 12 5
9 800 6 9
10 698 12 10
11 1196 29 9
12 96 35 9
12 223 22 8
13 801 41 6
15 115 2 8
15 974 33 10
16 54 35 7
16 108 44 8
16 1083 24 9
17 344 38 9
18 1139 9 2
20 21 20 3
20 22 37 9
20 23 15 4
20 24 33 9
20 25 44 6
20 26 37 3
20 27 45 2
20 28 16 7
20 69 36 9
20 149 40 4
20 281 48 3
20 526 43 8
20 625 13 7
20 652 30 10
20 732 46 9
20 856 6 9
20 952 28 2
20 1122 43 3
20 1146 6 4
20 1160 48 7
21 22 14 5
21 23 27 6
21 24 38 5
21 25 1 10
21 29 27 6
21 30 36 4
21 31 46 5
21 52 34 8
21 66 38 5
21 111 36 6
21 121 23 8
21 123 42 6
21 170 49 8
21 188 15 10
21 217 17 4
21 244 38 6
21 266 24 4
21 435 6 4
21 452 20 8
21 475 4 9
21 481 8 8
21 506 11 8
21 560 14 4
21 672 41 3
21 783 25 4
21 812 3 1
21 817 46 9
21 850 48 9
21 1015 50 1
21 1046 7 7
21 1055 34 10
21 1061 48 2
21 1097 42 5
21 1115 23 7
22 23 49 3
22 24 3 7
22 25 17 5
22 32 41 3
22 216 25 3
22 244 41 4
22 310 5 7
22 355 14 6
22 388 20 1
22 436 49 10
22 492 32 8
22 598 40 9
22 641 39 5
22 759 19 4
22 881 6 5
22 954 8 6
22 1015 48 6
22 1046 41 9
22 1055 48 5
22 1062 35 4
22 1166 13 6
23 24 20 9
23 25 47 1
23 33 5 6
23 34 7 9
23 35 47 10
23 36 21 3
23 37 34 3
23 38 26 4
23 146 24 4
23 190 45 6
23 386 40 6
23 413 40 10
23 492 34 8
23 525 32 5
23 545 48 10
23 676 9 2
23 710 50 3
23 750 6 8
23 894 4 4
23 981 21 7
23 1095 43 8
23 1160 32 6
23 1185 28 7
24 25 6 3
24 39 4 1
24 40 43 9
24 41 4 7
24 42 24 5
24 43 26 2
24 44 39 1
24 51 29 4
24 171 3 10
24 266 44 10
24 281 34 9
24 414 30 3
24 480 32 6
24 506 37 9
24 545 41 6
24 563 15 2
24 581 5 8
24 582 34 6
24 627 47 8
24 732 8 6
24 750 41 7
24 850 11 1
24 859 36 6
24 892 5 3
24 919 41 9
24 1180 14 6
24 1187 36 7
25 45 36 6
25 46 50 3
25 47 8 9
25 48 5 4
25 49 27 2
25 311 50 1
25 321 23 2
25 322 14 5
25 352 34 4
25 450 25 10
25 475 39 8
25 598 30 6
25 641 35 6
25 759 50 6
25 783 34 3
25 881 16 3
25 921 9 7
25 986 4 1
25 1020 20 4
25 1021 41 2
25 1090 34 7
25 1121 28 7
25 1147 31 2
25 1166 42 6
25 1180 16 3
27 998 22 2
28 167 24 2
29 809 27 4
29 1001 25 3
30 771 14 8
30 907 18 4
31 445 42 5
31 1010 19 7
32 347 14 7
35 866 39 7
35 913 31 5
36 74 5 5
36 763 34 3
36 847 42 5
37 1112 46 5
39 957 33 9
39 1010 20 3
40 1051 11 3
41 873 28 1
42 58 38 1
42 748 7 9
43 849 15 1
44 416 24 8
47 662 8 7
48 203 15 10
48 273 36 1
49 255 45 8
49 1088 4 6
50 51 4 1
50 52 4 8
50 53 26 5
50 54 34 3
50 110 9 9
50 120 19 3
50 122 25 10
50 170 48 7
50 284 7 5
50 285 37 7
50 311 17 3
50 324 2 5
50 351 6 6
50 410 24 7
50 412 43 2
50 450 30 3
50 481 10 8
50 492 5 4
50 507 37 2
50 527 41 9
50 581 22 7
50 641 50 2
50 650 6 3
50 653 42 9
50 750 43 2
50 757 2 1
50 856 21 9
50 893 20 3
50 915 40 4
50 920 24 6
50 981 12 8
50 1015 2 9
50 1063 12 2
50 1090 36 7
50 1095 49 10
50 1115 5 8
50 1123 3 5
50 1124 48 1
50 1145 16 8
50 1147 3 4
50 1166 9 6
50 1180 43 5
50 1186 29 10
51 52 49 10
51 55 16 1
51 56 4 3
51 57 15 8
51 58 46 1
51 59 50 6
51 60 3 3
51 61 47 10
51 71 14 6
51 111 43 3
51 147 36 3
51 149 13 1
51 190 13 8
51 215 43 4
51 217 10 9
51 240 2 4
51 267 8 10
51 311 21 1
51 320 13 5
51 354 25 4
51 387 10 7
51 389 13 2
51 435 35 2
51 436 34 10
51 475 27 10
51 546 27 10
51 563 44 4
51 597 3 6
51 599 15 9
51 625 47 10
51 640 33 7
51 673 46 2
51 750 40 8
51 781 12 5
51 783 6 9
51 811 13 2
51 812 4 7
51 850 5 6
51 894 49 4
51 952 13 1
51 983 18 5
51 1020 33 6
51 1045 10 9
51 1055 9 10
51 1166 10 10
51 1185 3 5
52 62 50 1
52 63 45 1
52 64 32 1
52 65 44 6
52 172 9 8
52 185 22 5
52 243 34 10
52 267 28 6
52 452 29 10
52 481 19 4
52 492 49 3
52 526 17 10
52 545 33 3
52 562 2 7
52 626 35 10
52 674 25 5
52 712 1 7
52 713 15 6
52 732 34 6
52 758 22 9
52 850 20 10
52 858 16 5
52 880 10 2
52 881 41 1
52 953 6 5
52 1015 43 10
52 1021 16 9
52 1046 5 6
52 1055 32 3
52 1064 32 5
52 1090 6 2
52 1096 42 10
52 1115 5 7
52 1160 24 5
53 666 5 4
53 1175 17 9
54 889 41 1
55 868 27 10
56 498 30 10
58 819 25 8
59 225 2 3
60 703 18 7
61 150 1 2
61 968 36 7
64 88 35 2
64 1152 23 7
65 66 6 6
65 67 36 10
65 68 48 5
65 69 10 7
65 70 20 4
65 71 42 3
65 72 20 2
65 73 31 5
65 74 7 10
65 75 21 4
65 76 18 4
65 77 8 10
65 111 18 2
65 146 39 7
65 218 9 1
65 436 7 3
65 480 12 8
65 750 14 3
65 814 38 2
65 890 50 1
65 1024 1 6
65 1186 40 6
66 67 47 3
66 68 48 6
66 69 47 9
66 70 21 2
66 71 50 2
66 72 24 7
66 73 1 5
66 78 23 5
66 79 19 3
66 80 8 7
66 81 10 6
66 82 46 8
66 110 26 7
66 216 50 10
66 320 16 9
66 452 37 1
66 475 45 9
66 481 26 8
66 490 5 10
66 547 20 6
66 653 48 6
66 919 36 7
66 1045 46 8
66 1046 44 7
66 1062 25 7
67 68 14 6
67 69 36 4
67 70 39 8
67 71 9 8
67 72 20 2
67 73 48 10
67 83 37 8
67 122 4 4
67 185 22 4
67 506 11 6
67 560 46 8
67 582 39 3
67 782 8 10
67 850 9 2
67 921 12 5
67 1024 48 10
67 1090 32 4
67 1115 31 2
67 1120 22 10
67 1160 1 8
68 69 43 6
68 70 49 6
68 71 17 1
68 72 36 4
68 73 30 2
68 84 13 6
68 85 21 7
68 86 13 9
68 87 6 9
68 88 24 5
68 280 31 3
68 310 43 2
68 311 35 5
68 387 13 4
68 414 12 4
68 528 3 2
68 547 49 7
68 640 11 7
68 677 25 3
68 730 13 1
68 986 3 8
68 1015 10 8
68 1090 11 3
68 1095 17 7
68 1115 2 8
68 1180 39 10
69 70 38 2
69 71 1 4
69 72 22 2
69 73 20 1
69 89 34 9
69 90 38 9
69 185 24 7
69 241 48 3
69 454 29 10
69 670 19 9
69 750 34 10
69 811 20 10
69 893 29 8
69 954 31 6
69 984 38 6
69 1145 40 9
69 1160 39 5
69 1180 36 4
70 71 14 3
70 72 50 5
70 73 28 6
70 91 23 1
70 92 4 1
70 93 16 3
70 94 24 8
70 95 34 10
70 170 13 1
70 265 9 1
70 266 49 2
70 354 49 5
70 475 9 4
70 508 46 7
70 528 45 10
70 580 36 9
70 732 24 3
70 755 24 8
70 1015 36 3
70 1055 31 5
70 1095 40 6
70 1124 4 5
70 1167 19 7
71 72 20 8
71 73 44 8
71 96 4 1
71 97 15 6
71 98 39 2
71 172 11 10
71 285 47 10
71 356 48 3
71 386 39 10
71 627 37 5
71 641 47 9
71 713 41 4
71 755 20 4
71 855 46 9
71 1061 17 8
72 73 20 4
72 99 4 9
72 100 12 9
72 101 37 9
72 102 37 6
72 103 35 7
72 104 34 9
72 105 27 7
72 106 47 9
72 243 44 6
72 324 14 5
72 437 12 6
72 599 32 6
72 626 49 7
72 653 37 6
72 712 15 4
72 850 19 4
72 855 4 3
72 880 30 10
72 955 21 8
72 1145 32 10
72 1187 32 2
73 107 1 10
73 108 14 1
73 109 26 7
73 120 3 4
73 145 38 1
73 410 5 2
73 492 31 4
73 596 3 5
73 783 19 5
73 1055 11 4
73 1167 32 9
75 868 33 10
79 478 24 10
79 931 47 10
80 1017 3 4
81 1003 24 8
83 636 14 8
84 874 16 8
85 967 29 2
90 465 2 6
92 259 37 10
92 478 19 2
94 680 15 2
96 930 5 8
97 1085 4 1
98 214 7 3
98 256 16 2
98 338 31 3
98 383 44 6
98 427 21 6
98 431 28 9
98 824 41 3
100 519 43 10
104 933 5 3
105 1019 20 8
106 194 13 4
107 1032 36 9
109 803 40 8
110 111 34 10
110 112 35 5
110 113 23 6
110 114 27 7
110 122 29 1
110 123 25 2
110 170 2 1
110 186 2 3
110 188 14 1
110 217 34 2
110 244 50 10
110 265 50 5
110 280 9 10
110 311 19 2
110 320 7 6
110 325 13 6
110 350 10 4
110 386 23 9
110 435 27 6
110 437 10 5
110 453 13 6
110 454 16 7
110 480 16 3
110 505 35 1
110 580 30 6
110 582 26 6
110 595 35 6
110 599 49 7
110 626 4 6
110 677 10 5
110 733 11 4
110 750 6 2
110 783 30 1
110 784 22 4
110 817 23 1
110 850 24 3
110 857 14 7
110 891 4 10
110 892 36 4
110 916 40 7
110 984 34 4
110 1015 8 1
110 1024 23 10
110 1046 15 7
110 1055 25 2
110 1060 3 7
110 1095 28 6
110 1115 5 6
110 1146 17 9
110 1160 5 10
110 1166 37 7
110 1167 35 7
110 1180 33 5
110 1187 39 2
111 115 24 5
111 116 31 9
111 117 48 10
111 118 40 7
111 119 3 1
111 145 14 10
111 148 40 1
111 172 7 2
111 218 26 7
111 244 39 3
111 267 23 10
111 282 10 1
111 310 31 1
111 353 9 8
111 389 36 9
111 410 34 7
111 414 18 10
111 475 16 9
111 490 14 3
111 492 50 9
111 525 28 2
111 526 15 1
111 545 37 10
111 547 11 3
111 562 45 4
111 563 24 5
111 625 33 2
111 640 17 10
111 641 43 4
111 650 38 4
111 671 26 2
111 710 4 2
111 712 24 7
111 731 41 3
111 750 30 10
111 755 37 9
111 756 43 7
111 817 9 8
111 858 41 9
111 880 46 4
111 881 22 4
111 916 35 3
111 951 19 9
111 953 43 8
111 980 45 8
111 1022 22 1
111 1090 36 9
111 1098 4 9
111 1121 37 7
111 1123 30 5
111 1145 4 9
111 1160 24 3
111 1180 15 7
111 1187 47 3
113 1057 41 9
116 1163 25 5
117 470 39 1
120 121 1 10
120 122 39 10
120 123 3 6
120 124 46 3
120 125 6 9
120 147 35 10
120 266 6 4
120 352 46 7
120 413 20 2
120 437 24 10
120 454 31 6
120 653 31 2
120 710 48 5
120 750 42 8
120 758 34 6
120 782 43 9
120 814 38 3
120 857 40 1
120 880 10 10
120 918 3 6
120 982 36 1
120 1062 30 10
120 1115 29 10
120 1165 9 10
120 1187 39 8
121 122 40 10
121 123 12 8
121 124 50 5
121 126 43 1
121 127 44 6
121 128 26 9
121 218 10 6
121 244 49 4
121 280 47 10
121 354 26 4
121 386 36 9
121 506 18 3
121 526 44 1
121 547 45 10
121 599 50 7
121 641 31 9
121 676 6 1
121 733 9 5
121 784 1 9
121 850 34 2
121 880 24 10
121 891 1 7
121 917 42 3
121 953 25 8
121 1015 36 1
121 1062 36 9
121 1115 24 6
121 1167 33 2
121 1185 21 2
122 123 25 4
122 124 17 8
122 129 28 4
122 130 17 8
122 131 33 5
122 171 46 1
122 188 44 3
122 310 30 4
122 320 48 4
122 412 6 10
122 451 27 1
122 480 32 4
122 481 18 8
122 596 11 4
122 625 43 5
122 626 19 3
122 710 6 8
122 730 37 9
122 850 49 3
122 1095 18 7
122 1123 26 9
122 1146 15 10
122 1180 45 2
123 124 33 8
123 132 43 4
123 133 29 8
123 134 23 7
123 135 34 10
123 136 44 7
123 149 25 6
123 189 6 7
123 265 1 9
123 325 14 1
123 386 24 8
123 435 7 7
123 475 23 4
123 490 47 9
123 508 4 9
123 562 27 6
123 581 27 7
123 650 6 1
123 677 16 8
123 812 49 9
123 858 5 8
123 890 48 1
123 985 9 1
123 1045 42 4
123 1046 13 10
123 1055 34 5
123 1124 49 8
124 137 35 6
124 138 17 2
124 139 33 10
124 140 5 10
124 141 46 1
124 142 15 6
124 143 27 9
124 144 41 1
124 215 9 6
124 243 20 8
124 281 35 3
124 310 5 9
124 490 38 6
124 525 20 2
124 546 33 4
124 560 38 6
124 581 3 8
124 641 25 1
124 750 27 2
124 950 34 6
124 1020 33 3
124 1021 10 9
124 1090 40 3
124 1096 45 3
124 1145 2 6
124 1160 16 5
126 1001 43 7
127 175 16 8
128 471 22 8
128 740 20 10
128 867 41 3
129 439 43 8
129 799 20 5
133 989 49 3
134 206 26 4
137 737 30 9
137 1052 18 9
139 1057 41 4
141 573 15 6
143 317 1 9
143 751 31 2
144 504 48 10
144 941 39 6
145 146 16 4
145 147 18 9
145 148 13 7
145 149 3 9
145 150 20 2
145 151 7 10
145 152 44 3
145 153 28 4
145 154 20 5
145 155 27 7
145 156 22 6
145 157 33 2
145 158 15 5
145 159 22 5
145 241 35 4
145 388 44 6
145 437 24 2
145 451 19 6
145 505 3 8
145 546 23 6
145 547 4 1
145 582 31 7
145 672 13 5
145 713 8 1
145 732 34 5
145 750 40 9
145 814 38 3
145 1055 48 5
145 1146 27 8
145 1160 14 6
145 1180 39 9
146 147 27 5
146 148 39 1
146 149 10 10
146 160 31 8
146 161 12 9
146 162 37 8
146 163 44 1
146 164 16 4
146 171 48 4
146 172 7 9
146 240 20 1
146 265 31 8
146 280 42 5
146 354 6 8
146 625 4 3
146 627 49 2
146 640 32 10
146 650 9 2
146 675 26 7
146 850 49 6
146 880 38 3
146 892 29 2
146 952 13 5
146 1015 12 6
146 1020 13 9
146 1060 46 7
146 1063 1 10
146 1090 31 4
146 1097 37 8
146 1115 37 5
146 1180 5 1
146 1186 6 5
147 148 6 1
147 149 18 5
147 165 43 3
147 166 31 9
147 167 28 2
147 186 31 1
147 325 38 4
147 352 37 10
147 413 22 2
147 435 17 6
147 475 1 5
147 490 10 9
147 508 20 1
147 528 49 3
147 563 11 2
147 600 18 7
147 641 41 1
147 750 41 5
147 890 26 8
147 919 9 8
147 985 40 10
147 1045 39 10
147 1055 13 3
147 1096 32 1
147 1147 13 7
147 1165 11 3
148 149 47 2
148 168 5 7
148 190 22 7
148 217 3 1
148 219 43 3
148 311 43 4
148 322 48 4
148 411 22 6
148 452 4 7
148 481 41 4
148 730 50 6
148 783 36 8
148 952 43 4
148 1046 17 5
148 1121 18 1
148 1124 46 2
148 1160 25 8
148 1165 5 6
148 1187 3 9
149 169 6 8
149 281 15 4
149 310 49 6
149 385 4 4
149 475 48 8
149 491 46 4
149 526 27 10
149 563 45 5
149 581 1 3
149 596 3 6
149 652 20 5
149 713 35 9
149 755 41 3
149 759 16 1
149 784 1 7
149 813 16 10
149 850 25 8
149 858 42 6
149 859 41 5
149 880 20 8
149 981 27 9
149 1015 25 1
149 1090 26 5
149 1115 27 8
150 726 36 6
150 1129 5 9
151 570 40 4
152 370 8 4
153 415 10 6
154 392 27 8
154 469 17 6
154 684 5 10
155 292 48 10
157 548 26 1
157 566 3 9
157 1085 46 8
157 1198 39 3
158 959 47 8
159 1050 39 4
161 887 35 7
162 300 29 1
162 903 40 3
163 296 2 3
164 465 12 5
165 1077 47 1
167 317 41 3
167 392 20 2
168 922 41 9
169 1110 14 5
170 171 10 7
170 172 17 1
170 173 47 10
170 174 25 9
170 175 26 8
170 176 37 1
170 266 16 9
170 310 42 9
170 389 44 7
170 413 48 6
170 481 49 3
170 492 49 8
170 507 15 5
170 545 34 9
170 547 36 9
170 560 23 6
170 581 35 2
170 600 22 4
170 711 15 8
170 730 22 5
170 733 15 8
170 759 48 3
170 817 44 4
170 881 7 3
170 890 1 1
170 950 30 3
170 983 41 1
170 1021 16 9
170 1045 14 7
170 1090 32 9
170 1145 48 10
170 1180 46 9
170 1187 37 9
171 172 23 3
171 177 49 6
171 178 7 6
171 179 26 5
171 180 21 5
171 181 17 3
171 218 47 4
171 243 24 3
171 244 12 9
171 281 22 3
171 284 6 2
171 311 3 1
171 322 19 10
171 435 43 10
171 436 14 5
171 450 5 3
171 508 12 2
171 560 27 6
171 641 36 1
171 650 50 8
171 674 47 9
171 750 20 4
171 757 44 9
171 781 6 1
171 816 42 6
171 850 44 7
171 857 41 1
171 921 16 6
171 1015 2 4
171 1055 10 2
171 1063 27 10
171 1095 8 9
171 1098 31 9
171 1115 28 5
171 1147 26 8
171 1160 32 6
171 1167 18 7
172 182 37 10
172 183 48 4
172 184 25 4
172 187 20 10
172 216 5 8
172 266 12 1
172 322 26 5
172 350 8 10
172 351 50 7
172 385 18 4
172 414 3 5
172 451 41 8
172 475 30 8
172 481 8 10
172 492 43 2
172 527 18 2
172 528 38 3
172 580 31 8
172 596 22 4
172 626 34 5
172 627 23 1
172 641 47 6
172 653 42 2
172 673 17 3
172 712 5 5
172 750 16 7
172 780 17 10
172 850 36 8
172 856 49 7
172 880 21 5
172 892 21 9
172 917 40 1
172 951 44 6
172 986 38 6
172 1015 26 6
172 1022 48 5
172 1046 40 8
172 1063 33 5
172 1120 7 8
172 1122 31 3
172 1166 29 3
172 1187 18 3
174 305 38 8
174 979 1 9
175 723 36 7
175 996 47 4
175 1109 39 5
178 529 26 8
180 567 44 4
180 1051 12 3
181 844 26 9
182 886 6 3
182 914 27 9
182 995 5 4
183 605 29 4
185 186 10 1
185 187 31 7
185 188 29 5
185 189 27 8
185 190 8 3
185 191 8 6
185 192 32 10
185 193 47 7
185 194 26 6
185 195 8 2
185 285 49 2
185 322 9 1
185 387 5 2
185 451 17 1
185 454 16 4
185 481 41 1
185 580 32 10
185 750 36 9
185 757 19 9
185 950 11 10
185 1046 33 5
185 1055 23 8
185 1090 35 4
185 1123 39 7
185 1147 18 1
185 1180 20 1
186 187 48 3
186 188 15 1
186 189 2 10
186 190 44 10
186 196 3 1
186 197 44 2
186 198 20 2
186 199 47 4
186 200 17 7
186 201 11 9
186 216 47 9
186 244 2 9
186 411 28 10
186 412 24 3
186 475 9 6
186 481 19 5
186 507 24 4
186 562 12 1
186 640 34 2
186 650 45 4
186 674 33 6
186 710 32 5
186 732 13 9
186 784 3 5
186 815 28 1
186 880 46 4
186 952 45 4
186 983 29 9
186 1015 37 8
186 1065 19 4
186 1145 14 7
186 1165 31 8
186 1185 6 2
187 188 28 1
187 189 44 2
187 190 36 3
187 202 14 8
187 203 35 3
187 353 8 4
187 436 46 3
187 490 37 5
187 527 24 4
187 581 34 6
187 641 24 8
187 677 27 3
187 711 11 7
187 750 36 7
187 785 3 2
187 850 28 1
187 855 18 3
187 921 45 7
187 983 25 8
187 1180 42 5
187 1185 46 6
188 189 8 4
188 190 14 7
188 204 28 9
188 205 37 4
188 206 4 9
188 320 20 8
188 388 45 4
188 436 43 1
188 475 38 2
188 507 5 10
188 528 10 9
188 545 44 2
188 625 41 1
188 652 22 8
188 730 17 10
188 1022 33 4
188 1045 5 3
188 1055 38 3
188 1065 15 1
188 1097 12 5
188 1115 45 5
188 1167 9 8
189 190 41 10
189 207 8 6
189 208 36 7
189 209 21 3
189 210 46 8
189 211 30 7
189 240 9 5
189 266 1 2
189 311 32 9
189 350 21 10
189 490 46 6
189 563 44 9
189 890 2 3
189 921 11 6
189 1090 27 1
189 1160 8 5
190 212 4 6
190 213 41 1
190 214 47 1
190 216 29 2
190 265 36 5
190 281 10 4
190 311 22 3
190 547 3 1
190 597 11 10
190 599 8 4
190 627 1 9
190 755 22 3
190 816 6 9
190 850 1 8
190 856 32 3
190 880 8 1
190 1020 20 9
190 1095 18 5
190 1121 22 7
191 209 42 2
191 275 7 3
191 503 26 6
192 462 15 5
192 584 7 1
192 1195 16 6
193 232 1 6
193 736 44 5
193 778 33 1
196 211 16 9
199 898 36 3
200 457 30 1
200 860 20 10
201 313 43 7
201 366 30 9
201 911 34 8
201 943 31 10
203 523 50 5
204 377 22 8
205 1078 47 6
205 1129 33 1
206 685 46 8
206 1104 28 5
208 447 7 10
208 802 12 2
209 910 38 9
210 997 25 3
213 568 50 2
213 926 47 4
213 1197 34 5
214 1032 16 8
215 216 8 10
215 217 18 8
215 218 19 1
215 219 20 1
215 220 2 4
215 221 20 1
215 222 30 3
215 223 39 4
215 224 36 1
215 280 47 2
215 413 34 1
215 525 45 7
215 627 16 8
215 653 17 3
215 711 42 6
215 730 33 2
215 750 35 9
215 759 35 5
215 780 34 4
215 784 46 4
215 850 27 7
215 855 36 6
215 880 45 7
215 951 15 2
215 985 36 5
215 1055 19 6
215 1122 27 6
215 1166 39 9
216 217 23 9
216 218 46 10
216 219 8 5
216 225 47 3
216 226 27 2
216 227 14 5
216 228 1 8
216 240 34 7
216 325 7 3
216 387 1 10
216 389 38 10
216 413 3 7
216 436 20 8
216 475 33 4
216 480 46 8
216 545 20 10
216 546 44 9
216 596 13 3
216 671 25 5
216 731 19 1
216 759 10 4
216 858 16 3
216 880 6 1
216 892 12 3
216 917 42 2
216 1046 11 1
216 1055 1 7
216 1063 29 1
216 1115 3 8
216 1160 28 9
217 218 41 1
217 219 11 4
217 229 9 3
217 230 12 8
217 231 47 5
217 232 25 1
217 283 34 5
217 356 36 10
217 492 20 10
217 505 45 8
217 507 27 8
217 582 10 3
217 597 31 7
217 625 35 7
217 652 1 8
217 894 24 5
217 1015 47 6
217 1021 19 1
217 1023 17 7
217 1065 15 2
217 1098 39 6
217 1147 18 10
217 1165 49 1
217 1187 32 1
218 219 22 2
218 233 16 8
218 234 30 6
218 235 36 3
218 236 50 1
218 242 48 9
218 265 11 4
218 267 5 7
218 320 30 8
218 453 29 6
218 475 50 2
218 561 29 8
218 640 24 3
218 813 30 7
218 953 9 5
218 1090 33 9
218 1115 26 2
218 1124 24 5
218 1145 1 1
218 1180 15 9
219 237 6 10
219 238 10 3
219 239 39 3
219 310 22 5
219 350 40 8
219 451 37 8
219 480 44 5
219 491 35 3
219 526 17 4
219 562 2 3
219 581 4 5
219 640 11 7
219 672 28 9
219 710 44 6
219 750 50 10
219 813 4 2
219 920 26 8
219 984 48 6
219 1015 39 7
219 1045 4 6
219 1090 43 6
219 1095 17 2
219 1186 38 6
220 1071 46 4
223 432 21 3
223 707 40 4
223 924 50 10
223 1136 42 9
225 275 22 9
226 643 39 8
226 879 5 5
227 871 42 6
230 333 23 6
231 618 21 6
232 422 25 2
233 489 3 7
234 543 5 4
234 1199 24 2
238 543 35 6
238 638 47 2
240 241 50 5
240 242 49 5
240 243 3 2
240 244 41 7
240 245 35 3
240 246 9 10
240 247 45 4
240 248 30 1
240 266 12 9
240 282 41 7
240 310 20 8
240 320 32 2
240 325 14 7
240 481 38 7
240 492 26 8
240 545 22 2
240 547 13 9
240 561 24 9
240 599 5 5
240 650 15 1
240 710 27 2
240 731 31 7
240 759 28 8
240 780 20 10
240 859 47 6
240 1061 21 2
240 1115 37 9
240 1147 19 7
240 1187 43 5
241 242 12 7
241 243 44 9
241 244 4 4
241 249 41 7
241 250 3 6
241 251 34 10
241 252 38 4
241 253 29 6
241 254 48 5
241 255 22 1
241 256 22 3
241 282 14 3
241 386 16 8
241 451 2 6
241 475 31 6
241 481 31 3
241 491 30 10
241 505 4 1
241 508 1 4
241 641 42 6
241 653 19 4
241 713 20 3
241 750 34 4
241 781 26 9
241 955 31 2
241 980 13 3
241 981 3 2
241 1023 7 10
241 1045 42 6
241 1064 26 5
241 1095 45 2
241 1123 12 3
241 1180 40 2
242 243 16 5
242 244 41 7
242 257 22 8
242 258 6 5
242 259 18 7
242 260 15 3
242 266 49 6
242 350 49 2
242 450 42 4
242 526 32 9
242 562 16 10
242 580 10 10
242 581 37 4
242 625 44 5
242 640 45 1
242 677 17 10
242 855 49 3
242 1015 30 4
242 1055 4 8
242 1160 15 9
243 244 17 10
243 261 30 7
243 262 3 10
243 413 42 4
243 437 33 2
243 475 40 8
243 595 27 7
243 677 4 10
243 733 16 10
243 811 40 8
243 850 6 4
243 881 39 4
243 893 42 3
243 955 7 6
243 1022 22 6
243 1045 30 9
243 1090 5 7
243 1097 6 7
243 1120 3 1
243 1165 1 10
243 1167 20 4
243 1180 23 10
243 1187 20 1
244 263 47 1
244 264 20 3
244 310 47 6
244 354 12 5
244 386 6 3
244 412 34 9
244 436 11 10
244 525 12 10
244 626 39 2
244 750 18 10
244 757 28 9
244 817 30 2
244 850 23 10
244 880 37 2
244 894 40 4
244 916 38 7
244 918 23 4
244 1015 6 1
244 1147 42 3
244 1160 46 6
245 1164 31 4
246 376 37 7
246 898 13 9
249 256 50 6
249 1042 37 9
251 1005 27 3
252 620 43 1
253 510 44 9
254 930 7 5
257 1016 33 3
258 348 28 8
260 791 24 9
262 875 12 6
263 512 13 5
264 914 34 6
264 1139 47 8
265 266 44 8
265 267 44 1
265 268 50 3
265 269 2 2
265 387 26 8
265 437 22 3
265 450 33 8
265 480 35 4
265 481 31 8
265 508 41 9
265 526 1 7
265 562 19 5
265 599 31 8
265 625 18 9
265 641 42 5
265 650 49 3
265 710 45 4
265 713 18 9
265 750 20 2
265 785 2 8
265 850 19 10
265 881 33 1
265 918 4 8
265 955 25 10
265 1023 45 8
265 1045 3 8
265 1090 46 8
265 1098 6 6
265 1160 12 1
265 1185 22 2
266 267 11 4
266 270 28 7
266 271 11 6
266 272 43 7
266 273 31 3
266 283 33 4
266 284 19 6
266 310 23 5
266 325 12 4
266 411 18 3
266 437 9 8
266 450 5 10
266 491 38 1
266 545 2 2
266 582 13 1
266 595 20 10
266 674 15 4
266 733 28 2
266 750 44 2
266 755 38 8
266 810 3 3
266 813 32 1
266 858 47 5
266 880 30 7
266 892 12 1
266 1015 47 4
266 1023 10 3
266 1055 2 2
266 1061 30 10
266 1115 27 6
266 1120 15 10
266 1146 3 9
266 1166 46 10
266 1167 23 5
266 1180 39 2
266 1186 38 6
267 274 25 1
267 275 7 3
267 276 32 2
267 277 21 5
267 278 21 4
267 279 29 8
267 310 47 2
267 355 23 3
267 356 46 9
267 386 26 3
267 411 16 10
267 475 2 6
267 491 43 9
267 508 24 4
267 526 30 2
267 547 44 4
267 561 2 3
267 626 20 4
267 640 42 9
267 653 32 9
267 672 40 9
267 733 19 6
267 756 24 3
267 781 15 9
267 857 27 6
267 891 49 4
267 915 15 7
267 953 38 1
267 985 45 1
267 1015 49 10
267 1046 15 10
267 1095 26 7
267 1124 40 4
267 1146 22 7
267 1160 50 5
268 570 40 8
269 1142 45 3
269 1174 5 7
270 340 3 7
271 679 46 1
272 646 8 10
273 378 38 8
273 574 18 10
273 772 36 10
274 509 17 9
277 511 31 2
279 349 22 6
280 281 10 7
280 282 2 7
280 283 25 3
280 284 24 5
280 285 5 5
280 286 24 5
280 287 35 2
280 288 27 8
280 289 2 7
280 352 47 3
280 385 19 2
280 450 41 9
280 506 11 1
280 547 19 8
280 562 41 7
280 581 25 8
280 625 29 9
280 640 44 6
280 653 39 6
280 750 37 7
280 817 32 6
280 850 12 7
280 880 19 1
280 891 30 4
280 1021 26 5
280 1046 41 4
280 1180 30 8
281 282 3 10
281 283 15 8
281 284 4 4
281 285 9 7
281 290 10 1
281 310 22 3
281 323 31 8
281 388 25 9
281 490 6 3
281 560 43 5
281 598 28 2
281 651 2 1
281 671 44 4
281 750 43 9
281 953 41 10
281 1015 4 1
281 1167 24 2
281 1180 32 4
282 283 19 6
282 284 29 1
282 285 35 4
282 291 48 7
282 292 8 9
282 293 40 1
282 294 46 10
282 411 15 6
282 475 31 8
282 492 17 6
282 546 11 6
282 676 33 1
282 785 21 7
282 850 16 6
282 855 27 3
282 856 37 2
282 881 50 5
282 919 47 7
282 950 23 7
282 1055 21 5
282 1146 37 10
282 1185 45 1
283 284 26 3
283 285 16 2
283 295 14 7
283 296 32 10
283 297 18 5
283 298 18 10
283 299 10 5
283 300 27 3
283 301 32 9
283 310 49 2
283 410 32 2
283 526 44 10
283 581 27 3
283 599 45 5
283 641 33 5
283 731 30 6
283 784 37 9
283 891 31 1
283 1045 4 5
283 1055 3 8
283 1065 16 8
283 1090 48 1
283 1095 48 10
283 1115 1 1
283 1124 24 6
284 285 42 9
284 302 47 4
284 303 20 2
284 304 29 2
284 305 27 3
284 435 6 2
284 436 43 3
284 481 3 4
284 526 45 1
284 733 35 5
284 755 7 7
284 984 6 1
284 1024 4 7
284 1090 49 10
284 1098 21 4
284 1115 22 8
284 1145 41 3
284 1160 5 10
284 1167 23 10
284 1185 14 9
285 306 32 4
285 307 43 8
285 308 28 7
285 309 9 4
285 320 21 3
285 351 5 3
285 451 46 2
285 475 16 6
285 481 24 2
285 506 44 6
285 625 34 4
285 710 37 7
285 711 32 7
285 759 7 5
285 813 46 1
285 918 2 8
285 981 1 9
285 1015 9 1
285 1061 45 7
287 1143 38 9
287 1162 24 10
291 947 32 3
292 842 23 7
295 901 46 4
295 977 50 9
297 504 49 5
298 511 50 3
298 551 48 5
298 994 22 5
299 991 19 7
300 476 44 4
300 832 40 5
301 1153 45 1
305 799 6 7
305 913 48 10
308 594 6 10
309 432 22 2
309 824 29 6
310 311 6 2
310 312 26 4
310 313 29 4
310 314 35 3
310 315 47 6
310 321 41 2
310 350 23 9
310 385 46 6
310 386 13 9
310 410 14 7
310 451 22 10
310 475 45 6
310 506 47 4
310 525 27 10
310 527 40 1
310 545 10 6
310 581 21 4
310 596 7 1
310 640 33 3
310 651 32 8
310 710 49 8
310 750 15 7
310 755 22 7
310 783 20 4
310 814 38 4
310 850 36 8
310 919 45 1
310 1015 43 3
310 1023 16 4
310 1045 22 4
310 1046 6 8
310 1055 23 4
310 1090 49 6
310 1095 4 8
310 1121 31 8
310 1124 26 10
310 1165 46 10
310 1180 42 6
310 1187 33 6
311 316 24 3
311 317 2 5
311 318 40 5
311 319 12 3
311 323 12 4
311 355 32 7
311 414 31 6
311 435 39 1
311 436 15 9
311 454 19 7
311 481 8 9
311 491 39 4
311 492 33 8
311 505 6 8
311 547 10 2
311 560 8 3
311 561 27 3
311 582 4 4
311 626 48 6
311 627 32 8
311 640 28 7
311 650 17 5
311 671 37 10
311 677 16 4
311 712 23 3
311 730 7 9
311 733 48 9
311 750 15 5
311 755 42 9
311 781 11 6
311 816 41 8
311 856 7 9
311 880 24 8
311 881 12 8
311 890 16 10
311 950 45 4
311 980 36 4
311 984 9 7
311 1020 1 4
311 1063 11 9
311 1065 26 1
311 1090 1 6
311 1095 11 10
311 1115 43 7
311 1145 8 1
311 1146 18 1
311 1160 5 3
311 1167 38 4
311 1180 41 10
311 1186 43 4
312 836 25 9
314 516 15 9
314 702 50 2
315 416 25 10
315 512 9 9
316 566 19 3
320 321 37 5
320 322 36 9
320 323 18 10
320 324 45 6
320 325 13 2
320 326 12 4
320 327 19 7
320 328 43 5
320 329 15 1
320 330 38 4
320 436 15 6
320 437 38 4
320 526 19 7
320 561 6 8
320 651 34 2
320 653 27 1
320 674 48 10
320 850 46 3
320 953 48 3
320 1115 27 8
320 1145 15 4
320 1160 1 9
320 1167 34 3
320 1186 29 8
321 322 21 10
321 323 1 5
321 324 24 7
321 325 45 7
321 331 43 4
321 332 22 9
321 333 38 7
321 334 11 1
321 335 34 9
321 336 46 1
321 337 31 3
321 338 43 7
321 339 40 6
321 389 44 5
321 414 15 3
321 480 3 7
321 481 43 7
321 506 10 9
321 545 13 5
321 640 20 4
321 641 8 4
321 757 47 5
321 856 29 5
321 890 18 4
321 1046 17 4
321 1115 4 3
321 1146 19 6
322 323 23 10
322 324 3 2
322 325 35 9
322 340 14 5
322 341 29 6
322 388 29 7
322 597 7 9
322 676 2 2
322 711 6 1
322 733 18 2
322 780 15 2
322 858 31 5
322 880 16 8
322 920 37 5
322 981 39 9
322 1045 4 6
322 1055 28 3
322 1090 23 9
322 1123 3 8
322 1160 37 4
323 324 16 9
323 325 16 2
323 342 43 5
323 410 21 9
323 451 33 1
323 491 40 9
323 525 50 2
323 562 45 1
323 627 38 3
323 710 4 6
323 732 41 7
323 812 45 8
323 953 25 2
323 1015 14 6
323 1090 17 6
323 1097 27 7
324 325 45 3
324 343 1 5
324 344 9 10
324 345 26 1
324 352 50 3
324 452 20 5
324 580 11 1
324 582 27 5
324 598 25 9
324 626 31 9
324 750 21 2
324 815 5 9
324 850 36 10
324 881 47 8
324 916 15 8
324 980 38 4
324 1015 19 3
324 1055 39 6
324 1060 42 9
324 1097 27 9
324 1180 30 6
324 1186 11 5
325 346 15 3
325 347 12 2
325 348 39 10
325 349 11 3
325 351 14 8
325 475 27 10
325 491 42 6
325 508 32 3
325 547 3 9
325 750 8 9
325 757 42 6
325 781 27 3
325 894 4 3
325 1022 5 5
325 1023 9 1
325 1061 16 8
325 1124 1 5
325 1166 28 10
325 1180 15 3
326 772 26 10
326 793 18 5
326 854 29 7
326 1074 17 8
329 584 47 9
331 720 18 7
332 1144 15 10
334 418 32 10
335 860 20 4
336 565 16 2
336 1073 3 5
338 655 24 4
341 397 14 10
341 482 48 10
343 1104 13 7
345 427 23 2
347 906 38 4
348 635 10 7
350 351 17 4
350 352 42 8
350 353 49 4
350 354 34 7
350 355 45 9
350 356 31 9
350 357 1 7
350 358 14 4
350 359 28 10
350 360 14 1
350 453 7 1
350 490 50 5
350 492 49 4
350 850 23 8
350 880 33 6
350 1146 29 3
350 1165 13 7
351 352 16 10
351 353 19 4
351 354 39 5
351 355 48 2
351 356 2 8
351 361 26 3
351 362 46 1
351 363 27 1
351 364 22 4
351 365 2 5
351 366 6 10
351 367 22 7
351 452 8 3
351 475 29 9
351 595 9 2
351 653 50 5
351 677 43 10
351 712 47 2
351 730 43 4
351 750 5 1
351 784 24 1
351 812 17 5
351 856 8 3
351 881 36 5
351 915 46 4
351 981 25 5
351 1015 45 4
351 1046 9 4
351 1061 43 9
351 1160 44 2
351 1166 5 5
351 1180 18 7
352 353 3 5
352 354 10 9
352 355 41 4
352 356 21 3
352 368 39 5
352 369 28 1
352 370 35 5
352 436 34 3
352 525 14 2
352 580 18 9
352 625 38 8
352 641 18 5
352 674 7 5
352 750 47 9
352 755 49 3
352 781 15 8
352 1090 1 7
352 1115 31 5
352 1121 17 9
352 1160 35 8
353 354 47 6
353 355 32 1
353 356 34 9
353 371 40 4
353 372 42 1
353 480 21 10
353 481 10 6
353 505 28 2
353 546 37 3
353 560 23 8
353 596 50 5
353 712 11 3
353 955 43 7
353 985 11 5
353 1015 6 5
353 1090 28 7
353 1096 48 10
353 1186 19 9
354 355 38 3
354 356 13 5
354 373 16 6
354 475 29 2
354 528 3 2
354 627 4 2
354 811 48 7
354 891 29 5
354 894 15 8
354 1024 44 8
354 1055 31 4
354 1115 16 4
354 1146 30 5
354 1185 16 10
355 356 6 8
355 374 16 5
355 375 42 9
355 376 35 2
355 377 18 7
355 378 2 2
355 379 39 10
355 410 4 1
355 413 20 10
355 508 42 1
355 561 34 6
355 582 37 4
355 850 39 8
355 859 16 7
355 915 5 5
355 955 39 4
355 1063 22 7
356 380 32 2
356 381 36 4
356 382 9 2
356 383 10 7
356 384 18 10
356 385 34 6
356 437 32 10
356 545 28 2
356 640 31 1
356 652 31 8
356 733 32 2
356 758 6 1
356 1020 3 5
356 1055 31 8
356 1095 46 2
356 1121 10 5
357 446 37 4
359 1174 15 6
360 660 46 10
360 872 3 8
362 1093 35 4
363 748 1 2
364 502 45 1
364 536 26 1
364 1006 16 10
367 512 4 9
367 729 13 6
368 564 17 10
371 669 20 7
372 705 23 2
373 683 37 1
373 1011 50 5
376 942 16 2
377 679 2 5
380 1048 31 4
382 477 9 8
382 1032 41 3
382 1174 6 9
383 853 45 4
385 386 29 6
385 387 40 1
385 388 7 1
385 389 31 10
385 390 47 7
385 391 25 9
385 392 12 10
385 393 38 10
385 394 9 2
385 395 32 2
385 453 25 8
385 475 30 1
385 508 1 7
385 580 12 9
385 597 15 8
385 626 36 3
385 710 41 4
385 711 13 8
385 758 34 10
385 881 48 7
385 916 16 8
385 952 29 5
385 985 4 8
385 986 39 9
385 1015 46 4
385 1020 14 10
385 1055 22 6
385 1064 3 2
385 1120 44 6
385 1180 14 4
386 387 6 9
386 388 13 8
386 389 24 2
386 396 13 1
386 397 3 6
386 398 31 4
386 399 19 6
386 400 34 1
386 436 22 10
386 528 40 10
386 545 30 5
386 627 23 3
386 641 33 10
386 730 6 9
386 785 14 10
386 817 2 10
386 850 14 2
386 881 17 8
386 952 28 1
386 1115 5 6
387 388 34 9
387 389 15 3
387 401 5 2
387 402 50 2
387 403 26 8
387 413 11 5
387 526 3 4
387 563 26 7
387 641 17 10
387 650 13 6
387 670 33 5
387 750 15 5
387 784 6 6
387 850 17 2
387 857 44 5
387 1020 35 7
387 1090 24 5
387 1121 1 2
387 1147 27 1
387 1160 37 1
387 1166 27 9
388 389 43 4
388 404 47 2
388 405 25 8
388 406 18 2
388 435 16 9
388 450 43 1
388 475 40 10
388 492 34 6
388 505 37 10
388 651 44 10
388 675 37 7
388 750 47 1
388 859 36 6
388 891 48 8
388 1046 7 9
388 1098 25 9
388 1146 45 3
388 1186 38 1
389 407 15 4
389 408 29 10
389 409 25 3
389 412 45 3
389 480 28 5
389 481 43 2
389 492 8 3
389 563 19 3
389 597 7 1
389 732 33 3
389 758 6 6
389 817 18 10
389 921 1 8
389 1015 2 5
389 1045 9 3
389 1055 24 9
389 1065 27 9
389 1090 5 9
389 1096 34 2
389 1160 4 5
389 1180 16 5
389 1186 19 1
390 704 25 7
390 1177 19 10
391 424 29 7
391 566 48 10
393 1161 19 2
399 1066 2 4
400 697 6 10
400 947 37 4
400 1037 18 4
401 1138 48 8
402 403 49 6
402 615 13 8
403 716 29 1
403 903 10 5
403 1058 19 8
404 406 40 3
404 907 16 5
407 418 48 1
409 884 29 8
409 945 1 3
410 411 6 8
410 412 41 2
410 413 24 5
410 414 5 5
410 415 35 10
410 416 30 7
410 417 45 2
410 418 46 10
410 419 39 1
410 420 25 5
410 421 9 1
410 454 8 3
410 525 43 3
410 581 48 2
410 600 38 2
410 671 37 1
410 750 9 10
410 759 26 6
410 783 11 3
410 850 37 10
410 1065 7 3
410 1090 17 2
410 1098 15 9
411 412 1 1
411 413 30 1
411 414 10 2
411 422 28 5
411 423 13 1
411 424 4 5
411 425 49 9
411 435 43 3
411 545 26 9
411 627 16 1
411 641 28 6
411 650 7 7
411 677 24 3
411 710 37 6
411 730 11 1
411 733 1 7
411 759 15 8
411 812 24 4
411 850 44 3
411 894 48 9
411 954 14 6
411 1046 14 10
411 1146 5 3
411 1147 31 8
411 1166 31 6
411 1180 39 7
411 1186 34 9
411 1187 1 7
412 413 26 9
412 414 32 6
412 426 19 7
412 427 21 8
412 475 16 5
412 547 24 1
412 563 17 10
412 581 4 9
412 600 31 7
412 627 28 5
412 652 23 7
412 711 17 7
412 783 35 3
412 856 43 8
412 894 35 8
412 980 41 3
412 986 32 5
412 1045 27 9
412 1055 25 9
412 1095 50 6
412 1160 3 8
413 414 11 5
413 428 30 7
413 429 23 3
413 430 29 10
413 431 10 10
413 436 21 5
413 475 49 3
413 481 19 7
413 490 6 8
413 491 19 9
413 505 29 2
413 527 18 2
413 563 8 7
413 641 5 3
413 750 3 6
413 880 44 6
413 918 20 8
413 1015 25 6
413 1021 21 10
413 1055 39 3
413 1090 4 3
413 1115 40 5
413 1122 19 10
413 1166 3 3
414 432 10 4
414 433 1 9
414 434 46 9
414 450 37 10
414 480 36 8
414 505 26 8
414 812 1 8
414 858 26 1
414 880 4 7
414 919 19 1
414 951 12 6
414 1015 36 5
414 1020 32 8
414 1064 44 3
414 1115 25 7
414 1121 36 5
414 1160 6 6
414 1180 11 4
416 541 33 2
417 961 1 9
421 461 30 6
422 659 47 8
428 688 48 7
432 962 5 3
433 792 8 2
435 436 23 8
435 437 33 2
435 438 39 6
435 439 6 1
435 440 50 6
435 441 39 4
435 442 50 8
435 547 15 6
435 561 21 5
435 581 6 2
435 625 44 1
435 650 41 7
435 652 7 6
435 672 49 1
435 732 7 8
435 750 35 3
435 756 29 4
435 850 1 6
435 855 34 10
435 881 35 3
435 919 38 3
435 953 44 6
435 985 44 2
435 1015 33 10
435 1115 41 3
435 1145 25 3
435 1146 7 10
435 1160 15 10
435 1166 2 4
435 1180 8 8
436 437 17 8
436 443 33 6
436 444 39 3
436 454 23 1
436 475 21 9
436 480 24 6
436 507 13 2
436 528 16 3
436 546 3 2
436 580 44 8
436 596 5 2
436 597 3 1
436 625 35 7
436 640 39 1
436 641 28 2
436 672 19 5
436 710 44 8
436 850 48 1
436 880 39 4
436 954 27 8
436 986 27 10
436 1020 31 3
436 1021 40 9
436 1046 30 7
436 1055 15 5
436 1064 9 2
436 1090 43 1
436 1098 28 7
436 1123 48 3
436 1160 27 6
436 1167 8 9
436 1185 12 10
436 1187 29 3
437 445 34 1
437 446 37 2
437 447 38 10
437 448 5 9
437 449 19 3
437 450 7 2
437 481 49 7
437 490 26 1
437 492 41 5
437 508 26 5
437 528 50 3
437 560 41 8
437 730 18 5
437 757 42 5
437 780 29 4
437 783 21 1
437 812 28 5
437 813 10 2
437 858 1 3
437 890 1 5
437 894 42 3
437 919 48 7
437 1046 6 6
437 1055 35 7
437 1060 39 8
437 1090 5 3
437 1115 18 7
437 1122 47 3
439 766 14 7
441 691 50 7
442 848 31 6
442 1195 37 9
446 531 34 6
446 990 35 1
448 655 44 7
448 941 40 7
449 1000 2 6
450 451 43 10
450 452 1 4
450 453 18 2
450 454 9 4
450 455 35 2
450 508 6 5
450 580 10 9
450 600 1 9
450 627 17 2
450 675 40 4
450 785 44 9
450 855 7 10
450 894 30 3
450 920 36 10
450 1020 19 6
450 1055 27 3
450 1064 27 8
450 1097 41 2
450 1145 11 4
450 1160 8 7
451 452 49 2
451 453 35 2
451 454 4 3
451 456 1 5
451 457 23 2
451 458 38 5
451 459 24 10
451 491 33 3
451 561 29 2
451 640 20 2
451 713 27 9
451 732 14 10
451 750 15 3
451 917 16 5
451 950 37 8
451 983 9 4
451 1045 17 6
451 1046 27 2
451 1090 25 6
451 1115 8 1
451 1124 45 6
451 1187 12 8
452 453 42 8
452 454 36 6
452 460 3 4
452 461 44 9
452 462 26 6
452 463 45 9
452 464 26 2
452 480 34 4
452 546 34 2
452 596 30 4
452 626 45 8
452 758 38 7
452 759 26 3
452 817 44 1
452 850 39 1
452 953 26 6
452 1022 10 2
452 1167 18 5
452 1186 23 10
453 454 42 2
453 465 50 2
453 466 4 1
453 467 8 9
453 468 29 10
453 469 26 9
453 470 10 7
453 471 12 4
453 481 49 2
453 490 5 1
453 545 1 7
453 580 20 2
453 640 44 10
453 652 42 8
453 670 40 5
453 855 41 9
453 1015 39 8
453 1055 23 4
453 1095 26 4
453 1120 42 9
453 1165 44 9
453 1180 30 5
454 472 5 2
454 473 34 6
454 474 41 4
454 475 45 10
454 506 21 4
454 527 15 4
454 528 34 5
454 563 22 7
454 652 49 6
454 732 49 8
454 750 45 1
454 784 22 2
454 814 16 9
454 850 11 5
454 881 6 2
454 981 38 2
454 1060 42 1
454 1115 40 8
454 1160 32 10
454 1180 36 3
461 924 42 1
461 932 15 8
464 836 6 7
465 496 12 7
466 934 27 4
468 818 17 9
469 768 14 7
470 1189 21 1
471 542 20 1
472 971 21 8
473 720 25 6
475 476 29 8
475 477 8 1
475 478 47 5
475 479 20 2
475 480 24 10
475 481 45 7
475 490 38 4
475 492 10 9
475 506 23 1
475 526 50 5
475 527 17 5
475 545 35 7
475 560 36 2
475 561 30 3
475 580 31 5
475 581 26 6
475 595 12 9
475 598 8 1
475 626 48 6
475 627 26 5
475 640 49 3
475 651 21 3
475 672 27 7
475 673 11 2
475 711 35 10
475 712 41 1
475 732 18 4
475 733 35 3
475 750 26 1
475 755 20 1
475 759 41 7
475 782 27 3
475 783 35 2
475 812 39 7
475 817 11 3
475 850 33 4
475 858 50 10
475 880 14 10
475 881 27 6
475 892 4 4
475 893 38 6
475 915 49 8
475 918 41 10
475 952 46 4
475 982 42 10
475 983 14 9
475 1015 23 2
475 1022 26 7
475 1024 7 7
475 1046 12 2
475 1055 38 7
475 1061 34 9
475 1065 42 4
475 1090 49 2
475 1097 37 4
475 1115 48 2
475 1123 39 8
475 1124 14 7
475 1145 36 10
475 1146 9 7
475 1160 30 3
475 1166 49 1
475 1167 44 5
475 1180 5 5
475 1185 25 5
480 481 16 9
480 482 11 4
480 483 33 4
480 484 45 8
480 485 42 10
480 490 7 3
480 508 41 6
480 526 41 1
480 546 2 6
480 627 16 10
480 640 13 1
480 650 40 7
480 670 49 9
480 674 22 6
480 711 35 5
480 733 26 10
480 750 38 2
480 758 48 10
480 850 31 7
480 858 45 7
480 859 29 4
480 891 6 8
480 893 14 8
480 915 31 10
480 952 10 5
480 983 9 2
480 1015 40 7
480 1022 28 3
480 1046 26 10
480 1055 33 7
480 1090 47 10
480 1097 4 4
480 1098 12 1
480 1115 42 5
480 1124 37 9
480 1180 4 2
480 1186 15 2
480 1187 6 7
481 486 32 8
481 487 50 5
481 488 30 4
481 489 6 4
481 490 8 1
481 507 47 5
481 528 11 7
481 546 9 7
481 560 17 2
481 561 14 10
481 580 25 8
481 582 1 1
481 596 9 4
481 598 19 9
481 625 39 4
481 640 11 2
481 650 4 6
481 713 32 1
481 732 39 10
481 759 10 8
481 780 26 6
481 784 6 4
481 817 6 5
481 850 2 10
481 880 49 6
481 921 46 9
481 953 19 3
481 982 25 10
481 1015 26 8
481 1022 48 8
481 1046 15 1
481 1055 23 9
481 1062 49 4
481 1063 10 6
481 1090 45 3
481 1115 16 3
481 1124 6 8
481 1145 6 8
481 1160 45 4
481 1165 12 2
481 1167 34 10
484 694 4 6
485 903 47 8
488 789 18 8
490 491 36 9
490 492 36 6
490 493 25 7
490 494 40 5
490 495 3 4
490 496 39 2
490 497 22 4
490 561 17 8
490 580 41 4
490 598 23 4
490 625 29 2
490 671 44 5
490 676 18 9
490 712 22 3
490 733 13 6
490 850 6 5
490 920 10 5
490 952 14 10
490 986 21 10
490 1015 35 4
490 1046 41 4
490 1055 39 1
490 1061 49 8
490 1063 1 8
490 1090 9 9
490 1095 2 2
490 1122 9 1
490 1123 30 4
490 1146 32 9
490 1167 30 3
490 1180 2 5
491 492 42 1
491 498 1 6
491 506 12 1
491 528 45 1
491 545 1 10
491 561 33 5
491 599 34 2
491 641 41 8
491 652 25 8
491 710 2 5
491 750 13 5
491 781 15 1
491 784 16 4
491 811 43 2
491 816 13 6
491 850 17 4
491 858 9 9
491 880 6 7
491 917 16 9
491 955 24 8
491 980 11 3
491 1015 48 3
491 1024 15 10
491 1115 44 7
491 1145 17 7
491 1160 50 7
491 1180 50 9
491 1185 43 1
491 1187 22 4
492 499 46 9
492 500 8 3
492 501 7 3
492 502 15 8
492 503 36 3
492 504 50 9
492 505 23 8
492 526 13 4
492 547 12 2
492 580 33 1
492 626 4 2
492 640 40 8
492 651 1 3
492 733 17 6
492 755 30 3
492 758 35 6
492 858 18 5
492 880 19 2
492 892 23 4
492 894 25 5
492 1023 20 8
492 1046 49 2
492 1055 35 9
492 1090 18 2
492 1097 3 5
492 1115 24 6
492 1165 46 8
502 963 42 1
503 927 10 7
504 685 30 8
505 506 21 6
505 507 4 4
505 508 46 5
505 509 42 7
505 547 13 10
505 581 12 8
505 596 40 3
505 627 45 1
505 641 23 10
505 710 17 4
505 712 33 8
505 733 50 7
505 750 30 8
505 757 14 8
505 812 35 9
505 817 33 8
505 858 25 3
505 880 2 9
505 894 29 4
505 916 8 7
505 1015 4 10
505 1021 6 5
505 1045 23 2
505 1055 6 5
505 1065 37 1
505 1090 18 10
505 1095 19 6
505 1098 7 4
505 1122 26 4
505 1146 23 3
505 1186 11 6
506 507 18 10
506 508 49 8
506 510 21 8
506 511 6 9
506 512 27 3
506 513 9 7
506 514 4 6
506 562 20 5
506 599 26 4
506 626 24 5
506 640 18 3
506 733 34 6
506 855 2 6
506 894 34 2
506 985 8 7
506 1160 45 6
506 1165 48 2
507 508 24 5
507 515 22 8
507 516 17 7
507 517 13 5
507 518 45 8
507 519 24 9
507 520 45 9
507 521 23 5
507 528 39 2
507 545 17 5
507 560 49 9
507 582 18 5
507 677 8 9
507 750 43 8
507 1045 46 4
507 1090 20 8
507 1115 32 5
507 1122 12 2
507 1147 30 3
508 522 23 2
508 523 14 10
508 524 40 6
508 528 15 8
508 650 40 8
508 652 38 8
508 677 50 8
508 755 41 5
508 781 36 4
508 784 2 8
508 850 41 4
508 881 3 8
508 950 43 6
508 951 37 3
508 986 31 10
508 1023 1 7
508 1055 33 1
508 1060 49 4
508 1115 27 9
508 1166 5 4
508 1180 34 3
508 1186 35 3
510 1193 4 5
512 706 27 9
513 633 17 2
517 607 42 1
518 830 43 3
522 689 15 8
522 1182 36 8
524 1058 41 2
525 526 39 9
525 527 17 6
525 528 25 7
525 529 13 9
525 530 1 7
525 531 42 8
525 545 11 5
525 580 47 2
525 600 45 10
525 641 24 2
525 670 27 10
525 730 26 8
525 750 38 2
525 785 21 2
525 880 36 7
525 890 6 5
525 1055 8 4
525 1062 13 4
525 1095 16 1
525 1120 2 3
525 1146 49 1
525 1160 10 8
525 1180 7 6
525 1185 9 8
526 527 18 10
526 528 3 6
526 532 35 1
526 533 5 1
526 534 39 4
526 535 21 10
526 536 23 5
526 545 29 9
526 561 7 10
526 581 30 4
526 626 31 9
526 652 31 1
526 712 35 1
526 750 27 7
526 758 28 7
526 810 38 9
526 816 45 9
526 856 26 7
526 857 6 9
526 880 39 3
526 920 21 2
526 985 2 10
526 1015 47 6
526 1055 17 8
526 1061 9 7
526 1090 6 6
526 1145 8 7
526 1180 17 9
527 528 42 10
527 537 32 7
527 538 33 6
527 539 41 1
527 540 20 5
527 541 4 8
527 542 13 8
527 543 23 9
527 563 9 7
527 595 7 6
527 641 47 3
527 652 17 5
527 731 49 3
527 757 10 5
527 783 50 5
527 850 38 4
527 891 19 10
527 916 47 6
527 986 41 10
527 1015 25 9
527 1020 8 6
527 1021 42 2
527 1045 30 10
527 1115 9 10
527 1160 41 5
527 1166 36 8
528 544 29 2
528 675 6 8
528 712 39 1
528 850 23 8
528 950 22 8
528 1046 13 6
528 1095 38 6
528 1115 26 1
528 1123 18 4
528 1165 16 2
528 1186 20 10
530 618 41 1
534 554 20 4
535 608 47 10
537 887 14 10
539 689 26 10
543 914 29 8
543 1086 32 5
543 1106 19 9
545 546 36 5
545 547 42 6
545 548 11 3
545 549 35 10
545 550 40 2
545 551 25 6
545 552 26 8
545 561 50 4
545 582 45 3
545 600 16 5
545 675 21 8
545 713 7 8
545 733 34 4
545 757 3 10
545 814 12 7
545 850 44 9
545 855 5 4
545 857 11 7
545 880 41 5
545 919 33 5
545 955 8 2
545 981 17 6
545 1015 21 7
545 1020 44 1
545 1021 26 3
545 1115 42 5
545 1147 39 3
545 1180 48 4
545 1187 50 2
546 547 22 5
546 553 4 5
546 554 17 2
546 555 14 10
546 562 28 2
546 625 3 6
546 640 33 6
546 650 40 2
546 730 24 4
546 756 46 5
546 783 3 4
546 785 6 6
546 880 38 3
546 890 46 8
546 894 5 7
546 953 6 9
546 1015 49 3
546 1045 27 5
546 1055 27 2
546 1064 30 3
546 1090 5 8
546 1096 41 3
546 1124 24 4
546 1167 24 6
546 1180 39 7
547 556 2 5
547 557 17 10
547 558 45 5
547 559 35 6
547 581 35 2
547 599 26 6
547 627 13 4
547 641 50 5
547 651 33 6
547 676 41 9
547 750 35 10
547 814 48 6
547 850 3 9
547 919 14 2
547 981 42 1
547 1046 21 4
547 1062 15 10
547 1097 40 8
547 1115 22 8
547 1124 23 5
547 1160 41 4
547 1166 21 1
547 1186 15 10
548 1103 14 6
549 1014 25 3
551 1135 25 9
553 628 9 9
553 965 3 8
553 966 37 1
557 1149 11 7
559 966 33 7
560 561 44 10
560 562 16 3
560 563 2 9
560 564 20 1
560 565 45 1
560 566 11 3
560 567 17 6
560 568 32 4
560 670 45 1
560 710 12 5
560 733 47 5
560 750 33 7
560 755 3 1
560 880 12 8
560 920 26 9
560 955 44 8
560 1020 10 1
560 1045 17 2
560 1145 15 9
560 1146 33 10
560 1165 7 9
561 562 34 5
561 563 48 2
561 569 6 2
561 570 49 5
561 627 40 3
561 651 31 10
561 755 42 4
561 810 2 9
561 813 25 3
561 981 15 5
561 986 11 3
561 1015 27 2
561 1055 30 7
561 1090 7 4
561 1098 20 9
561 1115 13 5
561 1122 49 7
561 1160 10 8
561 1180 24 7
562 563 34 8
562 571 15 8
562 572 18 1
562 573 43 3
562 574 32 3
562 575 35 4
562 576 12 9
562 582 35 6
562 600 24 5
562 640 16 2
562 641 17 6
562 653 26 10
562 713 44 8
562 732 46 5
562 750 16 5
562 783 38 5
562 858 9 1
562 890 21 10
562 920 12 8
562 1046 29 4
562 1055 48 3
562 1061 41 5
562 1090 28 2
562 1097 1 2
562 1115 39 6
562 1180 8 6
562 1185 11 1
563 577 36 1
563 578 43 7
563 579 46 2
563 581 33 8
563 600 27 3
563 626 49 3
563 673 33 6
563 784 49 4
563 850 17 2
563 857 13 7
563 881 2 7
563 892 44 10
563 952 26 10
563 1022 41 10
563 1120 48 7
563 1166 17 1
563 1186 43 8
564 619 19 2
571 1036 16 5
573 1076 46 6
573 1197 10 10
574 496 1 10
574 838 9 4
575 612 43 4
575 614 43 3
575 1105 14 5
578 770 2 7
578 956 2 10
580 581 20 2
580 582 31 5
580 583 15 7
580 584 26 2
580 598 4 7
580 640 28 2
580 641 2 5
580 672 18 4
580 710 41 1
580 733 33 4
580 750 14 4
580 812 7 4
580 814 3 10
580 856 22 7
580 858 34 8
580 894 44 2
580 917 44 9
580 921 30 1
580 1021 6 6
580 1055 37 8
580 1063 30 2
580 1065 20 1
580 1090 11 1
580 1096 31 3
580 1121 21 5
580 1145 48 3
580 1147 9 5
580 1160 19 3
581 582 22 9
581 585 1 3
581 586 14 2
581 587 40 5
581 588 11 9
581 589 16 3
581 626 4 2
581 711 13 9
581 731 39 4
581 750 27 1
581 758 4 6
581 781 21 4
581 784 2 3
581 850 43 10
581 953 50 1
581 954 22 10
581 1015 45 5
581 1022 12 9
581 1045 23 5
581 1090 41 7
581 1098 39 10
581 1115 50 10
581 1166 10 9
581 1180 35 6
581 1185 28 6
582 590 31 6
582 591 14 4
582 592 23 2
582 593 48 4
582 594 21 3
582 596 40 2
582 627 3 6
582 650 17 5
582 652 18 1
582 677 46 2
582 755 7 10
582 850 6 2
582 880 36 2
582 881 1 9
582 893 34 3
582 984 24 5
582 985 6 4
582 1015 47 9
582 1115 6 4
582 1122 49 3
582 1165 6 2
582 1185 21 2
583 614 28 7
584 1159 11 7
586 928 4 3
587 632 8 5
589 697 22 4
589 725 3 3
589 927 43 5
590 752 30 5
590 834 18 9
591 715 43 5
593 974 28 8
595 596 20 5
595 597 47 9
595 598 43 10
595 599 46 7
595 600 13 2
595 601 16 2
595 602 46 3
595 603 46 9
595 671 4 8
595 756 46 9
595 850 44 8
595 1146 28 2
595 1166 14 6
595 1180 2 1
596 597 11 1
596 598 40 10
596 599 26 6
596 600 39 10
596 604 39 4
596 605 5 9
596 606 39 4
596 641 39 10
596 652 24 7
596 712 28 10
596 750 35 1
596 855 28 9
596 859 16 5
596 894 16 9
596 1015 37 9
596 1021 33 10
596 1046 24 2
596 1055 15 10
596 1090 31 6
596 1097 47 5
596 1180 37 8
597 598 11 6
597 599 23 8
597 600 39 6
597 607 11 8
597 627 29 6
597 782 43 1
597 880 44 9
597 918 45 1
597 919 39 10
597 951 7 10
597 980 37 1
597 1045 18 8
597 1062 11 9
597 1090 37 3
597 1095 22 7
597 1115 39 6
597 1123 35 9
597 1160 48 2
597 1186 32 2
598 599 16 4
598 600 23 6
598 608 11 9
598 609 45 8
598 610 48 9
598 611 15 10
598 670 37 6
598 750 39 4
598 781 12 4
598 811 46 2
598 986 50 2
598 1024 49 6
598 1121 21 5
599 600 39 10
599 612 30 9
599 613 12 5
599 614 37 8
599 615 46 3
599 616 47 6
599 617 45 1
599 618 5 1
599 627 35 9
599 713 30 6
599 733 7 8
599 811 39 9
599 881 9 8
599 1015 2 4
599 1147 9 3
599 1160 50 5
600 619 13 2
600 620 29 4
600 621 14 10
600 622 14 4
600 623 23 6
600 624 6 9
600 640 11 9
600 651 16 5
600 731 5 7
600 759 20 9
600 850 43 4
600 892 6 5
600 953 35 8
600 1055 23 1
600 1063 24 1
600 1115 12 8
600 1165 7 1
600 1186 12 1
602 679 21 3
603 948 7 9
607 1158 50 9
608 1195 41 6
612 1151 39 3
615 763 3 4
616 701 7 1
616 1114 2 1
617 679 38 2
617 1119 24 5
617 1138 34 5
618 1197 36 8
619 794 32 9
619 991 50 9
622 1027 33 7
623 1033 31 9
625 626 12 5
625 627 33 3
625 628 9 2
625 629 2 10
625 630 46 2
625 674 34 10
625 675 13 2
625 712 44 3
625 733 19 1
625 750 31 1
625 781 1 5
625 810 27 7
625 850 35 7
625 856 41 5
625 858 6 1
625 916 9 10
625 984 49 4
625 1015 44 10
625 1021 42 3
625 1046 47 1
625 1055 11 5
625 1060 33 3
625 1097 2 5
625 1115 45 6
625 1122 29 1
625 1160 50 3
625 1180 24 10
626 627 39 1
626 631 34 10
626 632 25 2
626 633 34 4
626 634 10 9
626 635 4 2
626 758 39 4
626 814 22 7
626 880 10 5
626 893 12 1
626 921 11 7
626 951 31 3
626 986 11 9
626 1046 15 7
626 1090 22 3
626 1123 6 8
626 1166 38 8
626 1185 44 4
627 636 27 6
627 637 48 1
627 638 26 5
627 639 10 3
627 641 41 9
627 652 30 1
627 711 2 4
627 731 40 2
627 750 22 5
627 759 13 4
627 881 46 9
627 892 13 8
627 951 21 10
627 1055 35 4
627 1061 49 5
627 1090 4 8
627 1096 9 3
627 1115 24 2
627 1147 13 5
627 1160 42 2
627 1167 45 6
627 1187 47 2
630 1079 44 8
631 1047 19 2
632 700 38 3
633 1109 18 5
640 641 13 9
640 642 22 5
640 643 21 7
640 653 22 1
640 674 25 5
640 710 44 9
640 731 9 1
640 732 22 1
640 755 31 1
640 757 20 5
640 780 41 10
640 783 13 2
640 810 46 8
640 816 2 8
640 850 33 4
640 880 25 4
640 881 7 4
640 893 36 2
640 894 4 8
640 921 38 10
640 952 49 8
640 953 42 8
640 982 28 2
640 1015 3 7
640 1023 6 10
640 1046 46 1
640 1055 23 3
640 1090 43 2
640 1145 30 10
640 1160 9 2
640 1165 40 7
640 1180 25 8
640 1186 44 6
641 644 23 9
641 645 39 1
641 646 4 3
641 647 4 6
641 648 11 9
641 649 6 3
641 652 8 9
641 674 30 5
641 713 38 7
641 750 1 10
641 856 20 5
641 859 46 8
641 916 30 3
641 986 35 4
641 1015 14 3
641 1023 1 9
641 1055 9 7
641 1060 8 6
641 1062 28 3
641 1090 3 7
641 1095 42 5
641 1096 25 7
641 1115 30 7
641 1121 44 5
641 1124 27 4
641 1145 34 9
641 1160 31 7
641 1167 25 5
641 1186 4 2
644 945 15 3
647 803 12 4
650 651 50 3
650 652 9 4
650 653 28 1
650 654 30 7
650 655 48 1
650 656 9 2
650 657 23 3
650 658 25 4
650 659 14 9
650 730 27 9
650 750 38 10
650 881 38 3
650 893 45 2
650 1015 26 1
650 1020 16 10
650 1055 7 4
650 1090 22 10
650 1160 17 2
650 1165 1 9
651 652 3 6
651 653 14 1
651 660 33 4
651 661 16 1
651 662 40 2
651 663 31 7
651 671 13 2
651 675 46 1
651 732 48 1
651 750 39 8
651 758 36 5
651 858 24 7
651 880 6 4
651 986 46 9
651 1063 9 4
651 1090 38 5
651 1123 22 1
651 1185 2 9
652 653 28 10
652 664 39 4
652 665 20 7
652 666 21 8
652 667 50 4
652 712 20 10
652 713 16 2
652 783 33 2
652 812 15 6
652 920 4 6
652 981 28 8
652 1024 17 1
652 1045 48 1
652 1055 26 3
652 1095 23 1
652 1098 17 4
652 1146 41 7
652 1166 6 8
652 1180 15 5
653 668 29 9
653 669 26 10
653 759 7 5
653 780 30 7
653 814 19 5
653 850 25 8
653 859 50 8
653 890 3 8
653 917 31 3
653 950 5 7
653 1015 46 1
653 1046 18 9
653 1065 26 7
653 1115 1 3
653 1121 7 9
653 1146 4 9
653 1160 27 2
653 1180 22 6
653 1186 21 4
654 765 7 1
656 1036 6 10
657 787 10 2
659 900 35 10
659 1001 6 6
664 1102 24 3
666 716 28 1
666 1082 37 6
667 979 46 4
668 1105 6 1
670 671 26 1
670 672 35 9
670 673 2 9
670 674 13 4
670 675 12 4
670 676 18 4
670 677 28 9
670 678 26 7
670 679 7 8
670 680 17 5
670 681 50 2
670 682 47 2
670 683 4 4
670 684 14 6
670 685 11 3
670 785 10 8
670 812 8 1
670 982 27 6
670 986 10 3
670 1055 21 6
670 1090 29 8
670 1096 19 7
671 672 10 10
671 673 11 1
671 674 21 7
671 675 23 7
671 676 36 7
671 677 14 10
671 686 4 2
671 687 18 7
671 688 14 5
671 689 12 9
671 690 32 8
671 810 36 6
671 850 37 6
671 858 25 7
671 1064 13 10
671 1180 13 5
672 673 10 1
672 674 19 2
672 675 8 10
672 676 5 10
672 677 26 5
672 691 23 4
672 692 9 6
672 693 21 3
672 694 43 3
672 695 49 1
672 710 6 3
672 858 25 5
672 1090 10 3
672 1120 20 4
672 1160 22 3
673 674 2 8
673 675 25 9
673 676 30 3
673 677 15 5
673 696 36 9
673 697 44 8
673 698 28 8
673 699 45 7
673 711 21 7
673 1015 14 6
673 1022 40 5
673 1062 47 1
673 1145 10 2
673 1180 39 5
673 1187 48 4
674 675 35 3
674 676 2 1
674 677 22 10
674 700 13 3
674 701 4 1
674 702 43 1
674 703 50 8
674 750 34 10
674 755 23 7
674 850 13 3
674 880 28 9
674 915 23 9
674 953 38 10
674 1115 14 4
675 676 8 4
675 677 21 6
675 704 14 4
675 705 31 3
675 706 36 5
675 733 45 8
675 750 47 4
675 756 43 5
675 891 12 4
675 893 2 7
675 917 34 2
675 1021 35 5
675 1160 9 1
675 1166 4 9
676 677 47 2
676 707 24 9
676 708 34 5
676 732 33 10
676 881 6 6
676 1015 20 4
676 1098 22 8
676 1115 32 8
676 1187 30 2
677 709 30 9
677 953 43 4
677 1045 9 7
677 1055 41 10
677 1123 46 2
677 1146 40 5
677 1166 15 10
678 896 45 5
686 864 16 3
686 1012 9 2
688 909 21 6
689 762 19 10
689 987 27 4
697 1087 7 2
700 852 25 4
702 1127 45 5
704 789 27 7
706 719 42 1
706 1039 17 3
708 1193 50 5
709 806 2 3
710 711 6 2
710 712 22 6
710 713 35 6
710 714 8 7
710 733 47 1
710 750 37 7
710 757 6 5
710 810 46 9
710 921 22 8
710 953 17 6
710 984 30 10
710 985 23 6
710 1015 4 8
710 1055 49 10
710 1115 18 3
710 1121 31 1
710 1123 7 6
711 712 40 1
711 713 48 1
711 715 40 3
711 716 47 2
711 717 24 8
711 718 43 9
711 719 38 2
711 750 7 1
711 759 16 10
711 855 15 6
711 856 18 10
711 881 15 2
711 1061 36 6
711 1147 30 6
711 1166 32 10
712 713 21 7
712 720 49 1
712 721 19 5
712 722 36 8
712 723 13 1
712 732 20 2
712 850 18 7
712 881 7 3
712 891 28 8
712 916 40 8
712 955 33 8
712 1024 39 5
712 1055 21 6
712 1065 2 7
712 1090 48 10
712 1096 43 1
712 1115 28 7
712 1147 43 10
712 1160 8 7
712 1166 38 3
713 724 36 9
713 725 46 2
713 726 2 6
713 727 26 1
713 728 37 5
713 729 26 1
713 782 1 3
713 784 26 3
713 813 47 1
713 850 45 1
713 894 29 3
713 1021 26 8
713 1045 29 1
713 1046 41 9
713 1090 33 10
713 1098 49 9
713 1180 40 1
713 1185 37 4
713 1187 20 10
715 800 11 8
715 877 1 10
718 772 25 1
720 961 2 4
726 1040 10 2
727 1009 10 8
727 1169 26 10
728 941 24 9
730 731 5 5
730 732 29 9
730 733 44 8
730 734 18 6
730 735 35 5
730 736 44 8
730 737 41 6
730 784 12 8
730 858 32 6
730 986 32 6
730 1015 19 6
730 1055 48 3
730 1090 27 6
730 1146 38 2
730 1160 6 8
730 1167 29 9
730 1185 18 6
731 732 22 1
731 733 17 7
731 738 32 2
731 739 3 7
731 740 20 3
731 750 47 2
731 850 41 1
731 859 46 4
731 1024 48 10
731 1045 49 4
731 1055 42 1
731 1115 42 3
731 1122 45 8
731 1180 35 5
731 1186 28 3
732 733 34 9
732 741 7 1
732 742 14 6
732 743 30 7
732 744 30 7
732 745 14 7
732 746 45 6
732 747 49 5
732 758 8 2
732 759 3 10
732 780 21 8
732 817 49 10
732 881 41 8
732 890 32 1
732 917 26 8
732 954 24 9
732 1021 3 6
732 1064 21 3
732 1098 23 4
732 1115 47 10
732 1146 42 1
732 1180 16 1
733 748 23 5
733 749 18 5
733 750 36 5
733 815 46 10
733 891 49 5
733 921 29 10
733 950 18 10
733 980 16 10
733 1015 15 2
733 1046 4 7
733 1061 20 3
733 1097 32 10
733 1120 6 6
733 1166 38 8
734 1118 4 6
735 1171 36 2
737 1190 21 10
747 1104 50 5
750 751 48 7
750 752 11 6
750 753 49 10
750 754 4 7
750 755 44 8
750 759 2 2
750 780 19 10
750 784 47 6
750 810 5 5
750 813 41 4
750 850 26 9
750 856 23 2
750 857 29 7
750 880 42 7
750 881 47 3
750 891 36 5
750 894 42 4
750 920 24 6
750 921 50 2
750 954 38 8
750 955 5 4
750 981 10 7
750 984 43 9
750 1015 35 9
750 1021 15 1
750 1023 1 1
750 1045 12 10
750 1055 42 1
750 1062 2 3
750 1063 23 6
750 1090 44 4
750 1095 11 2
750 1096 38 7
750 1115 31 2
750 1121 25 8
750 1124 15 4
750 1146 16 3
750 1147 2 4
750 1160 45 7
750 1165 28 10
750 1166 38 1
750 1180 42 7
750 1186 25 1
751 1127 24 10
755 756 3 3
755 757 13 2
755 758 14 7
755 759 38 10
755 760 30 4
755 783 19 6
755 785 49 9
755 817 6 8
755 850 50 4
755 859 7 3
755 919 39 1
755 986 42 1
755 1090 22 6
755 1095 10 6
755 1097 25 4
755 1121 29 4
755 1180 1 1
755 1186 50 5
756 757 44 4
756 758 30 3
756 759 10 9
756 761 6 8
756 762 9 6
756 763 18 2
756 764 21 2
756 765 2 9
756 766 9 3
756 767 21 8
756 768 26 7
756 769 31 10
756 891 38 7
756 916 33 4
756 953 33 10
756 1021 41 4
756 1045 50 1
756 1060 36 5
756 1090 11 10
757 758 17 4
757 759 18 9
757 770 23 6
757 771 27 2
757 850 26 10
757 855 32 4
757 1015 18 9
757 1022 44 10
757 1055 30 9
757 1145 3 1
757 1160 34 5
757 1167 31 3
757 1180 13 3
758 759 12 1
758 772 42 2
758 881 43 10
758 890 16 1
758 986 5 6
758 1115 18 7
758 1145 20 3
758 1160 1 2
758 1185 4 4
759 773 29 4
759 774 18 1
759 775 12 2
759 776 33 6
759 777 30 6
759 778 14 4
759 779 35 2
759 816 42 9
759 880 50 9
759 950 33 3
759 1015 34 5
759 1046 3 3
759 1055 26 9
759 1115 2 4
759 1123 47 3
767 851 23 1
769 897 34 1
770 1191 46 10
773 940 37 2
773 1088 8 8
776 1125 18 5
780 781 9 1
780 782 38 4
780 783 40 10
780 784 3 4
780 785 11 10
780 786 23 3
780 850 12 7
780 1024 32 10
780 1090 37 9
780 1115 26 6
780 1120 19 2
780 1160 27 9
780 1185 34 6
781 782 7 2
781 783 50 10
781 784 43 5
781 785 21 9
781 787 9 2
781 788 36 3
781 789 23 9
781 790 12 2
781 791 17 4
781 792 33 5
781 793 44 3
781 918 16 9
781 1115 38 8
781 1147 5 2
781 1160 6 9
782 783 8 6
782 784 18 8
782 785 18 7
782 794 22 7
782 795 44 9
782 796 49 10
782 797 49 1
782 798 48 7
782 859 37 1
782 881 32 6
782 1015 23 4
782 1021 18 4
782 1046 48 2
782 1055 5 7
782 1060 26 5
782 1090 24 3
782 1120 44 3
782 1165 49 3
782 1185 44 5
783 784 10 1
783 785 4 3
783 799 37 6
783 800 49 8
783 801 28 5
783 850 21 7
783 892 34 3
783 894 19 4
783 1015 8 8
783 1060 22 7
783 1167 31 10
783 1180 6 2
784 785 35 7
784 802 32 1
784 803 1 10
784 804 32 6
784 805 19 2
784 806 48 4
784 855 8 2
784 915 48 10
784 951 1 10
784 1098 22 4
785 807 4 10
785 808 48 2
785 809 47 6
785 812 43 8
785 880 35 6
785 980 2 9
785 981 16 8
785 1045 23 10
785 1055 4 9
785 1097 29 2
785 1146 34 4
785 1180 26 8
788 1119 20 6
793 829 45 5
796 1183 11 3
797 1177 21 8
798 979 39 8
802 873 12 3
803 818 34 7
807 1092 34 3
810 811 47 9
810 812 20 1
810 813 50 5
810 814 12 4
810 815 36 4
810 816 23 5
810 817 9 1
810 818 37 10
810 819 27 10
810 820 12 7
810 821 42 2
810 822 41 10
810 881 5 10
810 953 46 8
810 982 35 10
810 1096 15 7
810 1160 35 1
810 1166 6 2
811 812 18 5
811 813 22 4
811 814 47 3
811 815 27 10
811 816 26 8
811 817 38 5
811 823 21 9
811 881 33 1
811 1015 50 6
811 1021 30 3
811 1045 38 9
811 1046 28 8
811 1180 48 1
811 1185 25 2
812 813 34 7
812 814 36 3
812 815 38 8
812 816 38 7
812 817 4 2
812 824 3 4
812 825 26 2
812 826 30 10
812 827 14 4
812 828 30 1
812 984 3 3
812 1090 9 3
812 1097 31 8
813 814 5 7
813 815 11 1
813 816 15 6
813 817 36 6
813 829 37 2
813 830 11 2
813 831 44 9
813 832 31 9
813 833 18 7
813 850 27 4
813 855 5 9
813 920 19 5
813 1022 13 6
813 1055 40 8
813 1115 49 3
814 815 11 10
814 816 11 2
814 817 21 7
814 834 26 7
814 918 10 7
814 1115 15 5
814 1147 39 3
814 1160 7 5
814 1167 1 10
815 816 16 1
815 817 19 8
815 835 23 9
815 836 47 6
815 837 5 3
815 838 37 9
815 839 47 3
815 1071 8 7
815 1124 50 9
816 817 12 1
816 840 41 7
816 841 37 3
816 842 24 4
816 843 1 2
816 844 50 10
816 845 19 1
816 846 32 2
816 847 29 9
816 848 26 2
816 850 27 8
816 891 42 5
816 893 40 10
816 1015 18 6
816 1055 34 2
816 1145 1 4
816 1187 49 7
817 849 39 9
817 858 10 5
817 952 8 5
817 1060 36 1
817 1064 11 5
817 1121 34 1
818 908 9 1
820 969 30 7
826 957 17 1
829 949 15 9
835 1013 37 9
839 1188 48 10
842 979 14 8
843 1007 29 9
847 1112 50 2
848 1150 40 10
849 996 37 10
849 1138 43 9
850 851 29 1
850 852 27 9
850 853 23 9
850 854 50 7
850 855 32 10
850 857 20 8
850 880 39 4
850 881 28 6
850 890 20 5
850 894 27 9
850 919 9 7
850 921 20 4
850 953 37 2
850 954 14 4
850 980 14 8
850 983 32 5
850 1015 9 7
850 1022 46 5
850 1045 24 1
850 1046 38 7
850 1055 2 1
850 1063 42 7
850 1065 44 8
850 1090 2 7
850 1095 10 1
850 1096 23 4
850 1115 12 4
850 1121 28 10
850 1123 39 2
850 1146 26 8
850 1147 15 6
850 1160 6 5
850 1165 49 2
850 1167 21 3
850 1180 27 7
850 1185 40 3
852 996 12 7
855 856 22 7
855 857 6 5
855 858 44 1
855 859 30 6
855 860 22 7
855 881 45 7
855 893 43 6
855 1021 12 7
855 1062 6 4
855 1097 27 6
855 1147 8 6
855 1160 27 2
855 1165 49 10
855 1185 16 6
856 857 46 2
856 858 31 3
856 859 15 10
856 861 27 4
856 862 42 8
856 863 17 9
856 864 38 4
856 865 26 2
856 866 35 6
856 867 21 5
856 917 27 7
856 953 26 8
856 1021 50 7
856 1055 6 1
856 1160 27 8
856 1180 28 3
857 858 8 7
857 859 14 9
857 868 21 2
857 869 39 9
857 870 6 10
857 871 39 4
857 872 30 5
857 893 31 3
857 985 21 6
857 986 11 5
857 1015 20 5
857 1045 29 9
857 1063 17 1
857 1090 11 6
857 1123 20 3
858 859 4 3
858 873 44 8
858 880 23 5
858 920 35 2
858 951 17 7
858 1046 26 6
858 1115 6 5
858 1147 45 10
859 874 10 3
859 875 42 1
859 876 15 9
859 877 36 2
859 878 14 8
859 879 12 10
859 1055 3 4
859 1090 2 8
859 1098 35 7
859 1121 41 2
859 1165 46 10
859 1180 35 10
859 1185 40 7
861 929 14 1
864 1144 9 5
868 1193 28 4
871 1084 40 9
876 1014 47 9
877 1100 32 3
880 881 31 6
880 882 48 9
880 883 36 3
880 884 8 9
880 894 39 6
880 917 37 5
880 919 48 7
880 950 38 7
880 983 48 10
880 1015 47 1
880 1021 48 8
880 1045 1 1
880 1046 27 7
880 1061 26 4
880 1090 49 7
880 1097 1 5
880 1115 37 6
880 1120 50 9
880 1124 38 10
880 1145 34 10
880 1160 3 6
880 1180 47 6
880 1186 36 3
881 885 19 9
881 886 36 6
881 887 46 3
881 888 1 3
881 889 19 4
881 891 11 6
881 953 42 7
881 983 48 5
881 1015 49 2
881 1020 37 4
881 1055 30 6
881 1090 44 7
881 1097 20 10
881 1147 23 1
881 1165 49 8
881 1166 35 6
881 1180 8 8
881 1186 37 10
888 970 20 7
889 970 32 6
890 891 41 3
890 892 9 7
890 893 42 10
890 894 33 6
890 895 2 5
890 920 21 3
890 1015 23 10
890 1061 39 4
890 1124 22 1
890 1160 40 9
891 892 41 7
891 893 30 7
891 894 27 2
891 896 7 8
891 897 16 10
891 898 7 8
891 899 8 8
891 900 40 6
891 901 17 7
891 1090 45 5
891 1124 34 6
891 1145 45 8
891 1167 36 3
891 1180 20 5
891 1185 4 2
892 893 28 2
892 894 36 3
892 902 29 5
892 903 39 3
892 904 43 3
892 905 2 2
892 954 42 8
892 986 8 3
892 1015 35 9
892 1024 30 6
892 1063 12 4
892 1115 35 6
892 1160 31 6
893 894 6 9
893 906 41 2
893 907 49 3
893 908 39 1
893 955 37 8
893 981 45 5
893 1045 6 8
893 1055 8 10
893 1167 18 7
894 909 11 5
894 910 27 1
894 911 26 10
894 912 26 4
894 913 30 3
894 914 36 8
894 917 13 1
894 1020 2 1
894 1046 49 1
894 1055 33 9
894 1090 18 2
894 1098 43 1
894 1146 4 5
894 1180 11 5
894 1187 23 5
913 1135 42 2
915 916 36 10
915 917 46 7
915 918 21 6
915 919 15 5
915 920 8 8
915 921 39 3
915 922 35 6
915 923 25 7
915 924 30 3
915 925 31 4
915 952 9 5
916 917 50 4
916 918 50 4
916 919 50 7
916 920 3 10
916 921 18 6
916 926 8 4
916 927 13 4
916 928 44 7
916 1095 39 1
916 1115 5 7
916 1146 11 4
916 1160 41 7
917 918 31 6
917 919 38 6
917 920 23 5
917 921 8 2
917 929 12 7
917 930 40 3
917 931 16 10
917 932 23 2
917 952 42 7
917 983 14 8
917 1045 22 8
917 1065 21 3
917 1090 12 3
917 1165 38 8
917 1180 45 1
918 919 36 8
918 920 38 10
918 921 9 1
918 933 33 7
918 934 34 6
918 935 15 6
918 936 1 3
918 1015 50 10
918 1045 12 8
918 1055 32 2
918 1166 35 8
919 920 12 5
919 921 12 4
919 937 8 5
919 938 21 5
919 939 34 5
919 940 35 7
919 941 12 2
919 942 11 3
919 943 21 10
919 1015 35 5
919 1021 20 8
919 1055 42 8
919 1098 17 4
919 1145 39 7
919 1186 38 7
920 921 42 9
920 944 20 8
920 1024 24 2
920 1120 41 10
920 1124 24 2
921 945 1 9
921 946 47 5
921 947 22 7
921 948 47 3
921 949 29 10
921 980 12 10
921 1063 40 8
921 1090 33 3
921 1115 25 7
921 1180 25 2
921 1185 1 9
923 1076 31 2
936 1068 9 8
941 996 44 7
950 951 8 3
950 952 13 4
950 953 28 5
950 954 17 9
950 955 14 9
950 956 16 4
950 957 29 6
950 958 9 8
950 959 14 10
950 960 1 4
950 961 27 1
950 981 18 9
950 1015 12 6
950 1022 12 7
950 1121 8 6
950 1180 10 8
951 952 8 3
951 953 17 3
951 954 33 5
951 955 4 9
951 962 22 5
951 963 12 4
951 964 39 3
951 965 30 3
951 984 34 1
951 1098 39 3
951 1160 44 6
951 1165 11 10
951 1185 6 2
952 953 3 4
952 954 14 8
952 955 47 9
952 966 5 8
952 967 35 3
952 968 34 3
952 969 49 6
952 970 24 10
952 1046 31 1
952 1115 26 3
952 1124 46 6
952 1180 20 1
953 954 34 6
953 955 39 4
953 971 16 9
953 972 39 6
953 1015 22 5
953 1055 40 4
953 1060 27 2
953 1095 29 6
953 1115 8 10
953 1146 24 1
953 1147 6 7
954 955 3 8
954 973 7 5
954 974 4 3
954 975 41 9
954 976 43 1
954 1024 20 9
954 1061 7 6
954 1090 32 7
954 1187 32 6
955 977 49 8
955 978 31 1
955 979 11 1
955 1090 6 8
955 1167 49 7
965 967 30 1
969 1003 26 7
980 981 6 7
980 982 22 7
980 983 4 3
980 984 37 8
980 985 12 6
980 986 9 1
980 987 36 4
980 988 42 9
980 989 10 9
980 990 36 9
980 991 14 3
980 992 32 5
980 1015 36 10
980 1055 42 5
980 1090 21 6
980 1097 2 4
980 1098 25 9
980 1124 8 5
980 1160 42 6
980 1165 29 8
981 982 38 3
981 983 24 1
981 984 17 4
981 985 6 6
981 986 46 2
981 993 45 8
981 994 15 6
981 995 21 6
981 996 35 6
981 1115 44 7
981 1167 8 9
982 983 36 7
982 984 47 6
982 985 13 8
982 986 28 3
982 997 15 4
982 998 28 8
982 999 23 6
982 1015 13 2
982 1065 36 4
982 1090 44 8
982 1145 50 1
982 1180 35 10
983 984 16 7
983 985 34 5
983 986 35 2
983 1000 15 3
983 1001 33 3
983 1002 44 8
983 1003 31 5
983 1023 11 3
983 1046 10 4
983 1055 27 10
983 1123 15 4
983 1185 42 6
984 985 48 10
984 986 41 10
984 1004 45 9
984 1005 41 7
984 1006 23 1
984 1007 38 10
984 1020 41 6
984 1146 11 10
984 1185 29 8
985 986 12 2
985 1008 1 2
985 1009 26 7
985 1010 47 9
985 1045 50 4
985 1063 4 2
986 1011 44 5
986 1012 41 10
986 1013 45 6
986 1014 22 6
986 1160 10 8
986 1180 43 1
1004 1082 21 8
1015 1016 10 3
1015 1017 45 4
1015 1018 18 5
1015 1019 29 5
1015 1023 29 8
1015 1024 26 7
1015 1045 43 6
1015 1046 6 5
1015 1055 3 9
1015 1061 7 7
1015 1063 13 1
1015 1090 32 3
1015 1097 24 10
1015 1115 47 2
1015 1121 16 5
1015 1122 44 10
1015 1146 4 4
1015 1160 43 1
1015 1167 9 5
1015 1180 43 4
1015 1185 12 8
1015 1187 9 3
1018 1137 34 7
1020 1021 16 3
1020 1022 8 4
1020 1023 39 1
1020 1024 50 6
1020 1025 36 9
1020 1026 13 6
1020 1055 9 2
1020 1062 36 9
1020 1090 35 9
1020 1160 23 9
1021 1022 9 3
1021 1023 29 4
1021 1024 49 9
1021 1027 9 9
1021 1028 14 8
1021 1029 4 4
1021 1030 18 5
1021 1031 6 5
1021 1045 9 10
1021 1046 36 2
1021 1121 43 7
1021 1160 35 7
1021 1187 28 2
1022 1023 1 8
1022 1024 24 3
1022 1032 12 3
1022 1033 9 3
1022 1034 43 3
1022 1035 41 7
1022 1036 27 6
1022 1061 29 7
1022 1097 29 5
1022 1146 36 10
1022 1180 1 7
1023 1024 21 2
1023 1037 18 6
1023 1038 41 9
1023 1039 10 5
1023 1040 48 1
1023 1055 49 2
1023 1115 40 1
1023 1122 11 10
1023 1147 48 4
1023 1165 13 8
1024 1041 38 7
1024 1042 24 2
1024 1043 21 7
1024 1044 46 4
1024 1090 7 7
1024 1097 11 5
1024 1115 47 10
1024 1166 48 6
1024 1180 12 7
1024 1187 28 3
1032 1156 29 1
1034 1114 9 2
1045 1046 31 9
1045 1047 28 10
1045 1048 8 6
1045 1055 15 3
1045 1065 18 2
1045 1095 37 10
1045 1097 26 5
1045 1115 1 1
1045 1120 33 5
1045 1123 42 1
1045 1160 25 5
1045 1167 16 3
1045 1180 4 5
1045 1187 14 8
1046 1049 28 3
1046 1050 37 10
1046 1051 23 10
1046 1052 23 9
1046 1053 38 9
1046 1054 24 8
1046 1062 18 5
1046 1090 36 4
1046 1115 37 4
1046 1146 14 8
1046 1165 35 2
1046 1180 42 6
1049 1072 13 4
1055 1056 23 5
1055 1057 19 1
1055 1058 28 4
1055 1059 42 3
1055 1062 36 5
1055 1063 48 5
1055 1090 50 5
1055 1095 1 2
1055 1098 13 4
1055 1115 26 5
1055 1123 38 4
1055 1124 19 8
1055 1145 16 7
1055 1147 13 6
1055 1160 31 9
1055 1165 34 8
1055 1166 26 9
1055 1180 2 9
1055 1185 18 8
1055 1187 43 5
1060 1061 28 6
1060 1062 1 8
1060 1063 13 9
1060 1064 7 10
1060 1065 23 8
1060 1066 34 7
1060 1067 43 7
1060 1095 45 4
1060 1115 29 3
1060 1123 29 6
1061 1062 26 2
1061 1063 33 4
1061 1064 45 9
1061 1065 32 3
1061 1068 39 6
1061 1069 25 7
1061 1070 41 10
1061 1098 48 9
1061 1147 34 9
1061 1166 41 5
1061 1180 17 3
1062 1063 16 9
1062 1064 25 1
1062 1065 28 7
1062 1071 48 2
1062 1072 1 7
1062 1090 18 2
1062 1187 1 8
1063 1064 19 5
1063 1065 27 1
1063 1073 46 5
1063 1074 1 4
1063 1075 33 1
1063 1076 12 6
1063 1077 21 5
1063 1078 2 2
1063 1079 36 2
1063 1090 28 10
1063 1115 29 5
1063 1121 20 6
1063 1166 36 7
1063 1185 34 5
1064 815 12 10
1064 1065 28 1
1064 1080 45 6
1064 1081 17 10
1064 1147 6 4
1064 1160 2 1
1065 1082 45 8
1065 1083 28 4
1065 1084 2 4
1065 1085 11 2
1065 1086 44 10
1065 1087 21 3
1065 1088 28 4
1065 1089 12 8
1065 1160 47 6
1065 1180 30 10
1085 1118 36 8
1085 1156 5 7
1087 1137 39 9
1090 1091 12 3
1090 1092 23 7
1090 1093 37 6
1090 1094 25 1
1090 1097 15 4
1090 1115 29 5
1090 1121 5 5
1090 1123 20 4
1090 1145 26 5
1090 1160 34 7
1090 1165 49 4
1090 1166 43 8
1090 1180 36 1
1090 1187 12 4
1095 1096 16 4
1095 1097 8 5
1095 1098 35 6
1095 1099 14 7
1095 1160 22 3
1095 1165 19 9
1096 1097 46 7
1096 1098 14 5
1096 1100 23 6
1096 1101 10 8
1096 1115 17 7
1096 1160 37 4
1096 1180 37 5
1096 1187 14 6
1097 1098 20 8
1097 1102 11 4
1097 1103 21 3
1097 1104 46 4
1097 1105 47 8
1097 1106 35 8
1097 1120 25 3
1097 1121 9 3
1097 1145 10 4
1098 1107 12 1
1098 1108 34 3
1098 1109 10 4
1098 1110 38 10
1098 1111 2 10
1098 1112 22 8
1098 1113 21 9
1098 1114 46 3
1098 1115 2 4
1098 1147 10 2
1098 1166 4 6
1098 1180 32 9
1098 1187 4 10
1115 1116 38 4
1115 1117 22 1
1115 1118 15 2
1115 1119 4 8
1115 1124 45 4
1115 1146 20 2
1115 1147 10 8
1115 1160 17 6
1115 1165 15 2
1115 1167 26 8
1115 1180 8 9
1115 1185 14 4
1119 1170 4 7
1120 1121 33 7
1120 1122 28 2
1120 1123 3 6
1120 1124 13 4
1120 1125 36 4
1120 1126 20 4
1120 1127 36 7
1120 1160 24 2
1120 1180 37 3
1120 1187 36 4
1121 1122 14 1
1121 1123 16 5
1121 1124 7 2
1121 1128 11 7
1121 1129 2 7
1121 1130 22 1
1121 1147 29 4
1121 1165 47 9
1122 1123 15 6
1122 1124 41 2
1122 1131 3 4
1122 1132 17 10
1122 1133 44 3
1122 1134 19 10
1122 1135 36 3
1122 1165 14 5
1123 1124 30 4
1123 1136 47 4
1123 1137 24 3
1123 1138 46 8
1123 1139 26 9
1123 1140 44 2
1123 1141 15 4
1123 1142 34 6
1124 1143 36 8
1124 1144 50 7
1124 1145 32 5
1124 1160 11 10
1124 1180 26 8
1124 1186 6 5
1145 1146 30 1
1145 1147 10 5
1145 1148 17 6
1145 1149 23 6
1145 1150 4 5
1145 1151 23 1
1145 1152 32 5
1145 1160 19 10
1145 1186 4 6
1146 1147 25 10
1146 1153 42 5
1146 1154 20 9
1146 1155 45 1
1146 1156 8 9
1146 1157 48 9
1146 1160 36 9
1146 1167 11 4
1146 1180 50 7
1147 1158 36 9
1147 1159 47 5
1147 1165 31 3
1147 1186 5 9
1160 1161 38 8
1160 1162 21 7
1160 1163 19 4
1160 1164 3 4
1160 1166 17 9
1160 1167 32 7
1160 1180 34 3
1160 1186 4 3
1165 1166 31 5
1165 1167 25 2
1165 1168 16 3
1165 1169 25 8
1165 1170 12 10
1165 1171 29 6
1165 1172 14 4
1165 1173 8 5
1165 1174 11 4
1165 1180 25 9
1165 1186 1 6
1166 1167 1 7
1166 1175 35 4
1166 1176 4 10
1166 1177 15 6
1167 1178 39 7
1167 1179 40 3
1167 1180 2 3
1167 1185 41 7
1180 1181 19 1
1180 1182 3 7
1180 1183 41 2
1180 1184 50 7
1180 1186 3 3
1180 1187 10 1
1185 1186 13 7
1185 1187 19 8
1185 1188 37 9
1186 1187 42 5
1186 1189 36 7
1186 1190 31 10
1186 1191 14 3
1186 1192 29 9
1186 1193 41 7
1187 1194 45 7
1187 1195 6 5
1187 1196 32 4
1187 1197 36 10
1187 1198 13 9
1187 1199 42 8

0 552 16
1 85 27
2 43 11
3 806 18
4 682 33
5 224 18
6 1111 2
7 541 21
8 245 20
9 935 7
10 549 22
11 278 15
12 425 22
13 360 18
14 716 28
15 1084 25
16 144 67
17 57 11
18 690 19
19 429 15
20 368 15
21 847 56
22 861 20
23 1083 24
24 948 11
25 766 9
26 689 45
27 369 9
28 447 30
29 722 23
30 154 31
31 298 72
32 1183 20
33 448 24
34 473 38
35 882 23
36 539 44
37 107 16
38 555 7
39 887 38
40 95 19
41 112 17
42 478 42
43 500 5
44 163 22
45 1105 47
46 499 12
47 84 19
48 329 36
49 772 48
50 831 20
51 1188 43
52 735 25
53 942 14
54 623 37
55 949 21
56 477 7
57 978 12
58 1130 10
59 428 21
60 137 31
61 932 19
62 335 15
63 1003 56
64 1144 27
65 866 35
66 139 36
67 206 45
68 1071 22
69 748 20
70 717 16
71 1033 18
72 94 21
73 643 29
74 98 78
75 152 15
76 871 55
77 659 42
78 605 21
79 1112 58
80 220 17
81 1056 6
82 1158 20
83 1049 27
84 995 8
85 64 19
86 1092 40
87 182 24
88 873 27
89 117 39
90 523 33
91 975 24
92 318 26
93 709 11
94 290 3
95 763 12
96 390 53
97 29 43
98 931 42
99 737 35
100 905 1
101 13 44
102 729 28
103 1037 12
104 1195 37
105 704 32
106 900 17
107 222 13
108 1051 16
109 61 22
110 969 36
111 798 30
112 291 40
113 377 29
114 809 27
115 1053 27
116 958 2
117 1156 22
118 863 10
119 940 39
120 394 5
121 749 5
122 1004 21
123 976 16
124 795 19
125 515 12
126 56 16
127 403 29
128 788 21
129 736 19
130 58 55
131 945 10
132 696 12
133 1164 8
134 638 15
135 326 35
136 268 52
137 691 29
138 774 12
139 883 16
140 617 41
141 467 3
142 540 7
143 405 9
144 1016 17
145 538 14
146 349 15
147 462 11
148 423 5
149 140 3
150 235 22
151 779 22
152 401 21
153 536 29
154 839 38
155 1107 5
156 376 52
157 607 37
158 565 14
159 1014 66
160 88 20
161 896 33
162 1089 3
163 558 14
164 723 17
165 895 1
166 941 76
167 449 5
168 402 56
169 363 15
170 259 20
171 706 81
172 292 50
173 946 17
174 970 31
175 898 15
176 469 12
177 1140 22
178 113 45
179 683 12
180 301 20
181 456 1
182 872 11
183 514 2
184 1077 15
185 647 10
186 155 28
187 852 30
188 1181 9
189 762 14
190 724 25
191 680 22
192 9 5
193 251 41
194 520 21
195 45 12
196 1175 21
197 928 20
198 208 18
199 1042 34
200 169 8
201 104 22
202 26 16
203 636 20
204 1001 48
205 1178 10
206 162 30
207 1057 58
208 1128 7
209 348 27
210 487 25
211 484 33
212 79 30
213 135 11
214 270 17
215 36 47
216 938 9
217 198 5
218 234 24
219 115 10
220 78 10
221 357 17
222 126 26
223 875 26
224 725 23
225 556 1
226 430 7
227 1157 30
228 5 14
229 1068 18
230 497 9
231 228 1
232 1032 92
233 296 10
234 1087 22
235 705 14
236 1018 19
237 498 18
238 807 16
239 432 23
240 796 41
241 195 5
242 347 39
243 1011 50
244 906 51
245 365 1
246 1173 5
247 862 22
248 1168 7
249 380 34
250 1086 36
251 517 23
252 439 24
253 1142 21
254 295 28
255 752 24
256 366 13
257 865 9
258 960 1
259 679 71
260 1076 47
261 288 12
262 867 19
263 63 30
264 608 28
265 438 14
266 930 15
267 87 4
268 11 26
269 533 4
270 697 41
271 739 2
272 869 15
273 441 59
274 530 20
275 637 23
276 926 18
277 1106 27
278 175 73
279 166 11
280 590 20
281 378 21
282 624 2
283 303 14
284 574 34
285 632 16
286 658 17
287 1194 30
288 1039 17
289 835 33
290 232 13
291 715 62
292 262 6
293 1113 6
294 47 11
295 667 43
296 664 36
297 1080 13
298 989 41
299 1159 32
300 483 9
301 293 10
302 421 15
303 845 5
304 519 33
305 419 23
306 1030 5
307 622 30
308 345 29
309 177 21
310 309 16
311 1133 13
312 966 25
313 899 6
314 1005 43
315 907 22
316 853 42
317 302 16
318 695 12
319 888 7
320 699 29
321 768 21
322 417 10
323 1027 18
324 848 27
325 1184 24
326 957 41
327 990 35
328 214 36
329 542 14
330 375 25
331 823 15
332 470 33
333 513 11
334 962 15
335 238 60
336 802 30
337 80 3
338 1161 15
339 34 2
340 210 22
341 1199 16
342 787 8
343 229 6
344 851 16
345 306 18
346 708 56
347 666 26
348 828 8
349 1189 36
350 1102 9
351 912 16
352 974 28
353 663 8
354 840 18
355 1043 15
356 194 12
357 1007 43
358 142 9
359 615 23
360 338 34
361 761 4
362 129 40
363 837 2
364 331 32
365 575 93
366 239 11
367 90 15
368 1182 19
369 1155 17
370 433 3
371 668 11
372 358 6
373 822 9
374 330 9
375 316 12
376 304 8
377 35 62
378 790 6
379 1070 29
380 573 67
381 332 20
382 510 28
383 1054 6
384 33 2
385 870 5
386 572 9
387 200 40
388 841 11
389 81 14
390 8 10
391 18 10
392 315 40
393 842 20
394 592 8
395 100 22
396 416 61
397 392 21
398 319 3
399 557 8
400 642 13
401 39 34
402 594 10
403 501 4
404 247 10
405 1117 11
406 181 13
407 1040 16
408 902 19
409 92 38
410 1093 35
411 821 22
412 108 32
413 738 14
414 458 23
415 1125 17
416 399 14
417 96 21
418 1119 25
419 618 52
420 570 76
421 568 32
422 719 55
423 261 15
424 909 14
425 184 13
426 535 32
427 1152 12
428 988 12
429 165 47
430 644 17
431 1170 7
432 271 23
433 236 35
434 455 9
435 860 15
436 791 15
437 133 38
438 1026 6
439 678 27
440 577 10
441 277 32
442 616 29
443 1137 56
444 489 4
445 42 18
446 252 45
447 744 20
448 1153 18
449 531 47
450 694 20
451 91 13
452 1078 21
453 193 61
454 103 13
455 897 16
456 908 20
457 409 31
458 371 37
459 1028 9
460 922 47
461 128 38
462 400 29
463 904 13
464 1067 21
465 207 4
466 646 5
467 286 11
468 633 42
469 334 11
470 48 29
471 805 10
472 17 48
473 1169 25
474 1148 5
475 1135 34
476 1085 59
477 343 4
478 751 29
479 176 18

1 900000
