709

275 60 130
275 276 137 38
274 5 112
274 277 276 137 15
5 121 2 15
5 215 183 34
5 78 49 39 225 3
5 78 543 544 205 18
5 7 792 235 5
5 6 14 630 217 8
5 6 297 80 23
5 65 67 248 17
5 401 183 184 44 11
5 401 405 799 289 2
5 401 405 799 798 95 1
5 3 1 23 46 10
9 197 135
9 573 281 25
9 754 215 44
9 10 8 61 2
282 306 81
282 41 120 21
282 281 285 1
280 122 103
280 335 334 203 4
280 226 412 410 175 16
287 186 73
287 310 574 575 303 22
287 310 754 215 16
287 310 322 200 3
287 310 322 323 286 2
552 291 185
552 513 500 342 798 95 1
552 513 500 501 559 52 7
552 132 134 233 12
552 81 309 263 9
552 555 342 798 95 8
552 555 342 695 308 4
15 240 114
15 546 189 12
15 337 15 22
15 14 630 217 10
284 224 68
284 285 117 36
19 32 188
19 20 392 23 18
19 20 18 483 11 17
19 18 483 11 2
256 351 116
256 160 313 23
256 255 119 51 77 1
21 180 77
21 297 80 5
563 8 90
563 567 96 48
563 566 567 96 9
563 566 564 104 22
263 160 77
263 264 127 22
562 282 70
562 594 41 120 4
562 505 559 52 13
26 124 103
26 338 337 15 11
26 722 745 184 10
26 28 331 11
26 27 54 34
26 27 25 244 10
26 25 244 5
265 287 127
265 719 24 22
265 266 107 13
572 94 72
572 52 757 78 13
572 52 51 77 1
572 700 265 18
572 573 281 15
31 128 132
569 352 107
569 751 499 300 4
569 751 664 354 353 355 336 6
569 751 723 579 16 31 5
569 4 481 138 46
569 4 53 10 2
569 570 310 22
569 568 97 46
30 115 91
269 309 81
269 217 219 111 1
269 151 368 84 27
269 151 368 174 6 1
269 151 573 281 3
269 151 169 143 1
269 271 135 18
269 270 274 12
269 270 614 213 10
34 114 116
34 187 57 8
34 29 705 86 1
35 194 123
35 190 354 3
35 445 446 42 2
35 85 393 392 23 4
35 85 143 206 12
307 158 63
307 159 406 387 106 19
307 305 36 25
33 283 175
33 29 705 86 11
306 346 167
306 175 176 14 10
306 507 505 559 52 13
306 507 500 501 559 52 3
306 507 81 309 263 4
306 305 36 19
519 35 129
519 521 241 29
519 520 521 241 15
38 342 57
38 129 249 37
38 350 695 308 12
38 350 788 89 5
38 39 225 45
38 37 198 3
514 168 91
514 799 289 30
784 355 111
784 25 244 11
784 80 86 194 68 3
784 80 81 309 263 1
784 783 446 42 1
784 782 387 106 9
784 782 785 783 446 42 4
42 787 123 124 156 23
42 787 581 583 63 8
42 787 581 583 719 24 1
42 787 156 219 111 6
42 675 142 4
42 472 109 49
42 723 579 16 31 10
42 723 579 578 229 15
42 723 516 218 11
42 723 749 22 10
42 41 120 9
40 116 70
40 531 767 278 24
797 319 81
797 231 119 36
797 591 617 120 192 30
797 795 220 35
797 792 235 29
797 791 242 1
796 273 118
796 24 28 331 17
796 24 25 244 4
796 753 755 752 7 19
796 795 220 1
796 793 715 716 222 3
796 792 235 19
796 791 242 12
317 391 790 323 2
317 395 210 165 23
317 316 353 355 336 1
317 316 389 76 5
317 314 372 25 14
317 313 246 328 16
317 313 316 389 76 8
317 313 311 483 11 1
317 313 311 332 130 4
317 2 695 308 2
317 2 36 181 25
794 196 75
794 795 220 10
794 795 791 242 9
794 792 235 16
44 18 132
44 188 296 2
44 565 174 21
44 3 96 167 348 7
44 3 50 344 25
288 264 69
288 472 109 2
535 173 84
535 107 81 309 263 12
291 209 139
291 767 278 12
291 294 612 162 5
773 182 141
773 597 100 13
773 772 332 27
773 771 772 332 24
773 771 772 50 344 9
534 45 97
529 103 128
529 629 672 675 142 2
529 629 630 217 16
529 463 462 48 21
529 18 483 11 21
529 0 10 8 61 4
529 0 12 228 10
529 0 318 321 322 200 6
529 0 663 191 34 11
54 211 56
768 251 45
768 90 754 215 4
59 280 130
59 150 754 215 9
59 150 157 87 29
59 55 567 96 2
296 21 108
296 187 57 14
296 595 445 446 42 13
296 595 375 65 17
296 590 597 100 8
296 295 664 354 353 355 336 9
296 227 285 117 4
56 258 118
56 200 177 20
56 200 464 149 3
56 55 567 96 22
56 4 53 10 26
299 268 85
299 543 143 206 1
299 543 544 205 1
299 503 614 213 15
299 503 532 530 272 15
299 301 254 25
299 298 357 30
299 228 99 288 22
779 166 99
779 174 6 1
61 187 91
61 687 312 17
776 318 82
776 117 358 29
776 86 194 68 6
611 255 118
611 425 426 767 278 22
611 141 142 143 206 1
611 614 213 3
611 613 108 1
611 612 162 7
70 71 142
70 170 247 28
70 749 22 8
70 470 73 36
340 134 76
340 338 337 15 5
340 337 15 9
340 336 337 15 23
609 256 120
609 608 607 613 108 20
609 607 613 108 4
609 606 74 30
64 151 99
64 62 184 44 25
615 153 102
619 98 76
619 620 279 32
619 618 317 19
349 13 135
349 119 51 77 5
349 528 27 34
349 122 88 18
74 347 63
74 206 207 205 51 14
74 206 205 51 16
345 266 113
345 646 647 199 15
345 344 467 102 4
326 190 62
326 745 184 34
627 299 99
627 37 198 39
627 209 211 243 5
627 625 356 16
327 292 58
626 290 202
626 43 540 195 16
626 331 392 23 23
626 298 357 4
626 622 621 159 27
626 624 705 86 20
87 359 137
87 673 77 210 27
87 91 250 12
87 89 91 250 6
324 185 133
324 752 7 41
320 167 153
320 332 130 33
320 506 273 271 135 2
320 506 273 270 274 21
320 506 505 559 52 18
320 506 502 528 27 1
82 134 233 12
82 209 211 243 12
82 209 210 165 20
82 209 208 79 5
82 767 278 1
82 85 393 179 23
82 85 393 392 23 4
82 84 129 249 8
82 115 117 358 6
82 115 116 38 30
82 81 309 263 16
82 81 597 100 18
635 201 89
635 689 691 85 10
635 636 284 41
635 634 521 241 18
95 311 63
95 663 191 34 7
633 315 117
633 636 284 2
633 634 521 241 17
633 634 83 120 192 8
633 634 636 284 3
333 43 56
333 631 53 10 4
333 332 130 16
333 331 392 23 6
330 161 101
330 756 757 78 10
330 409 499 300 7
88 26 93
88 91 250 13
637 176 175
637 170 247 5
637 488 0 13
637 151 368 84 12
637 639 56 47
102 19 90
102 101 171 48
576 69 68
576 51 77 9
576 499 300 30
576 161 160 313 32
576 575 303 5
103 232 128
103 742 744 3 1
577 221 92
100 4 81
100 632 205 51 2
100 101 171 2
100 99 288 12
374 101 99
374 368 84 23
374 373 705 86 28
369 105 59
580 230 53
580 246 328 11
580 250 33 3
580 579 16 31 7
580 578 229 33
582 157 213
582 798 95 18
582 385 387 106 2
582 290 743 744 3 24
582 663 444 17 3
582 663 191 34 10
582 583 63 36
371 141 103
371 497 309 263 5
371 497 499 300 4
371 441 338 26
371 368 84 4
97 164 63
97 612 162 31
97 98 314 44
97 98 81 309 263 3
381 123 9
586 270 68
586 389 76 4
109 350 75
109 487 483 11 1
588 118 138
588 589 366 169 38
376 207 73
376 483 11 8
376 377 783 446 42 11
376 375 65 24
105 62 167
105 154 188 296 27
352 307 39
352 240 242 294 34
352 384 226 9
352 547 546 189 6
114 82 61
114 117 358 14
596 355 336 4
596 677 71 72 316 4
596 677 120 192 6
596 122 88 30
596 134 233 30
596 665 207 277 5
596 665 462 48 13
596 592 593 8 61 10
596 592 593 690 176 14 7
596 153 154 444 17 4
596 153 154 188 296 10
113 333 125
598 324 216
127 204 68
127 183 184 44 6
601 16 115
600 304 133
603 208 137
603 602 1 705 86 2
603 602 1 23 46 6
604 276 65
604 605 259 7
686 172 65
686 687 312 17
139 37 105
139 110 81 309 263 1
685 112 129
685 712 713 630 217 5
685 712 711 444 17 10
685 96 546 189 7
685 96 167 348 35
685 403 625 356 24
685 684 169 143 5
685 684 687 312 26
408 236 235 75 1
408 236 234 235 75 8
408 190 354 32
408 76 780 725 198 81 3
408 488 0 18
408 488 489 238 3
408 496 66 36
408 405 679 29 30
408 405 799 289 16
408 403 625 356 5
408 400 206 207 277 7
408 400 406 387 106 12
678 188 69
678 595 445 446 42 30
678 679 29 39
133 99 109
133 131 496 66 6
133 131 134 233 22
674 340 88
674 675 142 12
702 219 60
702 791 242 12
702 359 125 126 124 156 12
702 359 125 124 156 1
702 83 573 281 4
702 83 120 192 19
702 704 148 18
703 227 112
701 349 60
701 171 169 143 2
701 704 148 28
701 662 693 267 8
701 662 700 265 4
397 132 73
397 318 321 322 200 12
397 318 310 574 575 303 1
694 47 118
694 398 337 15 11
694 697 696 357 133 19
694 697 695 308 6
694 696 357 133 12
145 214 130
145 720 171 169 143 2
145 720 728 30 27
145 146 234 24
145 144 64 39
386 163 38
386 412 410 175 1
386 387 106 19
386 384 226 11
386 316 174 6 5
386 316 353 355 336 8
692 170 83
692 207 277 33
692 691 85 46
692 689 399 194 68 5
692 689 693 267 22
692 689 691 85 23
440 245 100
440 441 338 44
440 438 442 439 53 5
440 438 439 53 38
168 212 88
168 137 136 260 14
168 167 348 24
168 151 169 143 3
173 152 86
173 581 583 63 7
173 174 6 21
173 172 202 13
173 152 176 14 5
651 237 43
651 652 648 261 2
651 648 261 15
163 334 161
163 790 323 1
163 520 521 241 2
163 166 9 6
163 164 49 22
644 223 108
644 647 199 11
644 646 647 199 9
433 246 61
433 432 25 244 10
437 59 110
437 261 20 21
437 156 209 211 243 3
437 156 219 111 28
437 442 439 53 20
165 40 101
165 166 9 43
165 164 49 12
642 239 59
642 649 648 261 9
642 310 574 575 303 16
668 337 173
668 115 117 358 2
669 326 55
669 667 41 33
424 339 71
429 121 75
429 391 790 323 27
429 430 147 6
428 150 119
428 430 147 33
417 301 73
417 194 68 34
417 418 314 372 25 12
179 297 160
179 16 31 46
179 101 171 3
179 311 332 130 6
179 311 334 203 1
179 178 120 192 16
416 253 68
416 172 202 3
419 83 87
419 550 188 296 9
419 423 502 528 27 6
177 271 103
177 774 191 46
177 774 387 106 3
177 350 695 308 26
177 366 169 12
177 176 14 2
182 329 70
180 126 85
180 501 559 52 5
659 146 73
659 657 72 316 12
422 93 42
422 27 54 1
422 410 175 4
747 67 127
747 283 517 516 218 8
747 151 368 84 2
747 749 22 50
747 748 90 14
746 55 30
746 749 22 9
746 748 90 10
476 341 46
476 479 72 27
750 193 89
750 790 323 14
750 223 77 210 16
750 223 264 127 8
750 86 719 24 3
750 86 144 64 3
750 86 148 136 22
475 293 76
475 727 790 323 8
475 727 791 242 12
475 727 798 95 30
475 663 191 34 17
475 474 473 393 179 2
475 473 393 179 16
475 473 297 80 1
203 50 46
203 10 8 61 30
203 204 28 21
202 330 36
202 200 177 13
196 295 56
196 198 81 31
196 155 540 195 13
196 155 294 612 162 10
471 113 117
471 470 73 1
471 469 467 102 5
471 467 102 28
199 91 70
199 298 357 1
199 298 301 254 14
199 58 720 384 226 13
199 58 720 171 169 143 19
199 198 81 3
199 197 325 15
466 139 81
466 757 78 30
466 610 606 74 8
466 443 444 17 9
466 264 127 13
466 465 161 160 313 5
466 464 149 27
195 92 122
195 194 68 20
762 140 109
762 726 660 675 142 32
762 726 660 679 29 7
762 726 156 209 211 243 2
763 131 82
763 516 218 41
763 767 278 22
763 766 767 278 5
760 252 72
760 761 125 34
216 302 36
216 210 165 9
216 390 343 4
216 581 789 116 38 12
216 214 39 37
458 178 111
458 680 262 28
458 457 269 29
454 353 75
454 673 77 210 7
454 410 175 15
454 135 84 210 165 8
454 135 84 129 249 10
454 170 247 1
454 404 462 48 15
759 70 122
759 523 745 184 7
759 473 393 179 2
759 555 342 798 95 4
759 761 125 13
449 58 78
449 450 322 36
448 154 172
448 450 322 45
237 145 105
237 220 258 260 749 22 8
237 220 238 12 6
511 155 96
717 110 56
717 719 24 20
718 321 37
230 327 111
230 660 679 29 7
230 660 680 262 20
230 231 119 21
230 231 41 120 7
229 275 98
229 60 413 410 175 4
229 231 41 120 8
709 298 88
709 708 543 143 206 16
709 708 363 134 233 13
729 236 48
729 212 211 243 20
729 212 208 79 30
729 318 321 323 286 4
729 318 321 322 200 3
729 733 731 231 1
729 731 231 30
729 730 430 147 8
495 320 73
495 496 66 17
253 335 110
253 322 323 286 12
253 665 462 48 4
732 257 75
732 387 106 6
732 731 231 13
251 144 129
251 343 312 539 537 216 10
251 250 33 27
251 247 250 33 3
734 305 72
734 736 1 34
734 735 472 109 4
721 565 174 22
721 243 544 205 6
721 727 788 89 36
721 727 790 323 14
721 725 198 81 6
721 722 321 322 200 25
721 722 745 184 15
721 736 1 28
721 504 630 217 13
721 504 539 537 216 15
721 504 543 143 206 1
721 504 724 754 215 3
721 504 502 528 27 6
244 129 121
244 28 331 11
244 780 725 198 81 7
244 780 725 297 80 2
244 245 246 328 4
244 245 246 639 56 8
244 245 243 544 205 2
244 243 544 205 13
480 345 59
480 37 198 8
